198855331449798656
198855332041211904
198855329965015041
198855333387571200
198855335782522880
198855335040135168
198855336160002048
198855335967076353
198855336390692864
198855338034872320
198855339842609152
198855339842613248
198855344749944832
198855344733171713
198855345437818880
198855347933429760
198855348386398209
198855348763893761
198855352639434752
198855353310523392
198855348705173504
198855354753359872
198855356208783360
198855358289166337
198855364987465728
198855365306224640
198855366300274688
198855367957020672
198855369211133952
198855369164984320
198855370180014080
198855371622858752
198855371736104960
198855371882905600
198855372205867008
198855372671418368
198855372998578178
198855373069893632
198855374579830784
198855375267704832
198855377448738817
198855379801743361
198855379596222465
198855382838423552
198855382989422592
198855385736691712
198855387288584192
198855389222158336
198855393777160192
198855399628210176
198855401364656130
198855402547445760
198855402086088704
198855404514578433
198855403369541632
198855405424742400
198855406985023489
198855407324758016
198855409770049539
198855412668301312
198855412710248448
198855413641379840
198855413469421568
198855415923097600
198855416757755905
198855417743409152
198855419224010753
198855420843008000
198855421136613376
198855424223617025
198855426127826944
198855428531175424
198855430116618240
198855431307796480
198855433161678849
198855433887301633
198855433467858944
198855435095244800
198855436450004992
198855436332580865
198855438261956608
198855438970798080
198855439176310784
198855439264391168
198855439662841856
198855444201091072
198855445958508546
198855446449233920
198855446726062080
198855448936464385
198855450488348672
198855451864072192
198855453348864000
198855454531649536
198855455274041344
198855455441817600
198855456297467904
198855457895497729
198855459015372800
198855459736793088
198855460235919360
198855460856672256
198855461645205504
198855467013906432
198855467320098817
198855471577305088
198855473817067520
198855474949533696
198855478246248451
198855477260595200
198855480712507392
198855483367501825
198855483405254656
198855484655144960
198855486412566528
198855487964463104
198855488136421378
198855488123846656
198855489872867330
198855491936460801
198855491919675392
198855493299609601
198855493500944384
198855495883309057
198855497120616448
198855497238052864
198855501184892928
198855502149599232
198855502149595136
198855504741679108
198855504821362688
198855505408561153
198855508982112256
198855509753856001
198855509409939456
198855510932455424
198855511448358912
198855512618569728
198855516481531904
198855516166950912
198855518876483584
198855521720205312
198855519551750146
198855523922231296
198855524215832578
198855524765282304
198855525549621248
198855530297565184
198855531094487040
198855533573308416
198855533556539393
198855534626091008
198855534592528384
198855536626765824
198855538610667520
198855538623254528
198855539873153024
198855543119560704
198855544528830464
198855544113610754
198855544872771584
198855550031773698
198855550711246848
198855551222956032
198855553924083712
198855557321465856
198855557204029441
198855559011770368
198855559892566017
198855558089031680
198855559867412480
198855561725480960
198855562010701824
198855562220412928
198855562895699969
198855564661506048
198855564997038081
198855566402138112
198855566607659009
198855567396175872
198855568121806848
198855567761096706
198855570474807296
198855572005728256
198855574677499904
198855574438412288
198855574253867008
198855575730270208
198855575491186688
198855576573325312
198855577923883008
198855576002895872
198855578741772288
198855581669396480
