198814059376803841
198814059527815169
198814059926274048
198814060454756353
198814059452301313
198814060526055424
198814059745914881
198814060303745025
198814060165332993
198814060949671936
198814061075505154
198814061482344448
198814061272629249
198814063231369216
198814063202013184
198814064321892354
198814065236246528
198814065445974016
198814065852825601
198814066330976256
198814064766484480
198814065588580352
198814066712653825
198814065945096193
198814065030729728
198814067685728258
198814066330963968
198814064678404096
198814067979337728
198814068100960256
198814068214202370
198814068193243136
198814067765424128
198814067958353920
198814068218404864
198814069602525184
198814069573165057
198814069388619776
198814070592385025
198814071343161344
198814071481577472
198814071900999680
198814072072966144
198814072270094337
198814073016688640
198814072798593025
198814072798588929
198814072538542080
198814073725517825
198814074581168129
198814074614714368
198814075113844736
198814075571015682
198814075159969792
198814075558436864
198814075742978049
198814075730399233
198814075969482752
198814076187574274
198814076154023936
198814075805904896
198814076762210306
198814077190017024
198814077089357824
198814076862857217
198814077521375233
198814077479419904
198814077173239809
198814078104371201
198814078574149632
198814077273903106
198814079438159872
198814079522050048
198814079832436738
198814080667107328
198814080608374786
198814077932408834
198814080532881408
198814081036197888
198814080478363649
198814081505959936
198814081417871362
198814082030243840
198814081174601729
198814081992507394
198814083246592001
198814082697142273
198814083364040704
198814083921879041
198814084391632896
198814083984801795
198814084773330944
198814084936892416
198814084962070528
198814085079498753
198814085037559808
198814085989670912
198814086031605760
198814085918359552
198814086207770624
198814086555893760
198814086769807361
198814086941769728
198814087558332417
198814088242020353
198814088179101698
198814088393015296
198814088057470977
198814088116178944
198814089131212800
198814089089253379
198814089475145729
198814089810677761
198814089852624897
198814089642913792
198814089919733761
198814090871832577
198814091358371840
198814090985086976
198814091605852161
198814091874275328
198814092809613313
198814092889296896
198814093052887043
198814093057064962
198814093078040577
198814092918665216
198814093589741568
198814093887537152
198814093564588032
198814094025965568
198814094562828289
198814095326183424
198814096056000513
198814096072777728
198814097054253057
198814097180065792
198814097087803392
198814097758887938
198814097729523712
198814097477877761
198814097750503425
198814098346094592
198814099071713282
198814099226886144
198814099503718400
198814099763765252
198814099889590272
198814100963344385
198814101089169408
198814101877690368
198814101026246659
198814102318104576
198814102427148288
198814103119200256
198814103513464833
198814103567994880
198814103941296131
198814105132474371
198814105346379776
198814105413488640
198814105581264897
198814105589645312
198814105656754177
198814106013286401
198814105941983233
198814106868908032
198814107015720961
198814107594534912
198814107816824833
198814108676665344
198814108676669441
198814109028986880
198814107409973248
198814109704257536
198814109628768256
198814109804933121
198814110002057216
198814110782193664
198814110434078720
198814110945771520
198814111348441088
198814112019521536
198814111168081923
198814111944019968
198814112459915264
198814112485089281
198814112547995649
198814113596579841
198814113839857664
198814113844035584
198814114661937152
198814114527707137
198814114947153920
198814114292826113
198814115320442881
198814115534356482
198814115781808128
198814116012494849
198814116058636288
198814115890872320
198814116301910019
198814115731476480
198814118185140224
198814119728656386
198814120806584320
198814120928219137
198814120546549760
198814121301516289
198814118524878848
198814121389596672
198814121846775808
198814123205726208
198814123889405953
198814123935539201
198814123935539200
198814124623405056
198814124799574016
198814124635996160
198814125403553794
198814125164466176
198814124820529152
198814126204661760
198814126280155137
198814126615695361
198814127920123904
198814127748165632
198814128121454592
198814129249718272
198814130315075584
198814130113740800
198814131393015810
198814132131201024
198814132298985474
198814132085067776
198814132789723139
198814125411942402
198814133620191232
198814133725040641
198814134383554560
198814134240940032
198814134614245376
198814135063023616
198814135306301440
198814135490854912
198814135423737857
198814135893499904
198814135549566977
198814136405196800
198814137063706624
198814134463238144
198814138196172802
198814138460405760
198814138598834176
198814138141655041
198814132970078208
198814138724646912
198814139106336768
198814138905010176
198814138846281728
198814139714506752
198814139479621632
198814140733718529
198814141576785920
198814141434167297
198814141652275200
198814141367070722
198814142314983424
198814142591803393
198814142696669186
198814142868635648
198814143225147392
198814143338397696
198814143560683520
198814142658916353
198814142457589760
198814144537956352
198814144454074369
198814144231776259
198814145087414274
198814144844152832
198814143971725314
198814146186313728
198814145976606720
198814147192950787
198814146798694400
198814147381694464
198814147805331456
198814147104882688
198814148103118849
198814147981475840
198814147780161536
198814149164285954
198814149722116097
198814148761616385
198814150359658496
198814150531612672
198814150804250626
198814150779080705
198814151211094017
198814151701823488
198814151206907906
198814144949002240
198814151877992450
198814152582643712
198814152557477888
198814152972709888
198814153073364992
198814152779759616
198814153111126018
198814153106927616
198814154012884992
198814154117742594
198814154314878977
198814154423926784
198814155078246400
198814155355066368
198814155573182464
198814155757715457
198814156118433792
198814157297041409
198814158358192128
198814158538555392
198814158584692736
198814157993291776
198814159213830146
198814159473876992
198814160149155841
198814160295960576
198814160740556800
198814156554633217
198814160551821312
198814161277419520
198814160270802945
198814161038360577
198814162057576449
198814162074345472
198814162502172672
198814162623799301
198814163504603137
198814163924037632
198814162653163520
198814164490256384
198814163726909440
198814164968423424
198814164116967424
198814165282992129
198814166054731777
198814166826491904
198814167325605888
198814166969090049
198814166981677056
198814168273530880
198814169221443584
198814169552781312
198814169510846467
198814170320347136
198814168185442304
198814169380827136
198814170739769344
198814171280838658
198814171826098177
198814172056780801
198814173143105538
198814173143105539
198814173751287808
198814173772267520
198814173881319424
198814174032302080
198814174153949184
198814174229442560
198814173440909314
198814174242021377
198814174372036608
198814175210913794
198814175454167040
198814175869415425
198814176028794880
198814176888631296
198814176758595585
198814177089953792
198814175131213824
198814178788638720
198814179308744705
198814179992420352
198814180411838464
198814180957093888
198814181607215105
198814182169251841
198814182794203136
198814182647414784
198814183490461696
198814183888928768
198814186531332096
198814186636193792
198814187663785984
198814188137750530
198814187793817601
198814187886100481
198814188217442305
198814189106642945
198814189022748672
198814189593178112
198814189064695810
198814187286310912
198814189849030657
198814190541094913
198814191296065539
198814191195389954
198814192843763713
198814192617271297
198814193212854273
198814194064297986
198814194127208448
198814194940919808
198814195347750912
198814195322589184
198814195834294272
198814195519717376
198814195679117312
198814196266315778
198814195943346177
198814196396331008
198814196169850881
198814197180678144
198814197428129793
198814197675593729
198814198019534849
198814196840923136
198814197071613954
198814198816456704
198814198023733249
198814199328161794
198814199244267520
198814200192172032
198814200880041985
198814201249136640
198814201496604672
198814201874104321
198814202633265154
198814202817822721
198814203144978434
198814202662629378
198814203677646850
198814204277432322
198814204612972544
198814205049184256
198814204956905472
198814204713644035
198814206034849792
198814206273912835
198814206496210944
198814206546546688
198814207402192896
198814207490260993
198814207486078976
198814207595126785
198814207699992576
198814207821611008
198814208522076162
198814208605954049
198814208933117953
198814209218318336
198814209931350020
198814207108595712
198814210203987970
198814210468220929
198814210577281024
198814210560499712
198814211139305473
198814211411951616
198814212028497921
198814212439556098
198814212649267200
198814212418580481
198814212812849154
198814212892524544
198814213139988480
198814212720574464
198814213311967232
198814213232263169
198814213525876737
198814213504901120
198814213945303040
198814214188568576
198814215056797696
198814214964518912
198814215480422400
198814214951944194
198814215786610690
198814216373809152
198814216101171200
198814216705159169
198814217455935489
198814215581077504
198814218508705793
198814218663895043
198814219112693760
198814220157063169
198814219938955265
198814220823969792
198814220924620801
198814220698128384
198814220815581185
198814221532807168
198814221444710400
198814221704765441
198814221323091968
198814220144480256
198814222312943617
198814222619131904
198814223252455424
198814222732378113
198814223327956992
198814223474769920
198814223227301888
198814223923560448
198814223655116802
198814224024207363
198814224896622592
198814225118937089
198814225265729536
198814225437700097
198814225651613696
198814225311875073
198814226159108096
198814226041675778
198814226280742914
198814226591133697
198814226704384001
198814228042366976
198814228226916353
198814227656486912
198814228763787264
198814229078351872
198814229292261376
198814229413888000
198814229606825984
198814229858500608
198814226440138753
198814230386982914
198814230340829186
198814230282108928
198814229992710144
198814229522956289
198814230022074368
198814230256959488
198814226368839681
198814231271968768
198814231439749120
198814231393599488
198814231460712449
198814230651219968
198814231750131712
198814231460716544
198814231729156096
198814231729143808
198814232849031168
198814232916144129
198814232937119745
198814232773529600
198814233994076160
198814232672862208
198814234052792320
198814234946187264
198814235566931968
198814235680190464
198814235072004096
198814231573958657
198814237009784832
198814236565192704
198814237064310784
198814235965399040
198814237945114624
198814239857713153
198814240272949248
198814240390393856
198814240071622657
198814239538941953
198814241027919873
198814240952430592
198814241472528384
198814241988411394
198814241195692033
198814242273640448
198814241753546753
198814242563035136
198814242336546816
198814242416246784
198814242961498112
198814244270125056
198814243913605121
198814244723109889
198814243917791234
198814244815384577
198814245872340993
198814245796855808
198814246425989120
198814246904147968
198814246937690114
198814247017385985
198814247822688257
198814247793332225
198814248107905024
198814248195997697
198814248384733184
198814248166633472
198814248330207232
198814248317624320
198814248607027202
198814249374580737
198814249521381377
198814249454272512
198814249152290816
198814250318303234
198814251501109250
198814252008603648
198814252545474560
198814252696485889
198814252801331201
198814253602447360
198814253552107520
198814254479048706
198814254093185025
198814255313715200
198814255515049985
198814255829614593
198814255980617730
198814256198713345
198814256123232256
198814256366497793
198814256613949440
198814257020805120
198814257696096256
198814257788362752
198814258568507392
198814258597867522
198814258769838080
198814258149068800
198814258740473856
198814259436732416
198814259570941952
198814259919077376
198814260296556546
198814260523044866
198814260711788544
198814260627910659
198814260086841347
198814260929888256
198814261013778433
198814260984430592
198814261131214848
198814261634547714
198814261127028736
198814262423060481
198814261919756288
198814262636978176
198814262485983232
198814262905405440
198814262892830720
198814263228370944
198814263794614273
198814263953997825
198814264092405761
198814264302120960
198814264302108674
198814264625074176
198814264826400769
198814264583135234
198814265094832129
198814265099026432
198814265128386561
198814265593962498
198814265472327681
198814265367461889
198814265656877056
198814266055340033
198814267225546754
198814267376541698
198814267670138880
198814267154247682
198814268244770816
198814268244766721
198814267808555008
198814268794208257
198814268861321216
198814268882292736
198814268831969282
198814269716959233
198814268680974337
198814269888937984
198814270488707073
198814270601957376
198814270283198465
198814270711021568
198814270866198531
198814271499546624
198814268714516481
198814271881232384
198814271902195712
198814272443269120
198814272959168513
198814272443260928
198814272824950784
198814273298903040
198814273277923329
198814273969987586
198814273953214465
198814274200678400
198814274309734401
198814275085676544
198814274779480064
198814274792062979
198814275396055041
198814275698040835
198814275622551553
198814275815477248
198814275035340802
198814275622551552
198814276071325696
198814276490772483
198814276859867138
198814277296074753
198814277262524418
198814277505789952
198814277119913984
198814277304459264
198814277694525442
198814278197837826
198814278390792195
198814277967163392
198814278772457473
198814277212180482
198814279510659072
198814279560994816
198814280395653120
198814279984627712
198814280508899328
198814280328552450
198814280890589184
198814280961888256
198814281322610690
198814281469399041
198814281398104064
198814281628790784
198814281469407232
198814282270511104
198814282287296513
198814282346016768
198814282509582338
198814283004526592
198814283092598784
198814283067437058
198814282778017793
198814282786418688
198814283776274433
198814284472516610
198814285131030528
198814284921307136
198814285407846400
198814285999259649
198814286418690048
198814286368342016
198814287005884417
198814287123316737
198814287228178434
198814286485786624
198814287467257856
198814288025104384
198814288088018945
198814288247406592
198814288012521472
198814288205455361
198814288754900994
198814288645853185
198814290352930817
198814290436825088
198814290562650112
198814290612981760
198814291149852672
198814291976130560
198814291569278978
198814292341039104
198814292164878336
198814292672393217
198814293045678080
198814292970188800
198814292378796032
198814293209255936
198814292789829632
198814293003730944
198814293431562242
198814291950968832
198814293590937600
198814293339283456
198814293762912257
198814293486092289
198814293955837952
198814294337536000
198814294480125952
198814294836654081
198814295067328514
198814295239311360
198814295428038656
198814295105089536
198814295671316480
198814295696486400
198814296107532288
198814295738421248
198814296224972800
198814296623419395
198814296468226048
198814297231593475
198814297328058369
198814297541967872
198814298280165376
198814298045284352
198814298565390336
198814298850598913
198814298284376064
198814298775105538
198814299542654977
198814299295203328
198814299949506561
198814299605569537
198814300209553409
198814299743993856
198814297571336192
198814300465410048
198814300863856640
198814300486381569
198814301736280065
198814301434281984
198814302067634176
198814301174239232
198814302247976960
198814298544406528
198814302961016832
198814302398980096
198814304122843136
198814304047345665
198814304148000769
198814304605184000
198814305171406848
198814306031255552
198814305385324544
198814306270326786
198814306438090752
198814306589097984
198814306668773376
198814306530373632
198814306769448960
198814307511844866
198814306744283136
198814307973201920
198814308254224385
198814309189562368
198814309411848192
198814309369917441
198814309298610176
198814309256667137
198814309390884864
