198807767195189249
198807767111311360
198807767513972736
198807767769812993
198807768377982976
198807768369606656
198807768382177280
198807768491229184
198807768071811072
198807768105365506
198807769233625088
198807769325903872
198807769271373824
198807769808248832
198807769695002624
198807770122821632
198807770244460545
198807770118627330
198807770395455490
198807770412236802
198807770546446336
198807770785521665
198807770957496321
198807770873602050
198807770940715008
198807771418865665
198807771456618496
198807771498557442
198807771049762816
198807771951546368
198807772249325568
198807772341600256
198807772601663488
198807772106723328
198807772358393856
198807772685533184
198807772475830273
198807773021085696
198807773385990144
198807773646028801
198807773885112323
198807773646032896
198807774174527489
198807773239185409
198807772559708160
198807773356621824
198807772496793600
198807772295475200
198807772467441665
198807774933696513
198807774237433856
198807774929489920
198807775038541824
198807774564581377
198807772635201536
198807774879162368
198807775248261121
198807775256653826
198807774770106368
198807773142720512
198807775441190912
198807774807855104
198807775021760512
198807775902568448
198807775797723136
198807774564589568
198807775663489024
198807776066142208
198807775961296898
198807776120672256
198807774258405377
198807775793528833
198807776548503552
198807776548495360
198807776552693761
198807776422658048
198807773079814146
198807776770793472
198807774417780736
198807776359759874
198807776946950144
198807777076969472
198807777622241281
198807777479622656
198807777676767233
198807777051803648
198807777114718209
198807778377211904
198807778729541632
198807779014737920
198807778880536576
198807779111219200
198807779333521409
198807779455156225
198807779090243584
198807779555819520
198807779052494848
198807777601261570
198807779153166336
198807779832635394
198807779484499968
198807780084285440
198807779547418625
198807780289814528
198807780323368960
198807780365307904
198807780621172736
198807780809912320
198807780931538945
198807780478562304
198807781103517697
198807781174816768
198807781166432256
198807780075905024
198807781250301952
198807781279670272
198807780897980416
198807781632000001
198807781652971520
198807781564891136
198807781741043712
198807781640388610
198807781640380416
198807781820739586
198807781678125058
198807782118535168
198807780973486080
198807781778796545
198807781699096577
198807782424723456
198807782395359232
198807782412124160
198807782860918784
198807782785433601
198807782919651329
198807783125164032
198807783192272898
198807783209041920
198807783007731713
198807782877691904
198807783536205824
198807783515238400
198807783720763393
198807781820739584
198807781149655041
198807783406190592
198807783615901696
198807784375062529
198807784492503040
198807784576397314
198807784714809344
198807784744161284
198807784580595713
198807785092284416
198807785117454336
198807784995827712
198807785243291648
198807785423646720
198807785432035328
198807785369120769
198807785775968256
198807785864040450
198807785725624321
198807785968902144
198807786069557249
198807786132488193
198807785947922432
198807786514153473
198807786564497408
198807786900041728
198807783561375744
198807787269140480
198807787411750912
198807787571130371
198807787768250369
198807787772448768
198807787906674688
198807787822788608
198807788015718400
198807787944427520
198807788204470273
198807788397400064
198807787998937088
198807787873120257
198807788565184515
198807788682608642
198807788875563008
198807789013970945
198807789055909890
198807789043335170
198807789240463360
198807789303382019
198807789383073793
198807789466959872
198807789445980161
198807789534064640
198807788997181441
198807789391450112
198807789731192833
198807789819269121
198807789810884608
198807789819273216
198807790049959936
198807789630533634
198807789420822528
198807788124766208
198807790511329281
198807790490353664
198807790712655872
198807790821711873
198807790410661888
198807790133841920
198807791018835970
198807789924139008
198807791215984642
198807791656382465
198807792130342912
198807791417303041
198807792172277760
198807792063234049
198807791962554369
198807792528789504
198807792218411009
198807792285532160
198807792944033793
198807793187307520
198807792738500608
198807793342488576
198807793673830400
198807793703194628
198807794068103168
198807793732567041
198807793938087936
198807793833218048
198807794533666819
198807794915356672
198807794579804160
198807795032801281
198807795154436096
198807795246710785
198807795255095296
198807795431243776
198807795070541824
198807795817136129
198807796421115904
198807795661946880
198807796530163714
198807796718911489
198807796970561540
198807797108965377
198807797301911554
198807796156858368
198807797515812866
198807797490647041
198807797620674561
198807797817810944
198807797926871040
198807798119800833
198807798149165057
198807798639902720
198807799038353408
198807798153363456
198807799000600578
198807798962860033
198807799411638273
198807799298396160
198807799394869249
198807799210319873
198807799705243649
198807799730421762
198807799713628161
198807799235481600
198807800095322113
198807800191791104
198807800380522496
198807800019812352
198807800552501249
198807800548302848
198807800120475649
198807800569274369
198807800627986432
198807800976125952
198807800145645570
198807800179195905
198807800527335424
198807801118720002
198807801106145281
198807801441697793
198807801575911426
198807801835950081
198807801739481089
198807801638821888
198807801781424128
198807801458466819
198807801940811776
198807802481885184
198807802637062144
198807802616102912
198807803144572929
198807803282984960
198807803232653313
198807802901299200
198807803622723584
198807803773726722
198807803954081792
198807803773726720
198807804163792896
198807804440616960
198807804574838785
198807804595798016
198807804830695424
198807804105080832
198807805224960000
198807805233340417
198807805233340416
198807805329801216
198807805111697408
198807805073952769
198807805447241730
198807805409505281
198807805497589761
198807805602435074
198807805854097408
198807805942169602
198807806172872704
198807806328045569
198807806504206336
198807806860738560
198807807124963328
198807807078842371
198807806898475010
198807805900238848
198807807141740544
198807806520991746
198807807154327553
198807807338889216
198807807343067136
198807807464701952
198807807192080384
198807807787671553
198807808035139586
198807808114835456
198807807707979777
198807808479727618
198807808798494721
198807808488124416
198807807607312384
198807809150824448
198807809373110272
198807808085471232
198807808899166208
198807809444421633
198807809503133697
198807809595412480
198807809519919104
198807809549287424
198807809083715584
198807809880621056
198807809951924224
198807809419247616
198807810157449216
198807809800929281
198807810379755522
198807810551713793
198807810933399553
198807810350391297
198807811294113792
198807810060984322
198807810631409665
198807811562549249
198807811642228737
198807811872927746
198807811973582849
198807812191694848
198807812296540161
198807812095217664
198807812128768000
198807812145549312
198807812380442624
198807813106040832
198807812862775297
198807813697437696
198807813869416449
198807813823270915
198807814016217088
198807813995241472
198807814339182592
198807813596782593
198807814779568128
198807814880235520
198807814922186752
198807815031234560
198807814880239617
198807814465011714
198807814892830720
198807815631024128
198807815631011841
198807815761051648
198807815559716864
198807815622627330
198807815786205184
198807815492612096
198807816180482048
198807815706521603
198807816180473856
198807816159494147
198807816419540994
198807816251768832
198807816490852352
198807816478269443
198807816943841284
198807817048690690
198807816474075139
198807817111617536
198807817149353984
198807817229053953
198807817468121088
198807817401012224
198807814188171264
198807817673641984
198807817707208704
198807817753329666
198807817837219841
198807818332160000
198807818437013504
198807818428624897
198807817698803712
198807815136092161
198807816604102657
198807817992421377
198807818512510976
198807818743185410
198807819103899648
198807819355570176
198807819363958784
198807819263283201
198807819443646464
198807819577851905
198807819481399297
198807819665940480
198807819800158209
198807819816927232
198807819896623107
198807819410092033
198807820320256000
198807820349612032
198807819712077824
198807820420923392
198807820534157314
198807819594637312
198807820739686401
198807820852928514
198807820500615169
198807821003915264
198807820559327232
198807821305905152
198807821247188992
198807820429303808
198807821683396608
198807821851168768
198807822119604224
198807821842788352
198807822144778240
198807822195105792
198807822291566592
198807822425788416
198807822690025472
198807822039920640
198807822136381440
198807822522265600
198807822845227012
198807822320943104
198807823201730561
198807823541477379
198807823445000193
198807823600193536
198807823289819140
198807823239495681
198807823575040000
198807823730229249
198807823377899520
198807823864430593
198807823826694145
198807824007036928
198807823847657472
198807823474372608
198807824518754304
198807824363552768
198807824401305600
198807824770404352
198807824745250816
198807823373713408
198807824199979009
198807823658917889
198807825135304704
198807825240170497
198807824942374915
198807825345032193
198807825672192000
198807825806401536
198807826250989570
198807826322296832
198807826250989569
198807826406187008
198807826573955072
198807826498453505
198807826599124992
198807826452316160
198807826796249088
198807826821427201
198807826842402817
198807826758512642
198807826896928769
198807826922086400
198807826318102528
198807826829807618
198807827194720256
198807827135987712
198807826389413889
198807827375063041
198807827421208576
198807827949690880
198807827878387712
198807828310396929
198807828436238337
198807827588984832
198807828348149760
198807828524314625
198807828524310528
198807828704657408
198807828813717508
198807828759191553
198807829048602626
198807829413511168
198807829606432768
198807829535141888
198807829937782784
198807829916823553
198807830030061570
198807830223011841
198807830499827714
198807830340435970
198807830160089089
198807830717923328
198807830696960000
198807831057674241
198807831145750529
198807831200276480
198807831439347712
198807831141556224
198807831275782144
198807831745540096
198807830239772672
198807831896535043
198807832093667329
198807827765145600
198807832219500544
198807832315965442
198807832118829057
198807831930089472
198807832546656256
198807832622141440
198807832764747777
198807832819281921
198807832647315456
198807832949305347
198807832936718338
198807832789917696
198807833310003202
198807832689254400
198807829736456192
198807833146425344
198807833628782592
198807833783959552
198807833767182336
198807833377120256
198807833876238338
198807834199212032
198807834442469378
198807834383745025
198807834132099074
198807834203389952
198807834798993408
198807835298111491
198807834912243712
198807835524612099
198807835432321025
198807835746893824
198807835663011840
198807835977588736
198807835855945729
198807836233437184
198807836082446337
198807836573171712
198807837034561536
198807836933881856
198807837110042624
198807837248454657
198807836980035584
198807837583998977
198807837437210627
198807837755977729
198807837718224897
198807837240074241
198807837873418240
198807837865029633
198807837684674561
198807838099914753
198807837474947072
198807838146039808
198807838418669568
198807838179606528
198807837781135361
198807838175399936
198807838443835392
198807839077175296
198807838993297410
198807838099914754
198807838691307521
198807839244955649
198807838318010369
198807838980706304
198807839496601602
198807839739887617
198807839773433856
198807839735681026
198807840150913025
198807840025088000
198807840331276289
198807840490651648
198807840658432000
198807840759091201
198807840331272192
198807840884920322
198807840696180737
198807841044312064
198807841199501313
198807841363075073
198807841304358912
198807841442766848
198807834417311744
198807841946091520
198807841476317190
198807842306789376
198807842214526977
198807842084491265
198807842302595074
198807842508124161
198807842344550401
198807842432630785
198807842503925760
198807842516516864
198807842218717186
198807842696871936
198807842495541249
198807842583613440
198807842256470017
198807842814300161
198807842394865665
198807843216961537
198807843422474240
198807843497975808
198807843619610624
198807843531538433
198807843816751104
198807843514761217
198807844273926144
198807844227788801
198807844466864129
198807844487827456
198807844693348352
198807844865318912
198807844961779714
198807842554253312
198807845028896768
198807844529778688
198807845192478720
198807845548986368
198807845750312960
198807845788073988
198807845934862337
198807845985206274
198807845381222403
198807846446571520
198807846564020224
198807846685646848
198807846794694656
198807845041487873
198807846870204417
198807846979244032
198807847176376320
198807847360929794
198807847360929793
198807847553871872
198807847801323521
198807847818100737
198807847797137408
198807847318990849
198807847906197504
198807848220753922
198807848392720384
198807848459841537
198807848346595329
198807847981686784
198807848526942209
198807848497594370
198807848539537408
198807848640188418
198807848585658369
198807848636002304
198807848770220032
198807849290317824
198807849630048256
198807849026076674
198807849407750145
198807849835573249
198807850045288448
198807849814593537
198807850225643522
198807850267574272
198807849923657728
198807850548604929
198807850137550849
198807850624106499
198807850838016001
198807850934468608
198807851160965121
198807850661838848
198807851190333441
198807851156783105
198807851244851200
198807851190321153
198807851454578688
198807851643322369
198807851718807553
198807851517485057
198807851609759746
198807852159213568
198807852276645888
198807852280856576
198807852259885056
198807851840438272
198807852700274688
198807852045975552
198807852729634816
198807853060988928
198807850129166336
198807853237149696
198807853228752897
198807852863848450
198807853543325696
198807853799182336
198807853753040898
198807853941788672
198807853962760192
198807850871558145
198807853769834496
198807853870485507
198807854503821313
198807854512226304
198807854751297537
198807854843568132
198807854227001344
198807854352826370
198807854864547841
198807854814216192
198807854885511169
198807850292748288
198807854742900736
198807855095234560
198807855422390273
198807854138925056
198807855405613058
198807855619510274
198807855539830787
198807855657263107
198807855774695424
198807853329428481
198807856080883712
198807855254618112
198807856156393473
198807856231874561
198807856403857408
198807856475160576
198807856584204290
198807856726810624
198807856722612225
198807856462569472
198807857016213505
198807857045573632
198807857196580865
198807856349327361
198807857259479040
198807857481777154
198807857418878976
198807857683103744
198807857838305280
198807857771192320
198807858161258496
198807858362580992
198807858463260675
198807858337419265
198807858983337985
198807859176280065
198807859214036994
198807859331473410
198807859658629121
198807859931258884
198807860010950656
198807859457294337
198807860103233536
198807860430389248
198807860879171585
198807860489101312
198807860799483904
198807860619132931
198807860686229505
198807861323763713
198807861663498240
198807861860638721
198807861818691584
198807862036795392
198807862141652994
198807858136096768
198807862510764033
198807862493986818
198807862686912512
198807862795960321
198807862548500480
198807862724665344
198807862665940994
198807862913400833
198807863068602368
198807861906771968
198807863089569793
198807863475453952
198807863408345089
198807863538364416
198807863668383746
198807863437701120
198807863613849600
198807864045862912
198807864050061313
198807864314302464
198807864830201856
198807864104587265
198807865119612928
198807864985399297
198807864700174337
198807865245437955
198807864888918018
198807865379663872
198807865341906944
198807865178329088
198807865400631296
198807865660674048
198807865799086081
198807865434185728
198807866348535810
198807865950085120
198807864125558784
198807866310795266
198807866554060802
198807866319179776
198807866520518656
198807866616979456
198807866562445312
198807866726027266
198807867116097537
198807866960904192
198807867246125056
198807867522953217
198807867007045633
198807867715878912
198807866960908289
198807867497775104
198807867715883009
198807867741057024
198807867782991874
198807865048301569
198807868332453888
198807867850104832
198807868659609600
198807868064022529
198807869129375744
198807869095817216
198807869062254595
198807869053874177
198807869301338113
198807869385228288
198807869632692225
198807869230030848
198807869766909952
198807869318111234
198807869758517248
198807870102446081
198807866914766848
198807870190526464
198807870433804289
198807870412824576
198807870651899906
198807870920327168
198807870890983425
198807870903558144
198807870949703680
198807871037771776
198807871264268288
198807871037779969
198807871390105600
198807871104884736
198807871847276544
198807871692091392
198807872061190144
198807872111513602
198807872069574656
198807871608201216
198807872413499395
198807872530944001
198807872581275648
198807872564506624
198807872879071232
198807872786804736
198807872799375361
198807872904237056
198807873076207616
198807872921010176
198807873336254465
198807872665165825
198807870840651776
198807866814119937
198807873629859840
198807873965395968
198807874183512065
198807874451947520
198807874531639297
198807874519048192
198807874519056384
198807874938474496
198807874846203906
198807875299184641
198807875311767552
198807875429216257
198807875655696384
198807875576016898
198807875676672001
198807870698045440
198807876045770754
198807876217741312
198807876305813504
198807876406489088
198807876599418881
198807875932524544
198807876406480896
198807876905611264
198807877136289793
198807877064986624
198807877241159680
198807877396340736
198807877392146432
198807877102747648
198807877568315392
198807877027237889
198807877668970496
198807877744476160
198807876733644801
198807877207592960
198807878314901504
198807877949984768
198807878180683777
198807879019544577
198807879053094912
198807879032111104
198807878776262658
198807878923059200
198807879128596480
198807879346683905
198807875563433985
198807879527051264
198807879493492736
198807879531245570
198807879665467393
198807878054838274
198807879904538624
198807878583332867
198807880042942466
198807880038744065
198807880172969985
198807879719985152
198807880093286401
198807880940531712
198807881221554176
198807881263497216
198807881485787136
198807881703899136
198807881745825793
198807880655306754
198807881640968192
198807882450481152
198807882601472000
198807882567909377
198807882702127105
198807882563723266
198807882370777088
198807882916052993
198807883008311296
198807883301924864
198807883331284992
198807883469697024
198807883738136576
198807883641663488
198807883587141633
198807883914289153
198807883993989120
198807883511627776
198807884396625923
198807884988030976
198807884673466368
198807885176782848
198807885235499008
198807885080313858
198807885382287360
198807885617184769
198807885860442113
198807886393126912
198807886305034240
198807886154047488
198807886300856320
198807886724468737
198807885801725952
198807886896447489
198807887026454529
198807887244570624
198807887345229825
198807887110352896
198807887672393729
198807887420731392
198807887739490304
198807887026470913
198807887831777280
198807885105467392
198807888121176066
198807888796467201
198807888762912770
198807888372826112
198807889308172288
198807889303977984
198807889354305539
198807889454972928
198807888507043841
198807889446572032
198807889589182464
198807888813236225
198807889459167232
198807889631129600
198807889429798913
198807890042163200
198807889962483714
198807889320751104
198807889996034048
198807890285428736
198807889874399232
198807890277044224
198807890704871425
198807890683904000
198807890218332161
198807890738413568
198807890847473668
198807890608394240
198807891241746432
198807891728269312
198807891812155393
198807891132694529
198807891703103489
198807891719897089
198807890646155265
198807892097368065
198807891845726210
198807892219002880
198807892332249088
198807892126736385
198807892604887040
198807892806221824
198807892969799680
198807892596502531
198807893309538304
198807893561180161
198807892965588993
198807893804453888
198807893812842497
198807894009987072
198807893875765250
198807894089678848
198807893938675713
198807894253240320
198807894270021633
198807894060314625
198807894462971904
198807894437789696
198807894337142784
198807894370684928
198807894064500736
198807894739791872
198807894848835586
198807894861422593
198807894408429568
198807894588792833
198807895129853952
198807895301816321
198807895524118529
198807894261645312
198807895645761537
198807894760759296
198807895880642560
198807895985487874
198807895872249857
198807895855480832
198807896035823616
198807895503155200
198807896354598917
198807896493010944
198807896555925507
198807896862097410
198807896950194176
198807897021485056
198807896954376193
198807897227001857
198807896539152384
198807897294123008
198807897273155584
198807897528995841
198807897348653057
198807897315098624
198807897881329664
198807897986183168
198807898070073344
198807898103623680
198807897721933825
198807898053292032
198807898569191425
198807898548219904
198807897902288896
198807898468515842
198807899219304449
198807899395469313
198807898946674689
198807899609382914
198807899068305408
198807899659714561
198807898195898369
198807899915567106
198807900230131712
198807899970088960
198807900167217152
198807899919745025
198807900410478593
198807900632793089
198807900611813376
198807900565676033
198807900238512128
198807901035442179
198807901215797249
198807900972523520
198807901136093184
198807900578254849
198807901098348544
198807901589094400
198807901228367872
198807901886885888
198807902214045696
198807902125965313
198807902297931776
198807901450682368
198807902004318209
198807902776074240
198807902889324544
198807902906089472
198807902964813825
198807902931267584
198807902662823936
198807903166136321
198807903170330627
198807903317147648
198807903375855616
198807902528610304
198807903661068289
198807903703007232
198807903858208770
198807903715606528
198807904000811008
198807903661068290
198807904135028739
198807904302792704
198807904277639168
198807903841419264
198807901647814656
198807901333237760
198807904755781632
198807904780943362
198807904294408192
198807905045196801
198807905435258881
198807905774997504
198807904416047105
198807905884049408
198807904550260738
198807906332848129
198807906001494018
198807906395762690
198807906303479808
198807906831958016
198807907096199168
198807907314311168
198807907633078273
198807907410776064
198807907414970370
198807908060897283
198807908249636865
198807908081864707
198807908757143553
198807908744572928
198807908832641025
198807908761354241
198807909239496704
198807909394677760
198807909314994178
198807909373706240
198807909868638209
198807909952536576
198807910023823361
198807909323382784
198807910590062595
198807910325825536
198807910585876480
198807910799773697
198807910833328129
198807911001100289
198807909960908800
198807911294709761
198807910871085057
198807911949008899
198807912045486080
198807912322306049
198807912137764865
198807911235981313
198807911860940800
198807912683024385
198807911995154432
198807912771104768
198807912653664257
198807912523632640
198807912662040577
198807913144393729
198807913320562689
198807913295388673
198807913446383616
198807913391857664
198807913068888064
198807910996910080
198807911827390466
198807913807089667
198807913706438658
198807913853227010
198807913815482368
198807913509289984
198807914104893441
198807914331377664
198807914343964674
198807914440425473
198807913966477312
198807914088108033
198807914843078656
198807914977300482
198807915073765376
198807915048615937
198807914700484610
198807915233148928
198807914612391936
198807914926964738
198807914721452033
198807915728093184
198807915891671040
198807916457897986
198807916436926464
198807916046848000
198807916659220482
198807916910870531
198807917523238912
198807917233831938
198807917770706944
198807917602934784
198807917489700864
198807917502279680
198807917368053761
198807917556793344
198807918290804737
198807918571831296
198807918097858560
198807918668283904
198807919276457984
198807919301640192
198807919385518081
198807919343575042
198807919343566849
198807919926583296
198807919909814272
198807918785728514
198807919305826304
198807920161464321
198807920362795008
198807919934976001
198807920497004545
198807920551538689
198807920736092162
198807920798994433
198807920778018816
198807921105174528
198807921423945728
198807921621073921
198807921700765697
198807922090835968
198807922174726144
198807922392838144
198807922157953025
198807922602549251
198807922728386560
198807919205154816
198807922761928705
198807922791292928
198807923231694848
198807922531237889
198807923030376450
198807922644492288
198807923294601216
198807923307188224
198807918995447808
198807921931456512
198807923416240130
198807923516907523
198807923588214786
198807923277836288
198807923604979712
198807923529482240
198807923651133441
198807923814707200
198807923844071425
198807924024414208
198807924225753088
198807924188004353
198807923831480320
198807924439658497
198807924238319616
198807923886006273
198807923240087552
198807924745830402
198807924892643328
198807924712292353
198807924351574017
198807925240762368
198807925400150017
198807924959744001
198807925496614912
198807925123325952
198807925861519360
198807925848932352
198807925765046272
198807925806997504
198807925890883584
198807925551140865
198807926306123776
198807926306119682
198807926138343425
198807926440337409
198807926629072896
198807926591328256
198807926578741248
198807927027535872
198807926859767808
198807927153373184
198807927195320320
198807926645854209
198807927551827969
198807927635722240
198807927572807682
198807927119810560
198807927769931776
198807927799300096
198807927681855489
198807927895764994
198807927736381441
198807928038371329
198807928071921665
198807928285831168
198807928038367232
198807928680103936
198807928516509697
198807928533299201
198807928990474240
198807929275695105
198807929086947328
198807929225347073
198807929552510976
198807929577684992
198807929699303427
198807928558469121
198807929409904640
198807930089377793
198807930064207872
198807929619615745
198807928814317570
198807930311680003
198807930487832578
198807929816760322
198807930533986305
198807930659799041
198807930823380992
198807931049869312
198807931020521474
198807931125379072
198807931037298688
198807931389616128
198807931637088257
198807931670638592
198807931540619265
198807932043927552
198807932081672194
198807932039733249
198807931985199106
198807932035530753
198807932312363010
198807932484321280
198807932576600064
198807932345925635
198807932832452608
198807933016997889
198807932866011138
198807933247696896
198807933436436480
198807933771988992
198807933998465026
198807933532905473
198807933893619713
198807934044614658
198807933973303298
198807934019436544
198807933507743745
198807934073974786
198807934011060224
198807934598258688
198807934774419458
198807933667127297
198807934413713410
198807935214817281
198807935244185601
198807935206424576
198807934329827329
198807935533592576
198807934795395072
198807935416143872
198807935214829571
198807935663607808
198807935428726785
198807935281922048
198807935923654657
198807936376647682
198807936426979328
198807936431173633
198807936544415744
198807935613276162
198807936255004673
198807936640876544
198807936770899969
198807936821243905
198807937295196160
198807937374879744
198807936405999617
198807937626550273
198807937769144320
198807938029199360
198807937970470914
198807937743982592
198807938297626625
198807938578653184
198807938532507649
198807939094548480
198807939417522176
198807939165859840
198807939673370626
198807939895660545
198807939878891522
198807939807576068
198807939174244352
198807939509784578
198807940306714624
198807940000514050
198807940000526336
198807940210229248
198807940218630146
198807940130553856
198807940055056386
198807940885516288
198807940721950720
198807940109570049
198807941074268160
198807941107814400
198807941099438081
198807940419952642
198807941275598849
198807941837635584
198807942072500224
198807941871177731
198807942106058753
198807942227697664
198807941959266307
198807941883756545
198807941774716928
198807942819090432
198807942164774914
198807943037194242
198807942647119875
198807943129481217
198807943213350912
198807943414681600
198807943855087617
198807943536320513
198807944018673667
198807944161280000
198807943712477184
198807944207400960
198807944454868992
198807944370978819
198807944714928130
198807943834107905
198807944719110145
198807944190636032
198807944962392064
198807944857518080
198807945167912960
198807944899477504
198807944521973761
198807945318907905
198807944924635139
198807945394401280
198807945734127616
198807945557979136
198807945830596608
198807945310502912
198807945675419648
198807945897713664
198807945616687104
198807942072504321
198807945780264960
198807946149363712
198807946392645632
198807946128404480
198807946946289665
198807947046957057
198807946807881728
198807947923562496
198807947973902336
198807947697078272
198807948099719168
198807948158435330
198807948431073284
198807947227312128
198807948657569792
198807948758237185
198807947869032448
198807948162629632
198807948930187264
198807949077000194
198807949118930944
198807949232193538
198807949546758144
198807949488029696
198807949005684736
198807949668401152
198807949580304384
198807950163324929
198807950205267968
198807949408337920
198807950238822400
198807949395771393
198807950196867072
198807950305927169
198807950247198720
198807950503063553
198807950503051264
198807950545006592
198807950582755330
198807950624686085
198807950725357569
198807945448919043
198807951270621184
198807951467753472
198807951534850048
198807951010578432
198807951866204161
198807952067534848
198807952210141185
198807952285646848
198807952323395584
198807952545693696
198807952667328513
198807952436625409
198807952818323459
198807952898011136
198807953103532033
198807953086758913
198807953132892163
198807952524709888
198807952310808576
198807952747016192
198807953468436480
198807953569087488
198807953636212737
198807953673957376
198807950645657600
198807953875279874
198807953791389696
198807953896259584
198807953552314368
198807954206625792
198807954298908674
198807954261155840
198807954227601409
198807954529591296
198807954454093828
198807954261151745
198807954936446978
198807954173067266
198807955108397056
198807955318128642
198807955406209025
198807955309727745
198807954819002370
198807953187409920
198807955620114432
198807956039540737
198807956039536640
198807954047254528
198807955779485696
198807956224081920
198807956295401472
198807956354109441
198807955297140738
198807956375093249
198807955720781824
198807955741741056
198807955783692290
198807956681269248
198807956798717953
198807956001783809
198807956136017922
198807956807098368
198807956479934464
198807957260079105
198807957381726208
198807957444632576
198807957461409792
198807957302018048
198807957016817664
198807957964726272
198807957562081280
198807957142642689
198807957834694657
198807958073786368
198807956396048386
198807958266720258
198807957671129088
198807958199603201
198807958459650048
198807958451265536
198807958405136384
198807958572900352
198807958702931968
198807958656794624
198807958598070273
198807959168495616
198807959269158913
198807959348854786
198807958568706049
198807959445311490
198807959847964674
198807959667621891
198807959487262720
198807959948627969
198807958904250368
198807959764078593
198807960430981120
198807960267399170
198807960728772608
198807959965417472
198807960938483712
198807961110446080
198807961181753346
198807961261453314
198807961601191936
198807961496330240
198807958539337728
198807961752186882
198807961504714752
198807961999650817
198807961919950848
198807961571827712
198807961978683393
198807962440044546
198807962016419840
198807962494566400
198807962473611266
198807962578468864
198807962968522752
198807963249557504
198807963232768001
198807963421523968
198807964038078465
198807963631230977
198807963547340800
198807964256182272
198807963241156608
198807964453318656
198807964549779456
198807964553977856
198807964344262656
198807964684005376
198807965103427584
198807964524625921
198807964910485504
198807965380255744
198807965409624064
198807965485113344
198807964780466176
198807965606756353
198807965929701376
198807963522183169
198807966210719744
198807966126845952
198807966265249795
198807966193958913
198807966034571264
198807966483349504
198807966193942528
198807966730821633
198807966781153281
198807966776958976
198807966995070976
198807966235885570
198807964142931970
198807967334797312
198807966319783936
198807967636787201
198807967565488129
198807967599042560
198807966953123841
198807968052023296
198807968232382465
198807968265945088
198807967888449537
198807968639229955
198807968379179008
198807968815382529
198807969134153729
198807969113182208
198807968823779330
198807968903467009
198807969369038849
198807969444532225
198807969608110082
198807969599725572
198807968597286914
198807969587138560
198807969566179329
198807969809436674
198807969205469184
198807969423560705
198807969922686978
198807969255792640
198807970052706305
198807969998180353
198807970153365504
198807970254032897
198807970312749056
198807970438578177
198807970463752193
198807969608118272
198807970283388929
198807970736373760
198807970975449088
198807971185172481
198807971390685186
198807971562655745
198807971558461441
198807972036616192
198807972326031360
198807972036616195
198807971780763648
198807972300853249
198807972523159555
198807971730427904
198807972535746560
198807972950978561
198807972699308032
198807973236178945
198807973244579840
198807972896452609
198807973382979584
198807973571723264
198807973714345984
198807973500432384
198807973924057089
198807974070845441
198807974234435584
198807974003736576
198807973798232064
198807974532235264
198807973714329600
198807974796476417
198807974813245440
198807973861130241
198807975031357440
198807975106846721
198807975241068544
198807975224283137
198807974733553664
198807975564029952
198807973982765056
198807975756967936
198807975777939456
198807975694053376
198807975899566082
198807975886991360
198807976029589504
198807976235110400
198807976159612928
198807975203311617
198807976142848000
198807976285454338
198807976574861314
198807976767791104
198807976893612034
198807976776183809
198807976792956932
198807977115922433
198807976600027137
198807977350795264
198807977464049664
198807977564700674
198807977707307008
198807976948146177
198807977019449344
198807977900249088
198807977887670273
198807977963167744
198807978080608256
198807978080608257
198807978357428225
198807978504228866
198807978676199426
198807978726531073
198807978969804801
198807979091431424
198807979456344066
198807979494088705
198807979175321603
198807979603140608
198807979842211840
198807979875766274
198807979938676736
198807979573784577
198807979506675712
198807980051939328
198807980051935235
198807980140019712
198807980102258688
198807979942879232
198807980442001408
198807980442005505
198807981142446080
198807981427666945
198807981503168512
198807981020815360
198807980957896704
198807981486374914
198807981549305856
198807981490569218
198807982211989504
198807982367191040
198807982547542017
198807982501400578
198807982606270466
198807982568521728
198807982593683456
198807982895669248
198807982849536000
198807982815985664
198807982551728128
198807983004721152
198807982891483136
198807983302524929
198807982656589828
198807983495454720
198807982459469824
198807983470292992
198807983600304128
198807983747108864
198807983830999040
198807983851970560
198807984023941121
198807984036524033
198807983705174016
198807983986192384
198807983956832256
198807984099426305
198807984082657280
198807983499653122
198807984346902528
198807983864545280
198807984510476291
198807984401428480
198807984581787648
198807983893921793
198807984837632002
198807985051533312
198807984934105088
198807985663918080
198807985391288320
198807985059934208
198807985978482689
198807986053980162
198807985919754241
198807986100113410
198807986087534593
198807986184003584
198807986347573249
198807986746048512
198807986892840960
198807986980917248
198807986569875457
198807987387760640
198807986729259009
198807987647811585
198807987945603074
198807987920441344
198807988096598016
198807987752681473
198807988327301120
198807988402798594
198807988549582848
198807988541198336
198807988453117952
198807988453130240
198807988616691712
198807985307398146
198807988788674562
198807988805451776
198807989069692928
198807988738326529
198807989220679681
198807989329735681
198807989560422400
198807989816279041
198807989883387904
198807989770129408
198807989870796800
198807989296185345
198807989753360384
198807990135042048
198807990055337984
198807990080507905
198807990885810177
198807990973898755
198807988876754944
198807991166844928
198807991187800065
198807991229751296
198807991259115521
198807991582081026
198807991229747200
198807991703699458
198807991334617088
198807991963746305
198807991795990531
198807992072802304
198807992173469696
198807992014086145
198807992525787136
198807992483848192
198807992383176705
198807992781643776
198807992064409600
198807992160886784
198807992542576640
198807993079443456
198807993230442497
198807993746333699
198807993893126144
198807993880547328
198807994056712192
198807994337726464
198807994237063168
198807993897332736
198807993217851392
198807994362900480
198807993188483073
198807994098651137
198807994895572992
198807994555842561
198807995105284097
198807995113684992
198807994685849602
198807995252080640
198807995625385987
198807995507945472
198807995902201857
198807995898015745
198807996166443009
198807995935764480
198807996359380993
198807995717660672
198807996309053441
198807996409724928
198807996783013889
198807996900442112
198807997110161408
198807997055643648
198807997152112642
198807997533786112
198807997525393409
198807997382803457
198807993104613376
198807997798035456
198807997936439296
198807997131132928
198807998108413954
198807997668007937
198807997768675328
198807998628499457
198807998355865601
198807999186354176
198807999236673536
198807998536224768
198807997412151296
198807999320567808
198807999089885185
198807999362514946
198807997584113664
198807999182155779
198807999698051073
198807999916158976
198807999677083648
198807999576416256
198808000138448896
198807999622553604
198808000272670720
198808000469807105
198808000725651457
198808000327196674
198808000834707456
198808000385916929
198808000251691009
198808000692097024
198808001237360641
198808000947949568
198808001480638465
198808001417707520
198808001522569216
198808001409331201
198808001816166400
198808001933623296
198808002151718913
198808002147528704
198808001845538817
198808002508238848
198808002680193025
198808003124805632
198808003070267392
198808003472916482
198808003519070209
198808003565191169
198808003791695872
198808004202725376
198808004139823104
198808004223700994
198808004412456962
198808004613767168
198808004689264640
198808004580229120
198808004798332928
198808004995448833
198808005196779520
198808005117100032
198808005029003265
198808004886413312
198808005477810177
198808004970299392
198808005674930176
198808005951766528
198808006278918144
198808006362796032
198808006635421696
198808006203420672
198808006723510272
198808006287294464
198808007067435009
198808006551535616
198808007130357760
198808007470104576
198808007449120769
198808007549796353
198808007663026176
198808007709179905
198808007767883776
198808007398797314
198808008195715073
198808008166342656
198808008459960320
198808008216690688
198808008795488256
198808009001013249
198808008581582848
198808009168781312
198808009365921793
198808010120900608
198808010171236353
198808009428844544
198808010292871168
198808010515152898
198808010355777536
198808009890209792
198808010649382915
198808010687127552
198808010808754176
198808010666156032
198808011156897792
198808010498387968
198808011240775681
198808010796183552
198808011475648512
198808011748286466
198808011085594624
198808011697946624
198808006526386178
198808012197085186
198808012016717824
198808012167720961
198808011865735168
198808012285149184
198808012561977345
198808012671025153
198808013384073218
198808013518274560
198808013606363136
198808013019156480
198808013442777092
198808013644111872
198808013795115011
198808013992230913
198808013803499520
198808013589590017
198808013992230912
198808013916741633
198808014273257474
198808014126456833
198808014617190400
198808014768185344
198808014474588160
198808015162441730
198808015196012544
198808013837058048
198808015292481537
198808014633963521
198808015510577152
198808014759804928
198808015040806912
198808015313453058
198808015674155009
198808015028228096
198808016043249664
198808015879684096
198808015565094914
198808016403959809
198808016504619008
198808015846113283
198808016647237632
198808016575938561
198808016559144960
198808016081006593
198808016865341440
198808017087631360
198808017037303808
198808015573487616
198808017322516480
198808017444159488
198808017003753474
198808016953425921
198808017616109568
198808017817448448
198808017641283585
198808017767112705
198808017104412673
198808017389633538
198808018136215552
198808018220089344
198808018345918464
198808018538872834
198808018610167809
198808017951670272
198808018719211520
