198783357084106753
198783357314809857
198783357440630785
198783357092495360
198783358787010560
198783358233350144
198783360326320128
198783360758317056
198783360817049601
198783360955449344
198783360867373056
198783362993885185
198783362373136384
198783362075328512
198783363656589312
198783364495441921
198783365875380224
198783366156398592
198783367674724352
198783365791485952
198783368853336067
198783370178732033
198783371332173824
198783371856453633
198783373337038848
198783373416730626
198783374255595520
198783374511448065
198783375111241728
198783376562458625
198783376390488065
198783377074163712
198783377241948160
198783377640390659
198783378080800768
198783379192299521
198783379301343232
198783381184585728
198783382346403840
198783383940243456
198783380979068932
198783385253064704
198783386582650881
198783387459256321
198783389405417473
198783389065682945
198783390500134914
198783390110072835
198783390491750401
198783391355772929
198783390680494080
198783391628406784
198783392303689728
198783392815394816
198783392752476163
198783393524224001
198783393444536322
198783393394200577
198783393410981888
198783393973014528
198783394954485761
198783394878980097
198783396279889921
198783395726237697
198783396351180803
198783398989398016
198783399001993216
198783400352546817
198783400184778752
198783400369336320
198783401640214528
198783402172882944
198783404060311554
198783404475547648
198783405956153348
198783407122153472
198783407080210432
198783405385715713
198783407684202498
198783408086859777
198783410469224448
198783412172099584
198783412801241088
198783413447163904
198783413845626880
198783411199016960
198783414072115200
198783415263301633
198783416165081088
198783416378998784
198783416429322240
198783418102857728
198783418388070400
198783418442592256
198783420279689216
198783422087430144
198783422766911488
198783426017501184
198783425635811329
198783426470477824
198783427632304129
198783427695222786
198783427913330688
198783428127232001
198783428592812032
198783430283116544
198783430576717825
198783430010486785
198783431105191937
198783431163912193
198783432011165696
198783433365917698
198783434636804096
198783435093975040
198783432208297985
198783435093970944
198783436608126976
198783437526663169
198783438126452736
198783440269750272
198783439711895553
198783441704206336
198783442899566593
198783442715029504
198783443478388737
198783445101580288
198783446271803392
198783446557011968
198783446611542016
198783447228096512
198783446888349696
198783443935563776
198783450294132737
198783450705182720
198783451632119808
198783451309158400
198783451443372032
198783452173189124
198783452533891073
198783452663910401
198783453817344001
198783455100801024
198783455658643456
198783455708975104
198783456593981441
198783456136802304
198783458439475200
198783461224497153
198783461111246848
198783461409042432
198783462977699840
198783463351001088
198783463158063104
198783463678156801
198783466538668033
198783466857431040
198783463229370369
198783470070272002
198783470108016640
198783470787493889
198783471890604032
198783474365251585
198783474474291200
198783473249550336
198783474734350336
198783476177174530
198783477557100544
198783477448056833
198783478337245184
198783475120226305
198783480577015809
198783481176797184
198783482003075072
198783481206157312
198783483081003008
198783483831779329
198783485387874305
198783485593387009
198783485698260992
198783485073301504
198783486285451264
198783487090765824
198783487350816768
198783487912853504
198783487954784256
198783490848858112
198783491180216322
198783491163439104
198783494040715265
198783495605190656
198783495408062464
198783496557305857
198783496049790980
198783497085792256
198783497014476800
198783494950879232
198783497987559425
198783500235710466
198783500344754176
198783502001512449
198783502353829888
198783503448539137
198783504895574016
198783504601985024
198783505625387011
198783505583456257
198783505084317696
198783507118567424
198783505629581312
198783511900069888
198783511874895872
198783511845548032
198783511791022080
198783512168513536
198783512919285760
198783512906706944
198783513703612417
198783515075162112
198783515658166272
198783515138068480
198783516018872321
198783517017120768
198783516253749248
198783517101002753
198783517335896065
198783518078279680
198783519957323776
198783519231705088
198783518694846466
198783519764385794
198783519902801920
198783520628420608
198783520179634176
198783520582279168
198783523329540097
198783523413438465
198783523287609344
198783523098853376
198783528178167809
198783528211714048
198783529293848577
198783528836665344
198783529541316610
198783531298729985
198783530338234368
198783532733169664
198783532187914240
198783534293454848
198783534956158976
198783535828570112
198783536059256832
198783536558383104
198783537393057794
198783540245172224
198783543206354945
198783545462898688
198783545785856001
198783546314342404
198783547102855168
198783547442606080
198783547979481089
198783547782348800
198783548281462785
198783549304864769
198783549694939138
198783549074194432
198783550072438784
198783550445715457
198783551108427776
198783552379305986
198783553306243073
198783555252387841
198783554803601408
198783555042676737
198783556305174531
198783557190164480
198783557940936704
198783558112911362
198783559933235200
198783560751136768
198783560688222209
198783561459970050
198783561862619137
198783561275424770
198783562227519489
198783562256879617
198783563007655936
198783563569700864
198783563070574592
198783564182077442
198783564219826176
198783564442107904
198783564807020544
198783565876559873
198783565662658563
198783565239037952
198783568435093504
198783569013903360
198783570213482498
198783570007953411
198783570712604673
198783570226053120
198783570272194560
198783572339986432
198783573283717121
198783574919479296
198783576572047361
198783576911777793
198783576974696448
198783578555944961
198783579063459843
198783579134763008
198783580221091840
198783579784871937
198783581043175424
198783582448267265
198783582741872643
198783582838337538
198783582716702721
198783582980939776
198783583668797440
198783584276975616
198783585250054147
198783585237467136
198783585967280128
198783586470608898
198783586655154176
198783588299309056
198783588953624577
198783590430019584
198783587376562176
198783590807506945
198783591457619968
198783591868678146
198783592753664000
198783594523656192
198783594758537217
198783596683722752
198783597619060737
198783597891686400
198783599099654144
198783600014012417
198783602253770752
198783599976259584
198783603386232833
198783603675627521
198783604296388610
