198806005574938624
198806005889499136
198806005876916224
198806005847556098
198806006745149442
198806007047131137
198806007164579841
198806007353319426
198806007256842243
198806007487537154
198806007600787456
198806007739191298
198806006644490241
198806007810494465
198806008229928961
198806008657756160
198806008666128384
198806008850694144
198806008871657472
198806009274306560
198806004798992386
198806009244942336
198806009492410369
198806009542750208
198806009534357506
198806009551142913
198806009442078722
198806009844736000
198806010180288512
198806010369019904
198806010406780931
198806010922672128
198806010822017027
198806010931056641
198806010264170498
198806010297724928
198806010486464513
198806011484704769
198806011593764865
198806011971239936
198806009131708416
198806012222898176
198806012835274752
198806013141454848
198806013825126401
198806014030651392
198806014022258690
198806014190030848
198806013720281089
198806014542356481
198806014609465345
198806014445883393
198806014882091008
198806015167299584
198806015179894785
198806015205060608
198806015385415681
198806013959340034
198806014924038144
198806015586734080
198806015750320129
198806015838396420
198806015758696448
198806016194916353
198806016194916354
198806015699992577
198806016492711936
198806016593371136
198806016727584768
198806013246308354
198806017033773056
198806016056504321
198806017247678464
198806017566453761
198806016681447425
198806017885220864
198806017675493376
198806018069757955
198806018111713281
198806018493390849
198806018560507907
198806018615017474
198806018656976896
198806018698911744
198806014496210945
198806018803777536
198806019005095936
198806019038646272
198806018292072448
198806018615025664
198806019298701315
198806019604873216
198806020007530497
198806020120788992
198806020393418755
198806020343087104
198806020095623170
198806021370683392
198806021404237824
198806021613948928
198806021983047680
198806022285033472
198806021899169792
198806022784155649
198806022868058112
198806020858978308
198806023216177153
198806023191015426
198806023396528128
198806023371370496
198806023589474306
198806023904047106
198806023929204736
198806024042459137
198806024382185472
198806024948416514
198806025292353537
198806025367851010
198806025267183616
198806025535631360
198806025686622208
198806026240274433
198806026374492161
198806026525483008
198806026525483010
198806026663903233
198806026647113730
198806026785521664
198806026378674176
198806026831671299
198806027074932736
198806027024605187
198806027540508672
198806027485974530
198806027498561536
198806027699888129
198806027796361216
198806028433895424
198806028391944193
198806027829919744
198806028593266688
198806029084004352
198806029201453058
198806029272752130
198806028962369538
198806029893517312
198806029964820480
198806030044495873
198806029646036992
198806029809623041
198806030828834816
198806030891749377
198806030929510401
198806030765920257
198806031059521537
198806031235690497
198806030807867392
198806031684472832
198806031147601920
198806031684476928
198806031864836096
198806032036794370
198806032288456704
198806032745627648
198806032087138305
198806032665935872
198806033022451712
198806033324445697
198806033999740930
198806033999732737
198806034251399169
198806034318508032
198806034247204865
198806034817630211
198806034951847936
198806034784067584
198806034918289408
198806034855362560
198806035606159360
198806035820064768
198806035731976193
198806036143017985
198806035975245825
198806036180774913
198806033513201664
198806036470177793
198806036520517633
198806036616970240
198806036713455618
198806036843470849
198806036197543936
198806036801523713
198806037023821825
198806037363572738
198806037397118976
198806037384544257
198806037606842369
198806037350981632
198806036931551232
198806037535531009
198806037913010178
198806038185644032
198806038303084544
198806038416343041
198806038345035776
198806038391177217
198806038508609538
198806038307278848
198806038969978882
198806039808835585
198806039708188673
198806039842390016
198806039871762433
198806039896924160
198806040043732992
198806040727392256
198806040270221312
198806040941314048
198806040559628288
198806040240848898
198806041264267264
198806041427849216
198806040865816576
198806041620774912
198806041671118848
198806041683701760
198806041796947968
198806042094743554
198806042350596096
198806042329628672
198806042702921731
198806042526760960
198806042921013248
198806043017478144
198806043155902465
198806043369799680
198806043344637952
198806043038461953
198806043571134465
198806043579523073
198806043944431616
198806044179316737
198806044338683904
198806044363849729
198806044577763329
198806044821037061
198806043826987009
198806045211111426
198806044175114240
198806045294989313
198806045580210178
198806045156581376
198806043965390850
198806043533377537
198806045588602881
198806046091915264
198806045873815554
198806045370494976
198806045764751360
198806046591037442
198806047085969412
198806046507147264
198806047585091584
198806048168095746
198806048147111936
198806048512032768
198806049212469250
198806049417998336
198806048700768259
198806049589956608
198806049854201856
198806049912918017
198806049342496770
198806050114252801
198806050185555969
198806050755981312
198806050344935426
198806050818891776
198806050919559169
198806050886008832
198806051032801280
198806051548692481
198806051787784193
198806051544506368
198806052031041536
198806052056207360
198806052039426048
198806051812950017
198806052286898178
198806052387553280
198806052458860545
198806053054464003
198806053272559616
198806053914292224
198806054258212864
198806053796843520
198806054476316673
198806054509871104
198806054694436865
198806054878982145
198806055298412544
198806055319371777
198806055373910016
198806055076118528
198806055604588544
198806055923351552
198806055751397377
198806055805919233
198806056435064832
198806056711880704
198806056724471808
198806056879652864
198806056913219584
198806056875462656
198806056988704768
198806056896446465
198806054656679936
198806057890488321
198806057634627585
198806057957593090
198806057907261451
198806058079236096
198806058251190272
198806058301534208
198806058410582019
198806058632876034
198806058813235202
198806059022954497
198806059140399105
198806058427363328
198806059668877312
198806059996028930
198806060033781761
198806059400429568
198806060339961856
198806059761156097
198806060251881472
198806059845038080
198806060411265026
198806060813926401
198806060998467587
198806061329825794
198806061405323265
198806061858291712
198806062302892033
198806062575534080
198806062609076225
198806062537773056
198806062709739520
198806062906867713
198806062957215746
198806063221440512
198806062751678464
198806063548612609
198806064056111104
198806063661846528
198806064500707328
198806064211308544
198806064316166144
198806064689451008
198806064873996288
198806064978853890
198806064295190528
198806065033383936
198806065591234561
198806065398292480
198806065972916224
198806066304262144
198806066488819713
198806067285725184
198806067508019200
198806066916630529
198806067759681537
198806067411562496
198806068086841344
198806068095229953
198806068317523968
198806068455940096
198806068300754947
198806068749545472
198806069227700225
198806069349330944
198806069462564864
198806069500325889
198806069546455042
198806069483540480
198806069802307584
198806067583533057
198806069911355392
198806070263689216
198806070179794945
198806070276272131
198806070293045249
198806070905409536
198806071068995585
198806071098343426
198806070603431936
198806071211601920
198806071245144064
198806071018651652
198806071660392449
198806071761047553
198806071761051648
198806071802994688
198806071748468736
198806072474075137
198806072360841216
198806072234999810
198806072675414016
198806072742526977
198806073417793537
198806073694621696
198806073874984964
198806074449608705
198806073568788480
198806074474770432
198806074550267904
198806074625753088
198806073807880192
198806074827087873
198806074688667650
198806074994860032
198806075020021761
198806074864844801
198806075397509122
198806075582062593
198806075745636352
198806075624013824
198806075896635393
198806076613861376
198806076668395520
198806076668387328
198806076764864512
198806077154930689
198806074407649283
198806077406584832
198806077561778177
198806076752277505
198806074386681857
198806077880532992
198806078014750721
198806077956034562
198806078274801664
198806078438383619
198806078664867840
198806078622937088
198806079080103936
198806079172378624
198806079164006401
198806078811680768
198806079730237441
198806080074153984
198806079684091904
198806079646351361
198806080350978048
198806079897997312
198806080585871360
198806079906398208
198806080694915072
198806080535535616
198806080808173568
198806080850112513
198806080883658752
198806081286324224
198806081340846081
198806080770424832
198806081445703682
198806079461789696
198806081995161600
198806082435563522
198806082381029377
198806082439753730
198806082460725248
198806082532032512
198806082540412929
198806082775285761
198806082322313216
198806081504419841
198806083203117057
198806082594947073
198806083266027522
198806083224076288
198806083278602242
198806083362496512
198806083530272771
198806083723214848
198806083723198464
198806083849027584
198806084302020608
198806084675313664
198806084604010497
198806084771790848
198806082959851520
198806085036019712
198806085472239616
198806085824548864
198806085505781761
198806085224763393
198806086248177664
198806085866487808
198806086072016899
198806086361415681
198806086474670080
198806086545977347
198806086562746369
198806086684377088
198806086977978368
198806086998962177
198806086696964097
198806087175122945
198806087225446400
198806087204483072
198806087238041600
198806087284178944
198806087556808705
198806087703592960
198806087783292930
198806087011532802
198806088039149568
198806088156594177
198806088160780288
198806088139800576
198806088441790464
198806088496324609
198806088538271744
198806088487940097
198806088580210688
198806088550850560
198806088810893312
198806088882192385
198806088391471105
198806089205153793
198806089280655360
198806088785727488
198806089494573058
198806089737838592
198806088194338816
198806089926586370
198806089972715520
198806090236960769
198806090274713600
198806089603629056
198806089997889536
198806090568306688
198806090220183554
198806090828365825
198806091021295618
198806091415564288
198806091524608002
198806091688194048
198806091574943744
198806091826597888
198806092665458688
198806092694822912
198806092753543168
198806092271202305
198806092959055873
198806093055541249
198806093269446656
198806092539637762
198806093424627712
198806093252657152
198806092996804611
198806093365915649
198806093600784384
198806093751783424
198806093550465024
198806093974077443
198806094376730624
198806094695505920
198806094762618880
198806095001698304
198806095047819264
198806095354015744
198806095433707520
198806095425318912
198806095609860096
198806095576301569
198806096117383168
198806096331276288
198806095811186688
198806096566165504
198806097237254144
198806097191112705
198806097379860482
198806097765732352
198806097711214593
198806097681842176
198806097904140288
198806098231300096
198806098269044738
198806098285838337
198806098361323521
198806098428428288
198806098424238080
198806098889801728
198806098529099776
198806099388928001
198806099141468160
198806099980328960
198806099963551744
198806100110360577
198806099674148865
198806099711901697
198806099971936256
198806099992903681
198806100739497985
198806101028913152
198806100835962880
198806101259591680
198806101347663872
198806101607718913
198806101586755586
198806101674831874
198806101699985408
198806101444149248
198806102064898048
198806102324948992
198806102308163584
198806102316564480
198806102190735360
198806102350118912
198806102685646848
198806102106832896
198806102425600004
198806103042174977
198806103516131328
198806103415459840
198806103226720256
198806103776174082
198806103629365249
198806104124301313
198806104304656385
198806104300457984
198806104652775425
198806104854102016
198806105130938369
198806105344843777
198806105390981121
198806105223213057
198806105281929216
198806105525198848
198806106406006784
198806107039342592
198806107022565377
198806106624098305
198806107181953024
198806107387461635
198806106573766656
198806107412627458
198806107425214465
198806107207118848
198806106628300800
198806107169357824
198806108004040705
198806108176007168
198806108247306241
198806108570267648
198806108985499648
198806108922585089
198806108696096768
198806109031628800
198806109316853760
198806109417512961
198806109602070528
198806109555920896
198806109753049089
198806109803397121
198806109463654401
198806110138941440
198806110134743042
198806110231212032
198806110067630080
198806109807591424
198806110516420609
198806110751305728
198806110835179520
198806110931648512
198806110856167425
198806110839377920
198806111191711744
198806111548211202
198806111715983360
198806111883759617
198806111984427009
198806112324161537
198806112194150401
198806112819089409
198806112349323265
198806113087537152
198806113267879936
198806113280466945
198806113108504576
198806113481785344
198806113502769153
198806113473409026
198806114131906561
198806114123530241
198806114253541376
198806114681356288
198806114681360386
198806115159519233
198806114731704321
198806115994189825
198806115360849923
198806115927080962
198806116161945600
198806115763503105
198806115289542657
198806116463935488
198806116614930433
198806115142729728
198806117193760768
198806116396838914
198806117369905152
198806117567053825
198806117818699778
198806117822889984
198806117944532992
198806118120697856
198806118217170945
198806118204575744
198806118795972610
198806117336367104
198806118535933953
198806118619815936
198806119093768196
198806119097958400
198806119295102979
198806119274119168
198806118699499520
198806119320264704
198806119353819136
198806119618068480
198806119370596352
198806119920058368
198806119945216002
198806119735500801
198806120071045120
198806120012324865
198806119697752064
198806120154931200
198806120041693184
198806120284946433
198806120100409345
198806120456929280
198806119609679872
198806119886491649
198806120595333124
198806120519827456
198806120595337216
198806121350316032
198806121576800256
198806121643905024
198806121782312962
198806121807495170
198806122210140164
198806116870782977
198806122122063872
198806122310795264
198806122273058816
198806122570854401
198806122763788288
198806122163994624
198806123099324417
198806123195797504
198806123350990851
198806123413901313
198806122998661121
198806123510374400
198806123485216771
198806123715887104
198806123896254466
198806124093382656
198806123439075329
198806124307283969
198806124475064320
198806124709953536
198806124835770371
198806124726730754
198806125041295360
198806124760268802
198806125171322881
198806125079035904
198806125351665664
198806125448134661
198806125502668800
198806125762711554
198806125972422658
198806125787873281
198806125397811201
198806126140198912
198806125527830528
198806126303772675
198806126450589696
198806126932918274
198806126928723968
198806127687897088
198806127432048640
198806128224768000
198806126962282496
198806128065388544
198806128832942080
198806128803581954
198806128870686720
198806128195416066
198806129046847490
198806129277534208
198806127801155584
198806129264951296
198806129432727552
198806129562750976
198806129944432642
198806129986379777
198806130389037056
198806129344647168
198806130888163332
198806130946879488
198806130728779777
198806131064307712
198806130393219073
198806130296750080
198806131362107392
198806131399868418
198806131638931457
198806131609567232
198806131060129792
198806131903180801
198806131949318144
198806132318408704
198806132280672256
198806132255494144
198806132461023233
198806132624592897
198806132469403650
198806132213547008
198806132112883712
198806132729458688
198806132893024256
198806132905615360
198806132930789378
198806133203402752
198806132872069120
198806133438291968
198806133350207488
198806133643804672
198806133408935936
198806133757063168
198806133836750849
198806133635416064
198806133861916673
198806134029697025
198806134105182208
198806134080024576
198806134004531202
198806134147129344
198806133811593217
198806133689958400
198806134251986945
198806133656391680
198806134402981889
198806134419750912
198806134382010368
198806134751113217
198806134042275841
198806134591717376
198806134755307521
198806135015342080
198806135103438848
198806134407172097
198806135191502849
198806135229251584
198806135338319873
198806135485108227
198806135543828480
198806135648690179
198806135535448066
198806135870992384
198806135917125632
198806136080711681
198806136038752257
198806135644495872
198806135841624064
198806135514468352
198806136261066753
198806136336556033
198806136516902913
198806136584015873
198806136588222464
198806136751783936
198806136705646592
198806136948924416
198806136898596864
198806136982474752
198806137221558275
198806137196384257
198806137506762752
198806137343193089
198806137481592832
198806137238335490
198806137263497218
198806138005893120
198806138471460867
198806138169475072
198806138458877952
198806138647609345
198806137758416898
198806138672791553
198806138798612480
198806138786021376
198806138844745729
198806138316271617
198806138110738432
198806139083829248
198806139129962497
198806139083825152
198806139134164995
198806139129962496
198806139293536258
198806139280957441
198806139926888448
198806139868151808
198806139901706242
198806139947843584
198806139998175232
198806140023341056
198806140316950529
198806140249833472
198806140304371712
198806140237250561
198806139637481472
198806140283392000
198806137771016192
198806140384055296
198806140329533442
198806140803493889
198806140912533504
198806140979650560
198806140228861952
198806141407473666
198806141516517377
198806140216283136
198806141596205056
198806141650743296
198806141667508225
198806141755596802
198806141822697472
198806141910781952
198806142263107584
198806141331972096
198806142510567425
198806142372159489
198806142565093376
198806142560894976
198806141885616128
198806142619623424
198806142955167748
198806143114543105
198806143206830081
198806143483650049
198806139113193472
198806143865331712
198806143827582977
198806143957602304
198806144045694977
198806144142151681
198806143458484224
198806144251207680
198806144406388737
198806143362011137
198806144322510848
198806144427364352
198806144779681792
198806144771309570
198806145027162113
198806144796459008
198806143366205440
198806144867766273
198806145006174208
198806144993591296
198806145324941312
198806145605971968
198806145882791938
198806145882800129
198806145941516288
198806146134450176
198806146499354624
198806146579046401
198806146646163456
198806145773740033
198806146872639489
198806146994290688
198806147011067904
198806147082366977
198806146935554050
198806147673751554
198806147770236928
198806146918776832
198806147656986627
198806147434676225
198806147992530946
198806147979952132
198806148164497410
198806148332269568
198806148432920576
198806148642643969
198806148344852482
198806148692983809
198806148349034497
198806148638449666
198806148948828160
198806148500029440
198806149003350017
198806149087232000
198806149410201600
198806149460533248
198806149456343040
198806149565382656
198806149657661440
198806149611532288
198806149775106048
198806149569589248
198806149892542464
198806150014185475
198806150446190593
198806150756569088
198806150882410496
198806149364068354
198806150341341184
198806150886600704
198806151117287424
198806151222132737
198806150009995264
198806151096315904
198806151532511232
198806151612203008
198806151087931392
198806150723026945
198806151637372928
198806149334704129
198806151998091264
198806152027455489
198806152270721025
198806152191021057
198806152761458688
198806152803401731
198806152778227712
198806153130557443
198806153285742592
198806152958574593
198806152438480896
198806153256374272
198806153080209408
198806153457700864
198806153386409984
198806153843580929
198806153940058114
198806153818423296
198806153952632832
198806154015543296
198806153998761985
198806153159917568
198806153713565697
198806154615332864
198806154602745856
198806154741153792
198806154799890435
198806155148005376
198806155210919936
198806155630358528
198806153432539136
198806155781341184
198806155567448066
198806155928141825
198806155907174400
198806156225949698
198806156066562048
198806156347580417
198806156574064640
198806156666351619
198806156653768705
198806156930588674
198806157110951937
198806157031256064
198806157098360832
198806157404549120
198806157693947904
198806157840756736
198806158046265344
198806158134345728
198806157807206400
198806159036133376
198806158960627712
198806158398603264
198806159107424260
198806159266824193
198806159623335936
198806158939664385
198806159916929024
198806159220674562
198806160021794817
198806158801248257
198806160193753088
198806157538762752
198806156943163392
198806160193761280
198806160747397120
198806160730632193
198806161066164225
198806161082953730
198806161481404416
198806160843866113
198806161695309824
198806161426878465
198806160848072705
198806161837916161
198806161842110465
198806161888256000
198806162001494016
198806162651627520
198806161825349632
198806162660016128
198806162840371203
198806162903269377
198806162978783234
198806163104600064
198806162567733248
198806163297550336
198806163385618432
198806162932637696
198806163494670336
198806163511459840
198806163528237056
198806163528237058
198806163624706048
198806163574362112
198806163545006081
198806163897323520
198806164027359232
198806164174143489
198806163616301059
198806164350320641
198806164354510848
198806164325154818
198806164434202624
198806164467757056
198806164417413120
198806164555829248
198806164199313410
198806164706836481
198806164702642176
198806164442595328
198806164845240321
198806165495365632
198806165528903681
198806166007066624
198806166539743233
198806166455853056
198806166879469569
198806167403773952
198806166787207169
198806167470870528
198806167701561344
198806166707519489
198806167764484096
198806168280375296
198806168263598080
198806168225845249
198806168565596162
198806168565596161
198806168792076289
198806168905322497
198806168641089536
198806169341526017
198806169530273792
198806169781927938
198806169693847552
198806169794527232
198806168511070208
198806170071334913
198806169924542464
198806170335580160
198806170339786753
198806170570465280
198806170734034944
198806171052806144
198806171019259906
198806170952151041
198806171228966912
198806171686141954
198806171711315969
198806172004913152
198806171988144128
198806171971354624
198806172223021056
198806172302716929
198806172558569473
198806173070278656
198806173078654977
198806172277547008
198806173305151488
198806173426782208
198806173376446464
198806173368074240
198806173204488192
198806174060118016
198806174907375616
198806174265643008
198806174945132544
198806174244679681
198806175167418369
198806175389728768
198806175356166144
198806175410688001
198806174798323714
198806175016431616
198806175557492736
198806174685073408
198806175867879429
198806175922388992
198806176408944640
198806176371187712
198806176601866242
198806176492830722
198806176761257984
198806177084223488
198806177247789056
198806177411375107
198806177528811521
198806177633669121
198806178011152385
198806177965023233
198806177608507394
198806178145382400
198806178640314369
198806178770333697
198806177767886848
198806178673852416
198806178170548224
198806179097489408
198806179269455872
198806179466588161
198806179143626752
198806179458187266
198806179546271744
198806179974086657
198806180062171136
198806180208984065
198806179001020416
198806179735023616
198806179860848640
198806180406108162
198806178690646016
198806180477415424
198806180490002433
198806180640980992
198806180712296449
198806180682928130
198806180527734784
198806180892651522
198806180695515136
198806181085585408
198806181261737986
198806181052026880
198806181542756354
198806181798608897
198806181903474689
198806181924454400
198806181702152194
198806182297739265
198806182352257024
198806182616506369
198806182549397504
198806182654246912
198806182935281664
198806182637469696
198806183090454528
198806183329529859
198806183409221632
198806183677661184
198806183618949121
198806183803498496
198806183858016256
198806183950299136
198806183946104832
198806184029986817
198806184147435520
198806184218730497
198806184164200448
198806184189370372
198806184311005184
198806184499740672
198806184516526080
198806185028222976
198806184092905473
198806185502179328
198806185963560960
198806185854504960
198806185930014720
198806185086947328
198806185963552768
198806186001301506
198806186282332160
198806186278125569
198806186433314818
198806186617872384
198806186458484739
198806186752090115
198806182692007936
198806186638835713
198806186525597698
198806186915676160
198806186848567296
198806186450100224
198806187033104385
198806187108610048
198806187297349635
198806187439951872
198806187393818624
198806186697560065
198806187502870530
198806187809050625
198806187825836032
198806188182347777
198806188438204416
198806189071548416
198806189033791489
198806189075742720
198806189147045889
198806188853432320
198806189323202560
198806189000241152
198806189621002242
198806189461606401
198806188970876929
198806186584317952
198806189860073472
198806189985890304
198806188534661120
198806190099152896
198806190103347200
198806189755219968
198806187247022080
198806190157856769
198806190690545664
198806190757650434
198806191378415617
198806191294529537
198806191298715648
198806191332270081
198806190514380801
198806191487467523
198806190350811137
198806192015937536
198806191240003586
198806192087240704
198806192192110595
198806192338903040
198806192338903041
198806192460533760
198806192326311939
198806192154361856
198806192838029312
198806192628318209
198806189843300352
198806193119035394
198806193291018240
198806193316179968
198806193400061952
198806193802719233
198806193685274624
198806193945329667
198806193630756866
198806193857232897
198806194176016385
198806193819488256
198806194201165824
198806194234728448
198806194964545537
198806195623034880
198806195786625026
198806195757268992
198806195795009536
198806194381524992
198806196105396225
198806195958591488
198806195799203840
198806195845337088
198806196713553921
198806196654841857
198806196570951680
198806196617093122
198806197099446273
198806197279793152
198806197342699520
198806197070073856
198806196885524481
198806197128802304
198806197611139072
198806197585969152
198806197388836865
198806197955067904
198806197661466625
198806198278033408
198806198408060929
198806198693265409
198806198911381504
198806199242735616
198806199397908481
198806198949126144
198806199741849602
198806199880265729
198806200110952448
198806199972528128
198806200052236288
198806200450686976
198806200542969856
198806200299696130
198806200853331968
198806200794611712
198806200865918977
198806201046278145
198806201100800001
198806201088221184
198806200400363520
198806201662849024
198806201646071811
198806201830608898
198806201826418689
198806201646055424
198806201826414592
198806201994182656
198806202161971201
198806202178748417
198806202329735168
198806202434584580
198806202363293696
198806202073878528
198806202539446272
198806202543644673
198806202346508288
198806202778521600
198806202807894016
198806202950496256
198806203030175745
198806202170351617
198806203265060864
198806203596410880
198806203659325440
198806203730636802
198806203168604161
198806203718049792
198806203785154560
198806203818721282
198806203923570689
198806203969708033
198806200849145856
198806204535930880
198806203923574784
198806203944542208
198806204288475136
198806204946972672
198806205110562816
198806205198647296
198806205525798912
198806205337055233
198806205668405248
198806205639036931
198806206406606848
198806206394015744
198806206465323009
198806206217859074
198806206016524288
198806205953605632
198806206792482816
198806206960254977
198806207119638528
198806207329337344
198806205857153025
198806207358705665
198806208277266432
198806208352751618
198806208767987712
198806208956743680
198806208801554432
198806209216774144
198806209233551360
198806208449224705
198806209380368385
198806209380364289
198806209535549440
198806209321644033
198806209460047872
198806209636208641
198806209770422272
198806209866907649
198806209808179201
198806209829158914
198806209812365313
198806209996922880
198806210210836481
198806210173087747
198806210277937152
198806210437316608
198806210571550720
198806210642849792
198806209921433600
198806210777059329
198806210865143809
198806211087441920
198806211074850816
198806211301359616
198806211288768516
198806211678838786
198806211439763456
198806211678842881
198806211792080897
198806211792089088
198806211859202049
198806212060524544
198806212400250880
198806212349927424
198806212463173632
198806209162248193
198806212182163456
198806212693860352
198806212895182851
198806212949721090
198806213146836992
198806213062955008
198806213494964225
198806213457231872
198806213687910400
198806213792768002
198806213834719232
198806213926993921
198806214270910464
198806214413533185
198806214010867713
198806214677770241
198806214921039873
198806215189475328
198806215093010432
198806215017496578
198806215260778496
198806215210446849
198806215474679808
198806215676014593
198806215797637121
198806216028332032
198806215961219072
198806215948640256
198806216091254784
198806216070283264
198806216380657666
198806216372273152
198806216007356417
198806216695230465
198806213302030337
198806217093681153
198806213906010113
198806217328566272
198806217324367872
198806217303408640
198806217253072896
198806217722826752
198806217768972288
198806217760575488
198806218276470785
198806217727029248
198806218482003969
198806217571827713
198806218603642883
198806217592807424
198806219018874880
198806219052425217
198806219278925825
198806218888847363
198806219438301185
198806219664797696
198806219534766080
198806219052417024
198806219819986944
198806219966775299
198806219954196480
198806218981130240
198806220151332864
198806220126158850
198806220268781570
198806220411375616
198806220994392064
198806221648703489
198806221136990210
198806221992636416
198806222080716800
198806222177181697
198806222365917184
198806222214934528
198806222797946880
198806222839889920
198806223028625410
198806223167029248
198806223397728256
198806223565500416
198806223573880832
198806224010084354
198806224182067201
198806224475660290
198806224341446656
198806224047845376
198806224664399873
198806224836362240
198806226006581248
198806226052710402
198806225977221124
198806226522488832
198806226073698306
198806226606358528
198806226665086976
198806226891583489
198806226707030018
198806227210338304
198806227084513280
198806227403276288
198806226438590464
198806227675922432
198806228317650945
198806228569300992
198806228741259265
198806228703514625
198806228774830081
198806228946788353
198806228850319360
198806229429129217
198806228695121921
198806229588525056
198806228279902208
198806229777256448
198806229886308353
198806229823401985
198806230234439681
198806230288957440
198806230301548544
198806230729363458
198806230670647296
198806230754533376
198806230922305536
198806230964240386
198806230825836546
198806231345926144
198806231350132736
198806231706644482
198806231551442944
198806231866015744
198806231715024897
198806231589195776
198806232050577408
198806231417229312
198806231824080896
198806232184795136
198806232327401472
198806232453226498
198806232407089153
198806232352563200
198806232293851136
198806232310611968
198806232482578432
198806232683917312
198806232860073984
198806233027850240
198806233006870528
198806232147038208
198806233153679360
198806233380175873
198806233367576576
198806233363398656
198806233359187969
198806233178832896
198806232981708803
198806233698938880
198806233254346752
198806233518579713
198806233380175872
198806234521010177
198806234546188289
198806234533609474
198806234797834240
198806235011756034
198806234705567744
198806232419680258
198806235594764289
198806235477315584
198806235565391873
198806235892555778
198806234416164864
198806235942879233
198806236152602625
198806236299407361
198806236660121600
198806236668497920
198806236861444097
198806237020831744
198806237104713729
198806237272481793
198806237415092224
198806237809360896
198806237821927424
198806237612224515
198806238610456576
198806238719516672
198806238409129984
198806238534963200
198806238874697728
198806238337835011
198806239164108800
198806238786625538
198806239688396800
198806239843598336
198806239566774274
198806240288190465
198806240405622784
198806240497909760
198806240460156928
198806240573399040
198806240086855681
198806241433239553
198806241626161152
198806241886224384
198806241399676928
198806241852653568
198806242599247872
198806242343403523
198806241961717763
198806242410508288
198806240103645184
198806242125283330
198806243081584640
198806243106762752
198806243660414976
198806243211624448
198806243660398594
198806243790438400
198806244323106818
198806244243410947
198806243173875714
198806244507664384
198806244528635904
198806244541202432
198806244725768193
198806244880941057
198806245044535296
198806244964835328
198806244591546370
198806245652697088
198806245493325826
198806245623341056
198806245728206848
198806245761748993
198806245619142656
198806245396856832
198806246042767362
198806246172803072
198806246273454082
198806246332178434
198806246206341120
198806245866602496
198806246399291394
198806246399283202
198806245870800896
198806246420258818
198806246550278145
198806246420267008
198806246780960768
198806247212986368
198806247242350593
198806247552712705
198806247582076928
198806246281850881
198806248035069953
198806248064417795
198806248165093377
198806248223813632
198806247791804417
198806247653388288
198806248886501376
198806248852951040
198806248848756737
198806248957812737
198806249217863680
198806249322725377
198806249565982720
198806249696018435
198806249607938048
198806249406599172
198806249972826112
198806250102861824
198806250157387776
198806249498886144
198806250299998208
198806250492936193
198806250471956480
198806250757169153
198806250719412224
198806250736197632
198806250803302400
198806251600224258
198806252095160320
198806251797348352
198806251835113472
198806252078366722
198806252606857216
198806251675713537
198806252678156288
198806252762054656
198806252992737280
198806252225167360
198806252913045504
198806253114372096
198806253332480001
198806253592518656
198806254125191169
198806254192295937
198806254234238977
198806254020345857
198806254435581952
198806254691430400
198806254691418112
198806255098265600
198806255127638016
198806255156989952
198806255387688960
198806255429623808
198806255366701057
198806255832285184
198806255928754177
198806256058773504
198806255899385857
198806255945519106
198806255656112128
198806256759214081
198806256734056448
198806256889233410
198806257057009665
198806257124126720
