198782098000183297
198782098419613697
198782099052969984
198782099489177600
198782099824713730
198782100499992578
198782100747464706
198782101649231873
198782102706196480
198782102764916736
198782103926743040
198782105919045632
198782107236057089
198782108100067328
198782111564578816
198782111879143424
198782114483798017
198782115641425920
198782115398156288
198782116522229760
198782117210099712
198782115335241728
198782119235948544
198782119458246657
198782119605055488
198782120452292611
198782121639280640
198782121807069184
198782121437958145
198782122314567681
198782122440404992
198782122096463872
198782123186987009
198782123929370624
198782125858750465
198782126039109632
198782128446640128
198782130552176640
198782130963234818
198782131311345664
198782133467226112
198782134218010624
198782134817783810
198782134188642304
198782135518248960
198782135883145216
198782136415830016
198782137422450691
198782138785595393
198782139578335232
198782140341682176
198782141503516672
198782141247664128
198782143164456960
198782142891823105
198782144422748160
198782146633146368
198782145798488065
198782147216162818
198782149250383872
198782149506252800
198782151456587776
198782151884414976
198782152375148544
198782151741816834
198782153209823233
198782155957084160
198782156800147457
198782157890658304
198782157899038720
198782158473670656
198782158712741888
198782158863745024
198782163779469312
198782163959808002
198782161791352832
198782164920320001
198782166728065028
198782167927619584
198782169483710464
198782169114607617
198782171622817792
198782171626995714
198782172440702976
198782172470063104
198782174768533505
198782177318674432
198782178300137472
198782178597933057
198782178182696960
198782180418256896
198782180556685312
198782180963528704
198782181613649920
198782181731074050
198782181970153472
198782183857598467
198782184411246593
198782184780341249
198782185673736194
198782184981659650
198782184977473537
198782186126708737
198782188655878144
198782189771554816
198782190383923200
198782191793217536
198782192602710016
198782189863837696
198782191893884928
198782193005371392
198782194565652481
198782195014434816
198782195194798080
198782196239187969
198782198160171008
198782198046932992
198782198499917825
198782199397498880
198782201435914240
198782203377876993
198782205714120705
198782206414565376
198782207123406848
198782207861592064
198782208998244352
198782208952111105
198782211837800448
198782213465194497
198782215910473728
198782217583992832
198782218057945088
198782218368335874
198782217600770049
198782218125062144
198782221316919297
198782222008975363
198782222562639873
198782223191769088
198782222747189248
198782223560880128
198782224739475457
198782224890470401
198782223854485504
198782224999526400
198782226022928385
198782220834582528
198782228346585089
198782229122531328
198782232498937857
198782232985477122
198782233182601218
198782234210217985
198782234155683841
198782235678228480
198782235271372800
198782238563897344
198782239268552704
198782239281123330
198782240061263872
198782240505856002
198782239142723586
198782240581361666
198782240291962883
198782240107401216
198782240786878464
198782240744939520
198782241613168642
198782241604771840
198782242993082368
198782244029087746
198782244465291264
198782244473667584
198782244918263808
198782245379653633
198782244515618816
198782248722501632
198782248001077250
198782249729138688
198782251155210240
198782250228264962
198782252157640704
198782252086341632
198782253407539202
198782254221234176
198782253990543362
198782256255483904
198782256884617217
198782257895448576
198782256721047552
198782260147781635
198782260848242688
198782262223974400
198782264908328961
198782268272164864
198782269048111104
198782268960018432
198782269559812096
198782269979242497
198782270860050434
198782274056101888
198782273930268674
198782274735570944
198782275503128579
198782276295856129
198782276694319104
198782276920811521
198782277793222657
198782278023917568
198782280301424640
198782280444026882
198782280506933248
198782280582438912
198782281752657921
198782282801233922
198782282503438336
198782283963047936
198782284839657473
198782286529961984
198782287389798400
198782287024898048
198782288421597184
198782287750512640
198782288622923776
198782288996216832
198782289843466241
198782289180766209
198782290267078657
198782293299564544
198782293865795584
198782294436216832
198782294671106048
198782295883255808
198782296768262145
198782297791676417
198782297955250177
198782299171590144
198782298789916672
198782300283076608
198782300329226241
198782300849324033
198782301419745280
198782302724161536
198782302912905216
198782308705255425
198782309531525122
198782308013182977
198782311515430914
198782312186515456
198782312618532865
198782312442380290
198782313428033537
198782313520308224
198782312631115777
198782315994951681
198782316598935553
198782316695388160
198782316615712770
198782318029189120
198782318159212546
198782318826098689
198782319941791745
198782319945986049
198782322831654913
198782324576501760
198782324698136576
198782325692186625
198782326237437952
198782326430375936
198782327189536768
198782328112287744
198782331174137858
198782331652284417
198782332151410691
198782333350985728
198782334491824128
198782335418761216
198782335527821313
198782335783673856
198782337247490050
198782338287669251
198782338858102785
198782340187693056
198782341357912065
198782347498373120
198782346944724992
198782348878286848
198782348911845376
198782342247100416
