198840231011680258
198840231192043520
198840231389179904
198840231598899200
198840232043479041
198840232085434368
198840232148336641
198840231259156480
198840232492277760
198840232819425280
198840229518508032
198840232936869888
198840231229792256
198840228641902594
198840233129807872
198840232555188224
198840233549242368
198840231062024192
198840233121415168
198840234065137665
198840233733787648
198840233268232192
198840233972862978
198840234279059458
198840234627182592
198840234522329088
198840233305980928
198840234270666756
198840234941747203
198840234706874369
198840235054997507
198840235252129793
198840235667361792
198840235323437057
198840235898044416
198840235445063681
198840232102199296
198840236577521666
198840235596058624
198840236791435265
198840237554802688
198840235927420928
198840238540455936
198840238540464128
198840237705805824
198840236372004864
198840238330748930
198840237462532096
198840238246858752
198840237412192257
198840236426539009
198840238230089728
198840237676445697
198840239169617920
198840238406254592
198840237890342913
198840238813089792
198840239270273024
198840238330753025
198840238154579970
198840239047974915
198840236334260224
198840239442235393
198840239991701505
198840239517732865
198840239601627136
198840240004284416
198840239647756288
198840238578208769
198840239853289472
198840240599867394
198840240297877504
198840240595668992
198840240910237696
198840241057042434
198840241166102531
198840240838950912
198840241371615232
198840241342255106
198840241531006976
198840238452379648
198840241350643712
198840241359044609
198840241283530752
198840241392586753
198840242126589952
198840241656836096
198840242030125056
198840242680238081
198840242818658306
198840242583773184
198840243271647233
198840243175161856
198840243259056128
198840243472969728
198840243946921984
198840239911997441
198840243900784641
198840243363913728
198840243842056192
198840244630593537
198840244819341312
198840245075193857
198840245331050496
198840245431713793
198840245331038208
198840244882255872
198840245322653696
198840245247160320
198840245356216321
198840245595287552
198840245083578368
198840245784018944
198840245414920192
198840245318459395
198840245423325186
198840246421557248
198840246354452480
198840246425759744
198840246157328384
198840246761295872
198840245435891713
198840246698389505
198840246325088256
198840246954237952
198840247260426240
198840246778073090
198840247092649984
198840247541440514
198840247461748737
198840246119567360
198840248220917761
198840248392880131
198840248724230144
198840248443207680
198840249189793792
198840248921374720
198840249806356481
198840249357582337
198840249961549824
198840249806356480
198840249235943424
198840250464874497
198840250523590657
198840250892693505
198840250989166594
198840250485833731
198840250930434049
198840251094007808
198840251328892929
198840251798663168
198840251882549248
198840251345678337
198840252075479041
198840251752513536
198840252331331584
198840252335538176
198840252469739520
198840252071284736
198840252096454656
198840252381667329
198840252436185089
198840253233102848
198840253388304384
198840253103083521
198840253396680704
198840253396684800
198840253954523140
198840254474633216
198840253723836417
198840253392502784
198840254768218112
198840254273302528
198840254663368704
198840254734663680
198840254898253824
198840255493844994
198840254994718720
198840255447703554
198840254986321920
198840255523196929
198840255636443136
198840255829385216
198840255493849089
198840255598698496
198840256013930496
198840255984570368
198840256726962176
198840256685023235
198840257247055872
198840257280622593
198840257435811840
198840257515491328
198840257251262464
198840257532280834
198840257876201473
198840258320801792
198840257918140416
198840258018816000
198840258895421440
198840259121913856
198840259264512001
198840259927228416
198840259738476544
198840260434731009
198840260581535746
198840260979982338
198840260640243714
198840260938043392
198840261319737344
198840261592350721
198840261076459520
198840261441359873
198840262263447552
198840261835636736
198840262494142466
198840262796115968
198840262544465920
198840263219744770
198840262926151681
198840263395917825
198840263597236224
198840263936970753
198840264629039105
198840264721301506
198840264842936322
198840264457064451
198840264360591361
198840264507400195
198840264956186624
198840265019113472
198840265182674946
198840265946046464
198840265979592704
198840266378059776
198840266415808512
198840267154006019
198840267493744642
198840267569246208
198840267355340800
198840267565047808
198840267766374401
198840268169019393
198840268252905472
198840267829288960
198840268345188353
198840268512964608
198840268575870976
198840268236132352
198840268672335872
198840268814942208
198840268932382720
198840268865277952
198840268986908672
198840268571684864
198840269347635200
198840269716733952
198840269553139712
198840269414744064
198840267711848448
198840269607677953
198840269557334016
198840270274572288
198840270098399232
198840270257786880
198840270442332161
198840271205695488
198840271537061889
198840271000182786
198840271113420801
198840271444770816
198840271042125824
198840271826460673
198840270777876483
198840272044560386
198840272266870784
198840272220733443
198840269846745089
198840272598204416
198840272300417024
198840272988274688
198840272711450624
198840273172828160
198840273227362304
198840273323819009
198840273789399040
198840273579671552
198840273307058177
198840273692921856
198840274254970881
198840274338856960
198840274678591489
198840274972184576
198840275144146944
198840274905075712
198840275030900736
198840274636652544
198840275152535552
198840274770866176
198840275571982336
198840275437756416
198840274938630144
198840275743932417
198840276620550145
198840276880592896
198840276851236866
198840276683468800
198840277224521728
198840277404884994
198840277300023296
198840277505540098
198840277425860608
198840277874655234
198840277723648000
198840278130495490
198840277828501504
198840278226964480
198840277836890112
198840278772228096
198840278902251520
198840278524764161
198840278575087619
198840279392989186
198840279518810112
198840280038899712
198840279833391104
198840279942434817
198840280252817408
198840280613531648
198840279363629057
198840280387035136
198840280475107330
198840280944873472
198840280672256000
198840281037144064
198840281091674113
198840280798076933
198840281582411776
198840281930530817
198840282123468800
198840281951502337
198840281645334532
198840281880203265
198840282723266561
198840282060554241
198840281712427010
198840282878455809
198840282962341888
198840282614206464
198840283092369408
198840283553726464
198840283083972608
198840283901870080
198840284170301440
198840284413571073
198840284484878336
198840283964784640
198840284879130624
198840284451319808
198840285076258817
198840285231464449
198840281955704832
198840286238097409
198840286766579712
198840286783352832
198840286863040512
198840286661713920
198840286661709824
198840287337000960
198840287601233920
198840284371623938
198840288062611456
198840287609626624
198840288129720320
198840288238764034
198840287873859584
198840288494628864
198840288498823168
198840288234586113
198840288553340929
198840288758874113
198840288054222849
198840288536563713
198840289081819137
198840288507203584
198840289211842560
198840288947609601
198840289388011523
198840289060859905
198840289786470400
198840289861976064
198840289740328962
198840290008764417
198840291040563200
198840290667274240
198840290847621122
198840291023794176
198840290570797056
198840291086708737
198840290981855233
198840291380314113
198840290986049536
198840290952486913
198840290327531522
198840291451613185
198840291862646786
198840291732619264
198840291833286656
198840291812323328
198840290797305856
198840292860895232
198840293460676610
198840293636841472
198840293775249410
198840293825593345
198840293590700033
198840293775249408
198840294203064320
198840294106599424
198840294677024768
198840294807044096
198840294748323841
198840295079677952
198840295423606784
198840295763345408
198840296027590656
198840295943716864
198840295264235520
198840296392499200
198840296648347648
198840296522526721
198840295448776705
198840296694493184
198840296870658048
198840296950345728
198840296929370112
198840296568668160
198840297076162560
198840297680146432
198840297843720192
198840298166685697
198840298401579013
198840298053443584
198840298703564802
198840298711941120
198840298951028737
198840298569351169
198840299177525249
198840298405765120
198840299685031936
198840299575967744
198840299890540544
198840299450155008
198840299819249665
198840300460974080
198840300007993345
198840300674883585
198840301085917185
198840300662292480
198840301115289601
198840301475999744
198840301895421954
198840300293210112
198840301283057666
198840301576650752
198840302109331456
198840302755254272
198840302793011201
198840302520385537
198840303329873920
198840303472484353
198840303904493568
198840303355039745
198840304080662530
198840304256819200
198840304097439744
198840303346651136
198840304495886336
198840304286187521
198840304923705344
198840304663674881
198840304579788800
198840305200533504
198840305749991424
198840305280221185
198840306010030081
198840305640939521
198840306710482944
198840306140069888
198840306400112641
198840306387529728
198840307142496256
198840306320420864
198840306823725059
198840307129909250
198840307662589952
198840307666792448
198840307327053824
198840308140736513
198840305586417665
198840308665032704
198840308933476352
198840308304314369
198840308539195393
198840309168353281
198840309583581186
198840309164163072
198840309390647296
198840309730394112
198840310116265984
198840309726199809
198840309948485632
198840309990428675
198840310686691328
198840310829301761
198840311122903041
198840311198384128
198840311550709761
198840312121143296
198840311911428096
198840312473452544
198840312452489216
198840312481841152
198840311953375234
198840312242769920
198840312251162624
198840312788037632
198840312813199361
198840312855138305
198840311848505347
198840311936598016
198840312804814850
198840313299738624
198840311160651776
198840313098416128
198840312846753793
198840313710788609
198840313211666433
198840313392005120
198840313316519939
198840314100850689
198840314029551616
198840313614307329
198840314021150721
198840314348314624
198840314457374721
198840314918731776
198840315040370689
198840315149426690
198840315371728897
198840315396886528
198840315426258944
198840315971510273
198840315946352642
198840315002634240
198840316009254914
198840316114124800
198840316202192896
198840315656929280
198840315652743168
198840315967315968
198840316609052673
198840316596465665
198840316227366912
198840315791159297
198840315824713728
198840316877479937
198840317049442304
198840317670207490
198840317913468928
198840318043492353
198840318123192320
198840317858938880
198840318223859712
198840318970429440
198840318618112000
198840319800909824
198840319494733824
198840315237502976
198840320237121536
198840320178388992
198840320308416512
198840319708639233
198840320560074753
198840319696048128
198840320765591552
198840320715272194
198840320933376000
198840320337788928
198840319582797824
198840321386360833
198840321067589632
198840321201803264
198840321923219456
198840321478627329
198840318332911616
198840321596076033
198840319935127552
198840322367832064
198840316705517568
198840322476875776
198840322447507456
198840322460098560
198840322401382400
198840322476867587
198840323428974592
198840323559014400
198840323709997057
198840322334277633
198840323873574912
198840323756134400
198840323915517952
198840323663867905
198840323965857792
198840324121042944
198840323739361281
198840324083302401
198840324318183425
198840324053929985
198840324641140737
198840324976689152
198840325287055360
198840325370949632
198840325396119556
198840325157027840
198840325547098112
198840325891031042
198840325974933504
198840325974925312
198840325639380992
198840326364995585
198840326813794305
198840327115780096
198840326633426944
198840326943817729
198840326901874688
198840327682011136
198840328042725376
198840327308718081
198840327983992832
198840328139194368
198840328118206464
198840327967227906
198840328030126080
198840327820423169
198840328550223873
198840328550223874
198840328613138432
198840329011601409
198840329464578050
198840329649135618
198840329569439744
198840329879826433
198840330559307777
198840330257317888
198840330764828672
198840330542518272
198840330307637249
198840331037442048
198840331163287552
198840331133927424
198840330047594496
198840331729506305
198840331708530688
198840331754680320
198840332052467712
198840331503022082
198840331754668034
198840331641434113
198840331888893952
198840331876319233
198840332400599040
198840331884695554
198840332467707906
198840332669038592
198840332631289856
198840332568363009
198840332534820864
198840333004578817
198840332694200320
198840332719366144
198840333289791488
198840333751164929
198840332987793410
198840333633724417
198840333776326657
198840334132854784
198840334078316544
198840333923135488
198840333587587072
198840334141239297
198840334371926016
198840334489362434
198840334548086784
198840331314266113
198840334204149762
198840335072366592
198840334426451968
198840335634407424
198840335802187776
198840335441461248
198840335739273219
198840335785398272
198840335894462464
198840336397770752
198840336200642560
198840333616951297
198840336758480897
198840336808808449
198840336880123904
198840336913666048
198840337383424000
198840337412788225
198840337702195200
198840337949659137
198840338209710080
198840338230681601
198840337853186048
198840338335531008
198840338897571840
198840339442843648
198840338964680704
198840339291848704
198840340273315840
198840340357185536
198840339937759232
198840340222984193
198840340420112384
198840340759846912
198840340411719681
198840340357201920
198840341418348544
198840341619671043
198840341485469697
198840341464494081
198840341783257088
198840342517256192
198840342617923584
198840342529843200
198840342110416896
198840343247060992
198840342815055875
198840343746183168
198840343335149568
198840343150608386
198840343897182209
198840343238688768
198840344341786625
198840344392105985
198840343649722370
198840344421466112
198840344383721473
198840344912203776
198840345050628096
198840345008685057
198840345281302528
198840344878649344
198840345306468354
198840345608466432
198840345486831617
198840345537155072
198840346359250944
198840346325684224
198840346162114561
198840345998532608
198840346237607936
198840346057252864
198840347034525696
198840347143585792
198840347575595009
198840347361677313
198840347739164672
198840347734982657
198840347512684544
198840347634311168
198840348015988736
198840348087296000
198840348213116928
198840348892594176
198840348611592192
198840349337194496
198840349031006209
198840350079598593
198840350322868224
198840349685317632
198840350369005568
198840349911818240
198840350381572096
198840349806960640
198840350398365696
198840350251565057
198840350771646466
198840350691958784
198840351363047426
198840351388209153
198840351623094272
198840351308517376
198840351958638592
198840352193527809
198840352357101568
198840352143196160
198840352235470849
198840352675872769
198840352696836096
198840353162395649
198840353707659270
198840353325985792
198840353783160833
198840354190000129
198840354953363457
198840354814955520
198840355309883392
198840355259547648
198840354773020673
198840355502833666
198840354974343169
198840355645440000
198840355444097026
198840355863527424
198840355330859008
198840355515404289
198840356484300801
198840356232626176
198840356689809409
198840356756914177
198840356740141056
198840356882755584
198840356878557186
198840356454940673
198840356991795200
198840356807258112
198840356379430913
198840356236820480
198840356668833792
198840357142798336
198840357012770816
198840356471713793
198840357256036353
198840357260230656
198840357805502465
198840357113446400
198840357633523712
198840358539501568
198840358694699008
198840358304616448
198840358518538242
198840358623387649
198840359378354176
198840358594035713
198840359768440832
198840359260913665
198840359529349120
198840359663583232
198840359650996224
198840360452108290
198840359831351297
198840361265790976
198840361492299776
198840361441968131
198840361047703553
198840360909279232
198840358602416128
198840360682790912
198840361802678272
198840361257402368
198840362347933697
198840362561835008
198840361995599872
198840361865584640
198840362247274497
198840362779951104
198840362524094464
198840363052564482
198840362276634625
198840363820130305
198840364344418307
198840363803344896
198840365321691137
198840365317492736
198840365271351296
198840365627883520
198840365623685121
198840365694980097
198840365246201858
198840365334274048
198840366198292481
198840365892112385
198840366638694400
198840366038921216
198840366277988352
198840366491901952
198840367020384256
198840367095877632
198840367104274432
198840365707567104
198840366726778880
198840367410450432
198840367511117825
198840367121043460
198840367376896000
198840367074918403
198840367167180801
198840367716630528
198840367511113728
198840367699869696
198840367364313091
198840367699865604
198840367389478912
198840367666298883
198840368589053952
198840368853303296
198840368790372352
198840368945573888
198840368878456832
198840369432113152
198840368631001088
198840369826373632
198840369893482496
198840369948008449
198840369222393856
198840369671176193
198840369507598337
198840369327259649
198840368840704000
198840370858180608
198840371684450304
198840371751563266
198840372087095296
198840371864805376
198840372435230720
198840371722207232
198840372275843074
198840372875628545
198840372020002816
198840372154212352
198840372842078208
198840373005647872
198840373039202304
198840373529952258
198840373718691841
198840373123096577
198840374570139648
198840374066823169
198840375765499904
198840375060860929
198840375429967872
198840375908106240
198840375174111232
198840376151379968
198840376105254912
198840376226873345
198840376340123650
198840375899721730
198840375945871361
198840376184938497
198840374603694081
198840376923131905
198840376537260034
198840377019600897
198840377111871489
198840377095094275
198840376470155265
198840376579207168
198840377636159488
198840376868605955
198840376835059712
198840377954926593
198840377967521792
198840377707470851
198840378038829056
198840378294669313
198840378449866752
198840378483417088
198840378441478145
198840378584084480
198840378751848448
198840376914739200
198840377971703808
198840378114314240
198840378860896256
198840379460694016
198840379263565824
198840379955621888
198840380442152960
198840380488298496
198840379867533312
198840380500869120
198840380471521280
198840380068859905
198840379586510849
198840380018528257
198840380916105216
198840380609937409
198840380618309632
198840381243260928
198840381100658690
198840381528481793
198840380781903872
198840381650108416
198840381792727040
198840381985656832
198840382103093251
198840383046815744
198840383210393600
198840383197822976
198840383336226816
198840382627385344
198840383122317315
198840383147474944
198840382916788224
198840380278583297
198840383252348928
198840383738875906
198840383336230912
198840384128954368
198840383524966401
198840384061833216
198840384498053120
198840384409968641
198840376684056577
198840383856316416
198840384577736706
198840385072660480
198840385131380736
198840385248829440
198840385366278145
198840385060089856
198840385445965824
198840386028961793
198840385290768384
198840385307553793
198840386591002624
198840386192543745
198840386083487745
198840386754592768
198840386809114624
198840386796531714
198840386742001665
198840387052376064
198840387090120704
198840386234494977
198840386993668096
198840387547312129
198840385815064576
198840384808419328
198840388394549248
198840388549738497
198840388449087488
198840388532965377
198840389002727425
198840389141151744
198840389128552448
198840389430550529
198840389824811010
198840389422157825
198840389707382784
198840389740929025
198840390105829376
198840390240047104
198840387157241856
198840391028572161
198840391309606913
198840391909376000
198840391951331328
198840393285120000
198840393327058944
198840393654222849
198840393566134272
198840393285107712
198840394144940032
198840393637445632
198840393553555457
198840394505658370
198840394702786561
198840394518237185
198840395092860929
198840394702790656
198840395059310592
198840395466153984
198840395558432768
198840395575197696
198840395852034048
198840396179185666
198840395742978048
198840396640555008
198840396774776832
198840395860422657
198840396573446147
198840396502142976
198840396837699584
198840397336813569
198840397886275585
198840397039017985
198840397944979458
198840397567496192
198840397395529728
198840398192451585
198840397940797440
198840398301499393
198840397961756672
198840397508784128
198840397320044544
198840398855155713
198840398901293056
198840399337500674
198840399958253568
198840399945674752
198840399945666560
198840400658710528
198840398762872832
198840400725803010
198840401329782784
198840401262678016
198840397533941761
198840401191387136
198840402667769859
198840402445475840
198840402864902145
198840402290290688
198840403032678401
198840402990743552
198840402499993601
198840402839748608
198840399832416256
198840402814570497
198840403892518913
198840404039307264
198840404454547458
198840404525854720
198840404135784449
198840404190310401
198840404664258561
198840404781711360
198840405058519043
198840405305991168
198840405226295297
198840404853006337
198840403808616449
198840405452800000
198840405175971842
198840406576865282
198840406623006720
198840407348625408
198840406891438081
198840407478636544
198840406782394368
198840407617060864
198840407981957121
198840408015519744
198840408372031488
198840408682401792
198840409013755904
198840409114415104
198840408728539138
198840408724340736
198840408959238144
198840409479319553
198840409395441664
198840409475121152
198840409873588224
198840409579991041
198840409881976833
198840410095894529
198840409840029696
198840410032963584
198840410355929088
198840410456604672
198840410762780672
198840410162987010
198840411169636352
198840411215769601
198840411450642432
198840411547123712
198840411798773760
198840411538731008
198840411752644608
198840411823935489
198840412247568384
198840412620865536
198840412079783936
198840412633440256
198840413719760897
198840413329686528
198840414277607425
198840414223081472
198840414088859648
198840414072086528
198840411370954753
198840414571216897
198840415334576130
198840415162613761
198840415124848640
198840415280037889
198840415699476480
198840415334567937
198840414290190337
198840415271665665
198840415988891648
198840416194396161
198840416429293570
198840416068567040
198840416206987265
198840416823549952
198840416177631233
198840416488001536
198840417263947778
198840416647385089
198840417167482882
198840417054236672
198840417230389250
198840417809211393
198840417364615169
198840417888899073
198840417989562368
198840418106998784
198840417985376256
198840417825996800
198840417914073088
198840418610331649
198840419067506689
198840419226882048
198840420149641217
198840419881197569
198840420254498817
198840420174802944
198840420338384896
198840420812341248
198840421269520385
198840421361790978
198840421722505216
198840421349203969
198840422276149251
198840422016090112
198840422523600897
198840422515220480
198840420657152000
198840422792044544
198840422934654976
198840422905286657
198840422708154368
198840423270199297
198840423081443329
198840423513460738
198840423077265409
198840423828041728
198840423567986688
198840424532676609
198840424834678784
198840424746586112
198840424964698113
198840424352317440
198840424587198465
198840425103106048
198840425237319681
198840425715474432
198840425728049152
198840425870671875
198840425975517185
198840425774202880
198840425006632960
198840426466258945
198840425992294400
198840426176847872
198840425618997248
198840426436902913
198840426889887745
198840427032477696
198840426667581440
198840426747281410
198840427493863424
198840427250581504
198840427972009986
198840428118818817
198840428202704898
198840427670020096
198840428089454592
198840428362080257
198840428089450496
198840428777320449
198840429158989825
198840428580179968
198840429255458816
198840428953477120
198840429448413185
198840429771362305
198840429435817984
198840430169829377
198840430228545537
198840427237998593
198840428907343872
198840430849306624
198840431277117440
198840430790590464
198840431033847808
198840431449083904
198840431176454144
198840432120176640
198840432237625345
198840431654617089
198840432011120640
198840432980000768
198840433420419072
198840432845791232
198840433223274498
198840433445576704
198840433558827010
198840434435428354
198840434095689728
198840434552881153
198840434750005248
198840435056193536
198840434628366337
198840434481573889
198840435274285056
198840435832135681
198840435903447040
198840435836334080
198840436087984128
198840435777605633
198840436234784768
198840436750692352
198840436515807232
198840436104765440
198840436872323072
198840436457078784
198840436926857216
198840437149143040
198840437757329408
198840437933486080
198840437899927553
198840438071898112
198840437618913281
198840437421768705
198840438554243074
198840437665042432
198840438948495360
198840438575214593
198840439237914625
198840439833493504
198840439644758019
198840439179190272
198840439422459906
198840440055803905
198840440424890368
198840440060002304
198840440521359360
198840440773033984
198840440596856832
198840441133731840
198840440563314689
198840441444110337
198840440999510016
198840441800630272
198840441871925249
198840442375249920
198840442249416708
198840442282975232
198840442442354688
198840442924703744
198840442639486976
198840442282979328
198840442614329346
198840443583217665
198840443633541122
198840443352514560
198840443914567681
198840442689818624
198840444149436416
198840444208164864
198840444208152577
198840444480782337
198840444862468096
198840445218979843
198840445567123456
198840445604859904
198840445990744065
198840445890080768
198840446661828608
198840446858969088
198840447026733056
198840446863151104
198840446326288384
198840447098028033
198840447530053632
198840447781707776
198840443952308225
198840447760740353
198840448230490114
198840448444411904
198840449358757888
198840448868028416
198840449962741760
198840449753038849
198840446703775745
198840450709336064
198840450373787648
198840451128770560
198840450587688960
198840450004697089
198840451476897792
198840451481083904
198840451883728899
198840452231860224
198840452265410560
198840452441575424
198840452554833920
198840452567404545
198840453062332416
198840453016203265
198840453955723267
198840454349983745
198840454584872960
198840454664568833
198840454719086592
198840454782001153
198840454853304320
198840454886858752
198840454610034688
198840455214022656
198840454941392896
198840455591510016
198840455197245440
198840455662804992
198840455625052161
198840455985758208
198840456140951553
198840456392609792
198840456342278144
198840456153530368
198840455696359424
198840456812048386
198840457285992450
198840457562820611
198840457667682304
198840457776742400
198840457839656961
198840458242310145
198840458179387392
198840458225524738
198840458477187073
198840458678505474
198840458787553280
198840458942742528
198840458548482049
198840458460397568
198840458946953216
198840459425103873
198840459546722304
198840459366379520
198840459714494466
198840459789996032
198840460163297281
198840460310097920
198840459836137472
198840460477861888
198840460339453953
198840460259770368
198840460540780545
198840460691771392
198840460901498880
198840461044097025
198840461669056512
198840461941669888
198840462088486913
198840462067515392
198840462168174592
198840462713434112
198840462705045505
198840463086714880
198840463594242049
198840463648759808
198840463682314240
198840464122724353
198840464089153536
198840463967526913
198840464214994945
198840464852529152
198840464890281984
198840464760254464
198840464969973761
198840465087401984
198840464374366208
198840464919633920
198840464391147520
198840465259380736
198840465381003265
198840465250988032
198840465108381696
198840465020293121
198840465217433601
198840466052100098
198840466391842816
198840467113254912
198840466341511170
198840465741721600
198840466727378945
198840466928709633
198840467490742272
198840466790285312
198840467562041345
198840467675295744
198840467851456512
198840467343941632
198840468069548032
198840468203769858
198840457562820608
198840468111507456
198840468325400577
198840468233125888
198840469088768001
198840468983910401
198840469193621504
198840469462073345
198840468954546176
198840469315256320
198840468979720193
198840469743075328
198840470112174080
198840470435143681
198840470334472194
198840470439329794
198840470527422464
198840470401597440
198840470703570945
198840470162522113
198840470451920897
198840470565163008
198840471211098113
198840470691000320
198840470594531328
198840471131398144
198840471307550723
198840471546626048
198840472490352640
198840472028983296
198840472695877633
198840472901390336
198840473220161537
198840472544882688
198840472897196034
198840473094324224
198840473023025154
198840474100965377
198840474327457793
198840474499420160
198840475451539456
198840475942273025
198840476244254722
198840475912896514
198840476500103168
198840476680466432
198840476768550913
198840477213143040
198840476995026945
198840477330583552
198840477263470593
198840477846470656
198840478018437120
198840477687099392
198840478135877632
198840478433689601
198840478639198208
198840476995026946
198840478421094403
198840479113158658
198840478555308035
198840478672748544
198840479868137472
198840480107204608
198840479838781441
198840480560189440
198840480824438785
198840480551800833
198840480925106177
198840481046724608
198840481071894528
198840480493088769
198840481394855936
198840481189335040
198840481684267008
198840482133061633
198840482464399362
198840481747185666
