198792416193552384
198792416629751808
198792416466182145
198792416562647041
198792417355378688
198792417263095809
198792417015635968
198792417732857858
198792418861121536
198792418970177536
198792419205054465
198792416130633728
198792418773045248
198792419016318978
198792420098457602
198792420211703808
198792420048121856
198792420249436161
198792420735979520
198792421293834240
198792420517879808
198792421394481155
198792420593373184
198792421520318466
198792421918785538
198792420429795330
198792424401797120
198792422476615680
198792424494084096
198792423692976128
198792423911071744
198792422698913794
198792425060302848
198792425026756608
198792424049491968
198792423575535616
198792424888344576
198792425609760768
198792426041774080
198792426998079488
198792427375566848
198792427350405120
198792428155699201
198792428600299520
198792429225250817
198792429556609024
198792429275586560
198792428872933376
198792429548212225
198792430273835008
198792430336741376
198792429523042304
198792430777139201
198792430290604032
198792430936522753
198792431473405952
198792431074942977
198792431251099648
198792431796355074
198792432089968642
198792432501014528
198792432069001216
198792432190619648
198792432421306368
198792432693940224
198792432626843648
198792432865914881
198792434203897856
198792434044502018
198792434866597889
198792434614935552
198792436192002049
198792438922485762
198792438855385089
198792438696001536
198792439711014912
198792440428244992
198792440382107650
198792440604401664
198792441153851393
198792437727113218
198792441208373248
198792442336649218
198792441141280768
198792442588315649
198792443494285313
198792443628490752
198792442768670720
198792445088116736
198792445213949952
198792445536899072
198792445377515522
198792447420149760
198792448162529280
198792447655030785
198792447977979905
198792449248854016
198792450121269248
198792449605373953
198792451153080320
198792451127906304
198792451706724352
198792451958386690
198792451681566720
198792452390395904
198792452969209858
198792453069873152
198792454034558976
198792454495928320
198792455246725120
198792455502577664
198792456182042624
198792456639229953
198792456974761987
198792457150935043
198792456618258434
198792457842982913
198792458295975937
198792459147419648
198792458451165184
198792460091142144
198792460481204224
198792460745445376
198792459856261121
198792461617872896
198792461781438464
198792462431559681
198792461911470081
198792462679023619
198792462259589120
198792462070849536
198792462637076482
198792463681462272
198792464612589569
198792465111728128
198792465065586688
198792464918781953
198792463673069569
198792466579730433
198792467150159872
198792467494076419
198792467603128320
198792468425216000
198792468785922051
198792468756578306
198792469696098304
198792469582839809
198792469993881601
198792470052601857
198792470186819584
198792470459449344
198792471088594945
198792470681751553
198792471621279744
198792472434966528
198792472460132352
198792473181560832
198792473244471296
198792474171420673
198792474603421700
198792474792169472
198792474787983360
198792476050468864
198792475970768896
198792476956430336
198792477149376512
198792477589770240
198792478189559808
198792478537695233
198792478013403137
198792478684483585
198792478827094016
198792479741444098
198792480152498177
198792480852942849
198792480542560256
198792480303480835
198792481360445441
198792481620504576
198792483499548672
198792483545690112
198792484598448131
198792485080797184
198792485382799360
198792485110169602
198792485273739264
198792486288764928
198792486230040576
198792486175510529
198792487228293120
198792487974871040
198792488436244480
198792488494960640
198792488549498880
198792488335585281
198792488595636224
198792488788566017
198792489463840770
198792489262526464
198792489845538816
198792491632304131
198792489669365761
198792491238035456
198792491439362049
198792491804270592
198792491602939905
198792492383076353
198792492655710209
198792492274028545
198792493410697216
198792493351964672
198792493578452992
198792493930778624
198792494228570112
198792493783986176
198792494824161280
198792494274711552
198792495029686273
198792496585781248
198792496191508480
198792496644497408
198792496854208512
198792495642058752
198792497558851585
198792494668984321
198792498057981952
198792498183806978
198792498892648448
198792498867478528
198792500478095361
198792501040132098
198792500851388419
198792500679426049
198792501191127043
198792501727997952
198792502017404929
198792502306811905
198792502482976768
198792503040802818
198792503124701184
198792503154053120
198792503170834432
198792504429125634
198792504424939522
198792504181657600
198792504135528452
198792505062457345
198792505234427905
198792505406406657
198792505033109507
198792505989406720
198792506073284609
198792506119430144
198792505981014018
198792506236870656
198792506958299136
198792506677264385
198792507298029568
198792507637776384
198792507583250432
198792508233359360
198792507604209664
198792508459843585
198792509156102144
198792508824748033
198792509042868224
198792509122547713
198792509772660736
198792510036914176
198792510821236736
198792510896746496
198792511441997824
198792511504924672
198792511651713024
198792511525896194
198792511177768961
198792511970476032
198792512570261505
198792512201179136
198792512603824128
198792512733851648
198792512582852609
198792512444440576
198792513144881152
198792513719513088
198792513690152960
198792513899859970
198792514239602688
198792514411573249
198792515820847104
198792515653091328
198792516298997760
198792517901238273
198792517569880065
198792517632790528
198792519037882369
198792518719119361
198792519587340288
198792519801253889
198792519012728835
198792521244082178
198792522129088512
198792523785846784
198792520229064705
198792524272386048
198792525069299713
198792525090275329
198792525362892800
198792525597782016
198792525610369025
198792527128694784
198792525895569409
198792527015448576
198792527116120066
198792527652982784
198792527522959360
198792528223416320
198792527992721411
198792527829151744
198792528416358402
198792528206626816
198792528563146754
198792528298909696
198792528705765377
198792529368449025
198792529569775616
198792530140200960
198792530475757568
198792531624996866
198792530815488004
198792532782616577
198792533311107072
198792533575348225
198792533785067520
198792533856366593
198792533940244480
198792534657482753
198792535601192960
198792535177564160
198792536003837952
198792535110467584
198792536221954049
198792535882211328
198792537031454721
198792536570073088
198792537488625664
198792538231029761
198792538935660545
198792539006976001
198792539346698240
198792536138063872
198792540235907072
198792539808079872
198792540378501122
198792540126846977
198792541573885953
198792541888454657
198792541968142337
198792543289352192
198792543436144640
198792543515840513
198792543280959488
198792543075434497
198792543239016449
198792543306125315
198792544295985152
198792544979652609
198792545113882624
198792545306804225
198792545571053571
198792545533300738
198792545931771905
198792547177467904
198792545763987457
198792547504619520
198792546183421953
198792548175708160
198792548653875201
198792549350113281
198792549190729729
198792549018763264
198792549203320833
198792550331584513
198792549916360704
198792549664698368
198792551346606080
198792550453215233
198792552139337728
198792552248393728
198792552575549441
198792548490285056
198792553166942208
198792553523453952
198792553036918784
198792553565388800
198792554622365696
198792554181967872
198792553296953344
198792555310235650
198792556245553153
198792557017309184
198792557336084481
198792557961031680
198792558690836480
198792558854406145
198792559282237440
198792560049782784
198792559676489728
198792560943177730
198792561501020161
198792561517797376
198792561752678400
198792562419572736
198792562725752832
198792564260872195
198792564546088961
198792564063735809
198792564361535489
198792567540826112
198792567662456832
198792567599538178
198792567918301187
198792568694243329
198792568505516032
198792569235316737
198792569386303490
198792569226928128
198792569948348416
198792569256280064
198792571349250048
198792571512819712
198792571424735232
198792571986776066
198792571768680448
198792573156990976
198792574012637185
198792574226546688
198792573849047040
198792574994087936
198792573505110017
198792575929425920
198792575572910080
198792575702937601
198792575438700544
198792576466292738
198792575958786051
198792576550182913
198792577632317441
198792577984634880
198792578169192448
198792578412445697
198792578630553601
198792579066761216
198792578936737792
198792579398123521
198792579557490688
198792579863691264
198792580073394176
198792581046472705
198792581373628416
198792581939859458
198792582434787328
198792582569013250
198792582183133184
198792582745169920
198792582501896193
198792583403667457
198792582690643968
198792583080718336
198792583999266816
198792584657780736
198792585085591554
198792585265938432
198792585794437121
198792585765064704
198792586507464706
198792586641682434
198792587031756800
198792586566172672
198792587748974592
198792587086282752
198792587312771074
198792585102372864
198792588222939138
198792588730441728
198792588235522048
198792588910788609
198792589334421505
198792589548339200
198792590395580416
198792590697562112
198792591670644737
198792591280586753
198792591607738368
198792592178159616
198792593629396993
198792593910407170
198792593981714433
198792594359193600
198792595143528448
198792595168690176
198792596095643649
198792596322136064
198792596905148416
198792596892549122
198792596934508544
198792597190356992
198792597152612354
198792597521711104
198792598670942208
198792599274930177
198792599379779584
198792599291707393
198792600357060609
198792599887286272
198792600545800192
198792600092811268
198792601762136064
198792601820856321
198792601690832898
198792602861056001
198792603423092738
198792603628601346
198792604350029824
198792604794617857
198792604505210881
198792605255995392
198792605524430848
198792606271025152
198792606707220481
198792606988238849
198792607160209408
198792607504154625
198792608561119232
198792608015859712
198792606170353664
198792609697759232
198792609609687040
198792609878122496
198792608573685760
198792610469515264
198792610670837762
198792612239515648
198792612101103616
198792612768006146
198792612486971392
198792612080140288
198792613200007170
198792615460749312
198792614823206913
198792616928747520
198792617415290881
198792617360764931
198792617083940866
198792617553690625
198792618291904513
198792618224791553
198792619860557824
198792619785072641
198792620183535616
198792621127254017
198792622247116802
198792622389739520
198792622586867712
198792622725279744
198792622884659202
198792622976929793
198792624021319681
198792623807397890
198792624264593408
198792624453332995
198792625099259906
198792624952455168
198792625728393216
198792626542096384
198792627355795456
198792627926208513
198792627880079361
198792628010094593
198792628647641088
198792630077894657
198792630103048193
198792630690254848
198792631709466624
198792632695132161
198792633676595201
198792633655635969
198792633886322688
198792634016350208
198792632787419137
198792634041507840
198792633961824257
198792634725171200
198792635417239553
198792636616810496
198792636612612097
198792637128515585
198792637258547201
198792637065609216
198792636612616192
198792637396955136
198792637191438336
198792638776885248
198792638286147586
198792639640895489
198792640559448065
198792640743997440
198792640718839808
198792641452834817
198792641700306944
198792641989713920
198792642631442432
198792643323494400
198792644325941248
198792644661489664
198792645018005504
198792645009612800
198792645487771649
198792646636998656
198792647022870528
198792647207432194
198792647811416064
198792647647821824
198792647681380352
198792648247607297
198792648406999041
198792648809652225
198792649346527234
198792649388462080
198792649593991168
198792649694658562
198792649614962689
198792650181181440
198792649744977920
198792651254939648
198792651275898880
198792651821170688
198792652404162560
198792652613877762
198792653180121090
198792652953620481
198792653633105922
198792653775699969
198792654635540480
198792655277260802
198792655159828480
198792655671541760
198792655784771585
198792656942399488
198792657114374144
198792657290539009
198792657550581760
198792657491865600
198792658292981760
198792658016145410
198792658855010305
198792659521896450
198792659362512898
198792659823894528
198792660176207872
198792660700495872
198792660532731904
198792661187047424
198792660591448065
198792661073805314
198792661627437057
198792660838912001
198792661115731968
198792662738939905
198792663544238080
198792663577788416
198792663615545344
198792663980441600
198792664450211840
198792664936755200
198792665259708417
198792666094379009
198792666484457472
198792666765471744
198792666958405632
198792662231416833
198792667444936704
