198821357256060929
198821357088276480
198821357449003008
198821357558046720
198821357138620416
198821357792931843
198821357671297027
198821357574819842
198821358245912577
198821357834862592
198821357964898305
198821357860032513
198821358568869888
198821358543704064
198821358828912640
198821359189630978
198821359328038912
198821358866669569
198821359072194561
198821359495823361
198821359852326912
198821360120766464
198821360435343362
198821358711476226
198821360477286400
198821360871546881
198821361366478848
198821361722982400
198821361425190912
198821361710415873
198821361848811521
198821361383247872
198821362624757761
198821362339557376
198821362482155521
198821363245514753
198821362415050752
198821362335358977
198821364004683776
198821364352827392
198821364575125504
198821364583497731
198821364025671681
198821364965183488
198821363421683712
198821365514649600
198821365023899649
198821365128757250
198821364226981888
198821365988589568
198821365967618050
198821365900513281
198821366106030081
198821367133650944
198821367133638656
198821367343366144
198821366521274370
198821366844243968
198821367376904193
198821367251075072
198821368266108929
198821367817306113
198821368459034624
198821367129448453
198821368370954241
198821368387743745
198821368874274816
198821368618426368
198821368316440577
198821369411158018
198821368941383681
198821369792835585
198821369167876097
198821369830572032
198821370564579328
198821370019319808
198821368253530114
198821371114037250
198821371382476801
198821370946273280
198821371508293632
198821370728153088
198821371395055617
198821371789324290
198821371692851200
198821372590432257
198821372091301888
198821371965476864
198821372770791424
198821372242296833
198821372212948992
198821373295067137
198821372347154432
198821373634809856
198821373047611393
198821373320237058
198821372863053825
198821374045847552
198821373706121216
198821374117154817
198821374255579136
198821374662418432
198821374737907713
198821374586929153
198821374846967809
198821374452711424
198821374414954496
198821375018930176
198821375526453248
198821375392231424
198821375962644482
198821375853600768
198821377522929666
198821378164654081
198821378579902465
198821378860924928
198821378944798722
198821379041267712
198821378835746816
198821378705727489
198821378932215808
198821378663784449
198821379515219969
198821379381014528
198821378911248384
198821379565568002
198821380001775616
198821380148559872
198821379817222144
198821379624284160
198821379829792769
198821380605755392
198821381000019968
198821380614139905
198821381025173504
198821381427834880
198821381239078913
198821381872427008
198821382270877696
198821381834674177
198821382606426113
198821382639976448
198821382568689664
198821382593851392
198821383386570753
198821383462064129
198821383378186240
198821384078630912
198821383441092609
198821383562739712
198821384124768256
198821382992297984
198821383688564736
198821384254787585
198821384460312577
198821384472895488
198821383961190401
198821385378869248
198821385232056321
198821385726988289
198821385336926208
198821385953488898
198821386310008832
198821386687492098
198821386364522496
198821386737823744
198821386549071873
198821387438260224
198821386125451264
198821387685728258
198821387157258240
198821387413106688
198821388021280770
198821387622817792
198821388482641920
198821388398768128
198821388784648192
198821388805607424
198821389380231168
198821389053071361
198821389451538433
198821389124378627
198821389787074560
198821389917097984
198821389812252673
198821390126813185
198821390084874240
198821390441390081
198821391057948673
198821391422861312
198821391494152192
198821391770988545
198821391687106560
198821391712264192
198821392349806592
198821391963918338
198821392697925635
198821391968116737
198821392798584833
198821392429498369
198821392471429122
198821392622419968
198821393356439552
198821392962166784
198821393276743681
198821393801027585
198821393947836417
198821395361312768
198821395709427712
198821395747184640
198821395407441920
198821395722027008
198821397022244864
198821397865299969
198821398045655042
198821398003728384
198821397781426177
198821398712549376
198821398163095553
198821398754504704
198821398599311361
198821398809022464
198821399115202560
198821398939041792
198821399522062337
198821399090053120
198821399316545536
198821399773712386
198821399849209856
198821400046354432
198821399417192448
198821399312347136
198821400239276032
198821400348336128
198821400990068736
198821400419631105
198821401011036161
198821401401114625
198821401505955841
198821400805523457
198821401803763712
198821402294497280
198821401816350721
198821402332237824
198821402688761856
198821402420326400
198821402785234944
198821402437091329
198821402286112768
198821402986549248
198821403225624576
198821403242414081
198821402386759681
198821403531821056
198821403464712192
198821403733139458
198821403288543233
198821403489878019
198821403317903360
198821403775078400
198821404152573952
198821404005761024
198821404739780609
198821404894957568
198821405209538560
198821404735574016
198821405033369600
198821405280833538
198821405809319937
198821406136467459
198821406887247875
198821406392324096
198821406748839936
198821407075991552
198821407461875714
198821407533170689
198821407398961152
198821407763857409
198821407684173826
198821407969378304
198821407130525699
198821408564977664
198821408560791552
198821408292356096
198821407268933632
198821408808251392
198821409332539392
198821409164771328
198821409831665665
198821410687291392
198821410892808192
198821410792157184
198821410959917056
198821410586640385
198821411618422786
198821411744251904
198821411740057600
198821411224162305
198821412184662016
198821412193054720
198821411870089217
198821412750888961
198821412725723136
198821412574724099
198821412960600066
198821412692164609
198821412214013955
198821413837225984
198821413807865857
198821413870768132
198821413891743744
198821413258412032
198821410263662592
198821413774299138
198821414105661440
198821414588006400
198821414067904513
198821415053565952
198821414348922880
198821415322005504
198821414885785600
198821414801911808
198821415493976066
198821415070334977
198821415745626114
198821415665938433
198821415745622016
198821416282488833
198821416261521408
198821415946948608
198821416634826753
198821416504791043
198821416303476736
198821416219578368
198821417167495168
198821417410756608
198821417037475840
198821417633054720
198821418195107840
198821418455142400
198821418564206593
198821418656473088
198821419503730688
198821419537272832
198821419403063296
198821420044791810
198821420028002304
198821420195774464
198821420942376960
198821420996894720
198821420728451074
198821421160464385
198821421491826688
198821422301327360
198821421831561217
198821422511046658
198821422481670144
198821422192275456
198821422854967298
198821422750113792
198821422418771969
198821422221635584
198821423010164736
198821423060492288
198821422427156480
198821423307952128
198821423391850496
198821422729138176
198821423379251200
198821423471529984
198821423291170817
198821423664467968
198821423534444544
198821423039528960
198821423584772098
198821423693836289
198821423391846401
198821423958065152
198821425166041088
198821424570445824
198821424910176259
198821425338003456
198821425560289280
198821426290098176
198821426814390272
198821426248167424
198821426793418752
198821426415943680
198821427246399488
198821426889900033
198821427657441280
198821427368050688
198821427170902016
198821427393204224
198821427594526720
198821427368042496
198821428487921665
198821428504690688
198821428169154560
198821428194316288
198821428890578944
198821428928327681
198821430446665728
198821430429892608
198821430056583168
198821430283083776
198821430899650560
198821430895452161
198821430631202816
198821430534733825
198821431172276224
198821431230996481
198821429460996096
198821430761238528
198821431671390208
198821431944019968
198821431692378113
198821432539623424
198821432589942784
198821432434769921
198821431352623104
198821432585756672
198821432610930688
198821432724160513
198821433307181059
198821433630130176
198821432355074048
198821433466568704
198821433986662400
198821434280251394
198821434133446656
198821434586435584
198821434372538368
198821434343165953
198821435521773569
198821435018444800
198821434989096960
198821434653544449
198821435689537540
198821435043610624
198821435916042241
198821436033466368
198821436171890689
198821436884926464
198821436553568256
198821437543424000
198821437170139136
198821437732163584
198821437514055680
198821437899939841
198821438302597121
198821437757337600
198821438449393664
198821438273241088
198821438252265472
198821439233732608
198821439103709184
198821439137259521
198821438755577856
198821438612971520
198821439607017472
198821439640576002
198821440110329856
198821439724466176
198821439690903552
198821439770595329
198821440051621889
198821440810795009
198821440852729856
198821440965976064
198821439778983936
198821440835952641
198821441427345408
198821441695793152
198821441909690368
198821442157150211
198821442287181826
198821442475925504
198821442656276480
198821442966667265
198821442719186944
198821442287185921
198821443415445504
198821442979241984
198821443881017345
198821443679698946
198821444342394880
198821445273530369
198821445273530373
198821445244170241
198821445437112321
198821445533569026
198821445218992128
198821445978165248
198821446124978176
198821445852340224
198821446275964928
198821446548602881
198821445567119361
198821446221438976
198821446351470592
198821446468902914
198821446930272257
198821446783479810
198821442706608128
198821447211294722
198821448142434306
198821448343760898
198821448402472960
198821448406667266
198821448096288768
198821448217923584
198821447928516608
198821448821907457
198821448272445441
198821448935161856
198821449031618560
198821449253920768
198821449761439744
198821450092777472
198821449463644160
198821450218610688
198821450570932224
198821451665641472
198821451850186752
198821451980214272
198821452068294657
198821451619508224
198821452290605056
198821452189925378
198821452345126912
198821453209141249
198821452550635521
198821453511135232
198821453209149440
198821453800542210
198821453376929793
198821453980905473
198821454287093760
198821454995922944
198821454983348224
198821455658627072
198821455365013505
198821456493285376
198821456887549953
198821456849809408
198821456895950849
198821456505880576
198821457004994561
198821457386680320
198821458028396544
198821457554456576
198821457697058816
198821457713831936
198821458452029440
198821458443649024
198821458586243074
198821458745622528
198821459471253505
198821459773231104
198821459978764289
198821459756462080
198821460003921923
198821460142333953
198821460188467200
198821460201062400
198821460578541569
198821460385603584
198821461069271041
198821461044105217
198821461115420672
198821461337710592
198821461484515328
198821461794889728
198821461954269185
198821461971046401
198821461635510272
198821461937500160
198821462893793281
198821462872825856
198821463082532864
198821463388721154
198821463103520769
198821462923149313
198821463996907520
198821463556489216
198821464084975616
198821465179701250
198821464911261697
198821464810594305
198821465381011457
198821465179697152
198821466102431747
198821465875947520
198821465192284160
198821465913688066
198821467037773825
198821467121647617
198821467335573504
198821466823868417
198821466668666880
198821467553665025
198821467771772930
198821468086341632
198821468799385600
198821468757442562
198821469172678658
198821468757442560
198821469495623680
198821469327855617
198821469466263552
198821469667598338
198821469835374592
198821470389018624
198821471324356608
198821471206916096
198821471517290502
198821471483727873
198821471504695296
198821472033181696
198821471877992448
198821472301621248
198821471827660800
198821472385511425
198821472989491200
198821472280641536
198821473668956161
198821473345998848
198821473400537088
198821474826596353
198821475153747968
198821474759475200
198821474822406145
198821475644477440
198821476000997376
198821476684677120
198821476680466432
198821477154435074
198821477401899008
198821477133451265
198821477259292673
198821477741641728
198821477838110722
198821477120876545
198821477997494272
198821477603225601
198821477653561346
198821478379159552
198821479410966529
198821479352238080
198821479750701057
198821480220475392
198821480073674755
198821480178520064
198821480635703296
198821480757342208
198821480514060288
198821481285824514
198821481310978048
198821481952718848
198821481092874240
198821481520709632
198821482074349570
198821481931743232
198821482321813504
198821482493775873
198821482053382144
198821482309222400
198821482753830912
198821482758025216
198821482841899008
198821483034845185
198821483018063872
198821483118731265
198821483638833152
198821483835961346
198821483756257280
198821484087619586
198821483651403776
198821484406386688
198821484280557568
198821484507054080
198821484058247168
198821484515438592
198821484205064192
198821484578344960
198821485807280129
198821484867751936
198821485853413376
198821485278801921
198821485576593408
198821486016999424
198821486419652610
198821486650343424
198821486780366848
198821486503530496
198821487568891904
198821487229153280
198821487321415682
198821487543713792
198821487690530821
198821487954771968
198821487992508416
198821489116594176
198821489217241088
198821489129172993
198821489284362240
198821489133367296
198821489498263552
198821488806199299
198821489636679681
198821489468903424
198821490051915777
198821490068684800
198821490710429696
198821490383261696
198821490681057280
198821490672664577
198821490874003456
198821491826102272
198821491356336128
198821491477983232
198821491389890560
198821489565368320
198821492606255106
198821492560105472
198821493445115906
198821493856153600
198821494086836224
198821493348630528
198821494455943168
198821494715985920
198821493461876736
198821495076691968
198821495269634049
198821495202516993
198821495269625856
198821495521288193
198821495676473344
198821496326598657
198821496708284418
198821496989286401
198821497337417729
198821497358389248
198821496699879424
198821497291280384
198821498104979458
198821497987538944
198821497991741440
198821498461487104
198821499384233984
198821499610742784
198821499161952257
198821499438776320
198821500265050112
198821500550254593
198821500927741952
198821501129076738
198821500730609664
198821501053575168
198821501380722689
198821501405896706
198821501745635329
198821502114734082
198821502223777793
198821502165065729
198821502597087232
198821502320246785
198821502525771776
198821503524012033
198821503557574656
198821503779872768
198821503112974336
198821503322693634
198821503322689536
198821503544983553
198821503926677504
198821504467730432
198821504652288001
198821504799096832
198821504916529152
198821505071710208
198821504354496514
198821505814110208
198821505705054208
198821506283876352
198821506384535552
198821506183217152
198821506527141892
198821506871078914
198821506392932353
198821506782998528
198821506699112448
198821506732670976
198821507579912192
198821507751886848
198821507357618177
198821507852533760
198821508485881858
198821508645261313
198821508087418883
198821508888539137
198821508938866688
198821509446373378
198821509148573697
198821509316354048
198821510079713281
198821510775971840
198821510633361410
198821511010852866
198821511530950657
198821511946182656
198821511526748160
198821511568695297
198821512675991552
198821512667594753
198821512780857346
198821512554356736
198821513158328320
198821512990572544
198821512977985537
198821514219503620
198821514169155584
198821514517299201
198821514391465984
198821514051723264
198821514643128321
198821514743787520
198821514445991936
198821514961895424
198821514869604352
198821514429214720
198821514647318530
198821513464520704
198821514039136256
198821514978656256
198821515284856833
198821515234512896
198821515666526208
198821515490361345
198821515154821122
198821515658137601
198821516018855936
198821516044009472
198821516111126528
198821516195012609
198821515653955584
198821516220174336
198821516295671808
198821516668968961
198821517004513280
198821517172281344
198821517176471552
198821517679792128
198821518057279489
198821517738516480
198821518246031360
198821517537198080
198821518405414912
198821519059726336
198821518971641856
198821519269441536
198821518879367168
198821519344939008
198821519474966529
198821520364154880
198821520590643200
198821520380923904
198821518166327296
198821520817127424
198821520724860929
198821520909410304
198821521031045121
198821520921989122
198821521387565056
198821521509203970
198821521781821440
198821521328832514
198821516438282242
198821521412718593
198821522310311937
198821522239008768
198821522679398400
198821522226413569
198821522624876544
198821522662625280
198821522876542976
198821523975454720
198821524130639873
198821525053374465
198821525242126337
198821525397323778
198821524088700928
198821525661564929
198821525263106048
198821526152286208
198821525623799808
198821526311673856
198821525871271937
198821526605266948
198821526936629248
198821526747885569
198821527096008704
198821526672375809
198821527339282433
198821527200874496
198821527486074880
198821527305732096
198821527293132800
198821527943266304
198821527817433088
198821528069083136
198821528719200256
198821529356730368
198821529583226881
198821530241740800
198821529780363265
198821529813921792
198821530216579074
198821530522755072
198821530623418372
198821530250117120
198821530724081664
198821530849906690
198821529415450624
198821531030257664
198821530686324737
198821531269337088
198821531093176320
198821531328069632
198821531231584256
198821531814604800
198821531818786816
198821531571326976
198821531541975041
198821531487449089
198821532351463424
198821532825427968
198821532380839936
198821533119029250
198821532896731137
198821532808650753
198821533056110592
198821533584592896
198821533337124865
198821534826106882
198821534347968513
198821534406684674
198821535069380609
198821535316844544
198821535451062274
198821535472029696
198821535962759168
198821536038260738
198821536122150912
198821536034066432
198821536545783808
198821535513985024
198821537095229441
198821536751300608
198821536143122435
198821537049083905
198821537229451264
198821537187508226
198821537577570304
198821537384628224
198821537233633280
198821538034757632
198821538122825729
198821537661464576
198821537753726977
198821537833422849
198821538298986497
198821538542264320
198821538865229825
198821539121086464
198821539062366208
198821538697453569
198821539469213696
198821539532111872
198821539544711168
198821540245155842
198821541222420480
198821540681351169
198821540937207809
198821541214035971
198821541570547713
198821541318901760
198821542317137920
198821542216482816
198821541864144898
198821542392643586
198821542535249921
198821543130841088
198821543164395520
198821542862405632
198821544271687680
198821544254906368
198821544498167808
198821544204582913
198821545085386754
198821545299279873
198821545139908608
198821544925990912
198821545093775360
198821545609666560
198821545492226048
198821545563529216
198821545488039937
198821546985402370
198821547258019841
198821547836846081
198821547522273280
198821548218519552
198821547845226496
198821547824259072
198821548784754688
198821548524707840
198821548646346752
198821550034661377
198821548851867649
198821549254520832
198821550110146564
198821549954969600
198821549652967424
198821550399565825
198821551230033921
198821551288750080
198821551334895618
198821551263588354
198821551276175361
198821551930482688
198821551448141824
198821552224083971
198821552207314944
198821552383475712
198821551825625088
198821552987443201
198821552945504256
198821553201360897
198821553264275458
198821553171996673
198821553666920449
198821553515929601
198821552823861248
198821553872453633
198821554065379330
198821555357229056
198821555353030656
198821555084595201
198821553033592832
198821555734724611
198821556116398084
198821555936043008
198821556795875328
198821557290811393
198821557152395265
198821557697642496
198821558125461505
198821558951743488
198821558502948864
198821558544900097
198821555957014528
198821559278899200
198821559220191233
198821559438286849
198821560050651136
198821559941607424
198821560121962496
198821560033886209
198821561002758145
198821561006948352
198821561229254657
198821560549777408
198821561879367681
198821562315571200
198821562261053440
198821562357514241
198821562206523393
198821563070545921
198821563070545920
198821563640975360
198821563599040513
198821563557085185
198821563599032322
198821562537869312
198821562328158208
198821563590643712
198821563326402561
198821563330596865
198821563628388352
198821564316262401
198821563859083265
198821564324655105
198821564693741568
198821564463054848
198821565243203586
198821565289349122
198821565469687808
198821565591322626
198821565993984001
198821565880733696
198821566396641280
198821566153359360
198821566556020736
198821566602149891
198821566723796993
198821567092891648
198821566988042241
198821563892641792
198821568284065792
198821568623812608
198821568422477825
198821568770613248
198821565423566849
198821565662642178
198821569353621505
198821569525579776
198821569961795584
198821570641264640
198821570121179138
198821563833921536
198821568195985408
198821571266215936
198821571417223170
198821571442376704
198821571626942464
198821571584995328
198821572188979200
198821571715010561
198821572587421698
198821571941502976
198821572293828608
198821572646150144
198821572943945729
198821572365127680
198821573631803393
198821573665361920
198821574084800513
198821574747488257
198821574130941953
198821575024312320
198821574973997059
198821575661862913
198821575716376576
198821575330496514
198821575145951232
198821575808651265
198821576022573056
198821574919467008
198821575942881281
198821574688776195
198821576119042049
198821576811102211
198821576878202880
198821577163415554
198821576488124416
198821577712861185
198821574172872704
198821574500036608
198821577184391168
198821577834500098
198821578543349761
198821578472030209
198821578216181761
198821578715308033
198821578937610240
198821578782416896
198821578820173825
198821579369615360
198821578774036480
198821579625480192
198821579721945088
198821579856154625
198821579633860609
198821579763875841
198821579994566656
198821579868741632
198821580745347072
198821580799885312
198821581143810048
198821580917325824
198821580883759104
198821580590170112
198821581693259777
198821580829229058
198821581940723712
198821581995249665
198821581638746112
198821582519549952
198821581575831555
198821581705854976
198821582884454403
198821582582448128
198821583073181696
198821583152877568
198821583006089219
198821583375175681
198821583912054786
198821584008515585
198821583480033282
198821583924641792
198821584394395652
198821584293724162
198821584738332672
198821585107427329
198821585124196352
198821585187115008
198821585107427328
198821585174528000
198821585648496640
198821585715597312
198821585757548546
198821586353135616
198821586323783681
198821586386698241
198821587045191680
198821586969698304
198821587296862210
198821587573669888
198821587586269184
198821587695316993
198821588227981314
198821588320268289
198821588106358785
198821588928446464
198821588450287620
198821588920049664
198821589427564544
198821589410787329
198821589175910400
198821589721169920
198821589511454720
198821589914095616
198821589582753794
198821590249635840
198821590341914624
198821590157365248
198821589914107906
198821590564216832
198821591134633984
198821590245449728
198821591436623873
198821591981887489
198821591885426689
198821591998668800
198821591554072577
198821592606842880
198821592283881473
198821592548118529
198821592812359680
198821592724279296
198821592749441026
198821593403760640
198821593424728064
198821593374408704
198821593261146113
198821593118552064
198821594037104641
198821593558941697
198821594263592960
198821594284572672
198821594003554304
198821594548809728
198821595769344001
198821595345719297
198821595865825280
198821595865825281
198821596331388929
198821596507537409
198821596587233280
198821597258330115
198821596805332992
198821597187031041
198821597442879489
198821597560315906
198821597543538689
198821597535158272
198821598038462464
198821598554357761
198821598566944769
198821598734725121
198821598885715968
198821599166726144
198821599535833088
198821599225454592
198821599535824896
198821600060121089
198821600232095745
198821599510663168
198821600114655233
198821600047538178
198821600630550528
198821600492130305
198821601280671745
198821601213546496
198821601163231232
198821599191900160
198821601339379714
198821601653964800
198821602463461377
198821600429228032
198821602371174401
198821602887086080
198821603100999680
198821602589282304
198821603222618112
198821603562373121
198821603239399425
198821604246044673
198821603814031360
198821604824858625
198821605042950144
198821605021974528
198821605294616576
198821602123710465
198821605625954304
198821605680480256
198821605932150788
198821606133465088
198821604799680513
198821605462380544
198821606540320768
198821607257542656
198821606351585280
198821606930399232
198821606783594496
198821608276766720
