198837211146362882
198837211133775873
198837211293163520
198837211263799297
198837211259617282
198837211150561280
198837211335114754
198837211561603074
198837211624505344
198837211616120833
198837211683233792
198837211683229696
198837211683225601
198837211804868609
198837211590963200
198837213931372544
198837213860069377
198837213931384832
198837213260300288
198837213893636096
198837214032044033
198837213407088640
198837213948149762
198837214141091841
198837213637783552
198837213482582016
198837213935575041
198837214275317760
198837214266920960
198837213595836416
198837214652805120
198837213922996226
198837214384373760
198837214275313664
198837214275313665
198837214812188673
198837214208212993
198837214803791872
198837214719905793
198837214350819328
198837213952348160
198837214006882304
198837214686359554
198837214610857984
198837214849937409
198837214166261760
198837214912847872
198837214946394112
198837214522769408
198837214954795008
198837215005118464
198837213692297217
198837215080624128
198837215097397248
198837215202254850
198837215168708609
198837215336468483
198837215441334274
198837215579738112
198837215181287426
198837215386808320
198837215634259968
198837215667826688
198837215680397312
198837215181287425
198837218163425280
198837217530097665
198837216229867520
198837218243125248
198837216464748544
198837217303601153
198837216947081217
198837218129887232
198837218742251520
198837218226343936
198837218796769280
198837218733854722
198837216825458688
198837216825446400
198837219019075584
198837219010678787
198837219212013568
198837219388170240
198837219002302464
198837216997412864
198837217811107840
198837219409133568
198837218683531265
198837219073589249
198837217945337856
198837219572723713
198837219010691073
198837217060327426
198837218796769281
198837219618856961
198837219123924992
198837219467862019
198837218968739840
198837219283320832
198837219870519296
198837219925032960
198837218461229056
198837220097003520
198837220113780736
198837219807600640
198837219849535489
198837220164108289
198837220239605762
198837219606274048
198837219774042115
198837220197662720
198837219459469314
198837219434315776
198837216938688512
198837218066964480
198837222336770048
198837222340964353
198837222412267521
198837220755521537
198837222231912448
198837222160605184
198837222328369152
198837222202552320
198837222814920706
198837222802329601
198837222563266561
198837222231916546
198837222521307136
198837222991073280
198837223033012226
198837222911393793
198837222693273600
198837222160596992
198837222517121028
198837223083356161
198837223238537217
198837223242735616
198837222299021312
198837223276285952
198837222567456768
198837223259516928
198837223175626754
198837222462586880
198837222949138432
198837222991077376
198837223389536256
198837223540539393
198837223611834368
198837222844272641
198837223335018496
198837223704109056
198837223838334976
198837223641198592
198837224089985024
198837224094179328
198837224098381825
198837223997702146
198837223439859712
198837223444058112
198837224123531265
198837224039645184
198837223423098881
198837224207421440
198837224148713472
198837223255310337
198837226703032320
198837226350718976
198837226765959168
198837226241662976
198837226682060800
198837226958884864
198837227013414913
198837226405249025
198837227034386433
198837227034394626
198837226547847168
198837227109892096
198837225839013888
198837226543648768
198837227248300033
198837226711429120
198837227160215554
198837227072131072
198837227361542144
198837227365728257
198837227302830080
198837227458019329
198837227483176960
198837226300375041
198837227504140288
198837227470594048
198837227609010177
198837227491557376
198837227550289921
198837227713863680
198837227801948160
198837227642560512
198837227458011139
198837227931959297
198837228036829185
198837227600625664
198837228217180160
198837227936157696
198837228217188354
198837228414312448
198837228074565633
198837227864858624
198837227936169984
198837228519165952
198837228338806784
198837228603064320
198837228644999168
198837228523368448
198837228590465024
198837228737269760
198837230712795136
198837230549217281
198837230037508096
198837230339489792
198837230813458432
198837230935097344
198837230561787906
198837231006384128
198837231002202113
198837230616317952
198837230809264129
198837231241269249
198837230666661888
198837231287418880
198837230918316032
198837231245463552
198837231379677184
198837231153188865
198837231346135040
198837231119646720
198837231165779969
198837230645678081
198837231178362880
198837231627149312
198837231727820800
198837231635529728
198837231723622403
198837231723622402
198837231908159488
198837231186747392
198837231568437249
198837231815892992
198837231883001858
198837232130465793
198837232042393601
198837232147238914
198837232373727233
198837232482791425
198837232419880961
198837232541511682
198837231983656960
198837232663142400
198837232688308224
198837232499572737
198837232700887041
198837232440840192
198837232889643008
198837232612806656
198837232944156672
198837232365350913
198837234865156096
198837234416365569
198837234974195712
198837235037122560
198837234844172289
198837234743525376
198837234663825408
198837235058098176
198837235221659648
198837235200696321
198837233711722496
198837235624329217
198837235334918144
198837235511078912
198837235238445057
198837235095838721
198837235460734978
198837235116806145
198837235959857152
198837235704016899
198837235641094144
198837235922108416
198837236282822658
198837236349939712
198837236387680258
198837235733372930
198837235980828673
198837236198944768
198837236064714752
198837236446412800
198837236240887809
198837235313938433
198837236656119809
198837236861648897
198837236291215360
198837236928753665
198837236337356801
198837236844859392
198837236916166656
198837236261859328
198837237104910337
198837237008445440
198837236555456512
198837236341555200
198837237205573632
198837236844859394
198837236941328386
198837237281062914
198837236073111552
198837237364961280
198837239155920897
198837239055265792
198837238975565825
198837239244009472
198837239143337986
198837239252393985
198837239340474369
198837239000739841
198837239021703168
198837239424360449
198837239181094913
198837239726358529
198837239772487680
198837239764094976
198837239495655424
198837239868964864
198837239936065536
198837240040931328
198837239957037056
198837240133193729
198837240254824449
198837240292589568
198837240229675008
198837239638278144
198837240254836736
198837240410013696
198837240238059520
198837240749764609
198837240393236481
198837239407583234
198837240678461440
198837240993030145
198837241043361792
198837241169186817
198837240246452224
198837240653295619
198837241181773826
198837240477134850
198837240770732033
198837241181765632
198837240930115585
198837240829452289
198837240984641536
198837241093701632
198837241383108608
198837241475371009
198837241404076035
198837241534103552
198837240024145920
198837241508929537
198837243459276802
198837242909831169
198837243727712256
198837243874521089
198837243664797696
198837243828383744
198837243375386624
198837243857731584
198837243769655297
198837243933229056
198837242263896064
198837243736109058
198837243799011329
198837243518005248
198837244096806913
198837243526385664
198837243874512896
198837244117778432
198837244189081600
198837244365246464
198837244331692032
198837244298149888
198837244482699264
198837244272967681
198837243564146688
198837244864376832
198837244910501888
198837244981813248
198837244415574016
198837244541419520
198837244533030912
198837245074087936
198837245187342337
198837245183148032
198837245149585408
198837245363503106
198837245560631296
198837245581606913
198837245564817408
198837245363503104
198837245153787906
198837245720010752
198837245355102208
198837245669675008
198837245875200004
198837245535461376
198837245292195840
198837246009413634
198837245258637312
198837246101692416
198837247443873793
198837246953136128
198837247355793409
198837247141871616
198837244952453120
198837247221563392
198837247779422208
198837247536152576
198837247242543105
198837247750053889
198837247754252289
198837247334809600
198837247699730433
198837247963971585
198837247825559555
198837247959777281
198837247968153601
198837247942995969
198837248215629824
198837247771025409
198837247372566528
198837248182059008
198837247485804547
198837247892660224
198837247611637760
198837247238344704
198837247699718144
198837247930404864
198837248127537152
198837248354029568
198837248093986816
198837248492441601
198837247817158656
198837248198844417
198837248790233088
198837248840564736
198837248538583040
198837248874127360
198837248958009344
198837248991559682
198837246743416832
198837249092222977
198837248815403008
198837248299507712
198837248953827328
198837248760885249
198837248316276736
198837248777658368
198837249402609664
198837249360670721
198837251629780993
198837250681876481
198837251801747456
198837251239706624
198837251860471808
198837250912550913
198837251877257217
198837252045012992
198837252057600000
198837252040826880
198837248731516928
198837252099543041
198837251701092353
198837252233760768
198837252162457602
198837251944366082
198837252250533888
198837252137287681
198837252594483203
198837252447674368
198837251919187968
198837251965325313
198837252263133184
198837252154068992
198837252770639872
198837250883203072
198837252799995905
198837253026488321
198837252632219649
198837252837736448
198837253097795585
198837253060046848
198837253101993984
198837253252976642
198837253341057024
198837252825153537
198837253060042752
198837252787417089
198837253588529153
198837253559173122
198837253659836416
198837253664022528
198837253823401984
198837253823410177
198837253756305409
198837254133776385
198837253370425345
198837254079254529
198837254184124416
198837252460249088
198837255928954880
198837255874428929
198837256067350530
198837255656325120
198837252808380416
198837255664705536
198837255643734018
198837256142848000
198837255161380864
198837256381931522
198837256495169536
198837255916367873
198837256608423936
198837256805548034
198837256969138178
198837256738455552
198837256449048576
198837256902025218
198837257208205312
198837257170464769
198837257334034433
198837256818143232
198837257266925570
198837257371787266
198837257048834048
198837257673785344
198837257615060994
198837257774440450
198837256218353664
198837258097397760
198837258105782272
198837257631825921
198837257820573696
198837258109976577
198837258231623680
198837258219032576
198837257371791360
198837258298720257
198837258198069248
198837258248388608
198837257879289856
198837257799606272
198837258474889217
198837258604920832
198837257950601217
198837258713972737
198837258613297152
198837258835591170
198837258827210752
198837260114853889
198837260236492802
198837259993219072
198837260211331072
198837259552829440
198837260324573184
198837260051943424
198837260353929218
198837259859009536
198837259833835520
198837260555268098
198837260454596608
198837259842240512
198837259989028865
198837260584615937
198837260748210176
198837260681101313
198837256683925504
198837260764983297
198837260525903873
198837261066977281
198837261071163392
198837261062770688
198837261087948800
198837261037600769
198837260983083009
198837261108912130
198837261155041280
198837260307800065
198837260844679169
198837261129875458
198837261100527616
198837261176012801
198837261188599809
198837261184409600
198837261398323201
198837260534300673
198837260769169408
198837261226352640
198837261352173569
198837261469618177
198837261511573505
198837261528350721
198837261171818496
198837261733867520
198837261759033345
198837261847117824
198837261926797312
198837261201182721
198837261897433088
198837264359497729
198837263881342977
198837264393043968
198837262908272641
198837264401444864
198837264762142720
198837264351109120
198837264707620864
198837264107843584
198837264707616768
198837264682463233
198837264388861953
198837264862810112
198837264753762304
198837265097703424
198837265114480641
198837263105409026
198837264674062336
198837264942510081
198837265227722754
198837265370320896
198837265189978113
198837265022201857
198837265265471488
198837264720211968
198837265269665792
198837265227718657
198837265684893696
198837265139630081
198837264313360385
198837265294823424
198837265856856064
198837265949138944
198837265487765504
198837265500352512
198837266054000641
198837265957523456
198837265596817408
198837265953329154
198837265865248768
198837266158850049
198837265668120577
198837266288869376
198837266381152256
198837266515374080
198837266389532673
198837266750246913
198837266238537728
198837266045612032
198837266548916225
198837268436365312
198837267849166848
198837268465729536
198837268646084609
198837266003664898
198837268352466945
198837268671234048
198837268927090688
198837269006794753
198837268952260609
198837268851597312
198837268897730560
198837268998389760
198837268897742848
198837268939673600
198837268172124160
198837268805451777
198837268981620738
198837268654469123
198837269052923904
198837269107458048
198837269082292225
198837268545421314
198837269329739777
198837268436369409
198837268759314432
198837269333934080
198837269308768259
198837269422014464
198837268952268800
198837268776103936
198837269593997313
198837268927086592
198837269652713474
198837269237477377
198837269552037888
198837269740797954
198837269103255554
198837269816295424
198837269770153984
198837268885155842
198837269904359424
198837269451386880
198837266473418752
198837269841461249
198837269883404288
198837269300379648
198837270034395137
198837269526880256
198837269493334018
198837272815206403
198837272395780096
198837272114769920
198837272748097536
198837272743907328
198837272064438272
198837272743907329
198837272873943040
198837272924274695
198837272358035456
198837272576131072
198837272450301952
198837272995573761
198837273024929792
198837272995569666
198837265940742144
198837273079447552
198837273154957314
198837271267512320
198837273331113984
198837272727130112
198837272794238976
198837272827789313
198837272571944961
198837273024921602
198837272521605120
198837273175920642
198837273591152641
198837273507282945
198837273268191232
198837273649872896
198837273758941184
198837273880559617
198837274174173184
198837273511464961
198837274165780480
198837274316779520
198837272542576640
198837274379694081
198837274232893440
198837274358710276
198837274270629888
198837274404855808
198837274295812096
198837273981239296
198837274555850752
198837274698448896
198837274199330816
198837274253856768
198837274845265920
198837276904669184
198837276531363841
198837276950790144
198837276921434112
198837277043064832
198837277135355905
198837277038882818
198837276598480897
198837277202464770
198837276959191040
198837277093404672
198837277219241985
198837276904656897
198837277500256257
198837277475082240
198837277609312256
198837277110173699
198837277688995840
198837276732686338
198837277621895168
198837277663830016
198837277772881922
198837277793857538
198837277420568576
198837277881933825
198837277345067009
198837277185679361
198837277928071169
198837277928079360
198837277919674369
198837277982597120
198837278053904384
198837278100037632
198837278146170880
198837278062280705
198837277202448385
198837278032920577
198837278297169920
198837278280392705
198837278284591105
198837277974216704
198837278620139520
198837278355894275
198837278527852544
198837278414606336
198837278318133249
198837278301368320
198837278389440513
198837278901145601
198837279110864896
198837281065410560
198837281132523521
198837281061208064
198837281111543809
198837281015083009
198837281212219394
198837280704708608
198837280713089026
198837281010876416
198837280897646592
198837281442889729
198837281400950784
198837281451290624
198837281438711808
198837281497432065
198837281589694464
198837280872472579
198837281719726081
198837281686159361
198837281744879618
198837281870725122
198837281782644738
198837280796966914
198837281409339392
198837281962987520
198837281942016000
198837281895882752
198837282093010944
198837281761665024
198837282197872641
198837282348867584
198837282290147330
198837281551958016
198837281975566336
198837282264981504
198837282264985601
198837282478899201
198837281921044481
198837282676023298
198837282550190080
198837282722164738
198837283024146433
198837282839605249
198837281916862465
198837283019948032
198837283066097664
198837282671828993
198837283108028418
198837282483089408
198837282130759680
198837285322637312
198837285322637313
198837284697677824
198837285075156993
198837284710268929
198837284668317697
198837285364580352
198837284865441792
198837285066772480
198837285570093056
198837284999675905
198837285603655680
198837285725278209
198837283665883138
198837281308684288
198837284882235392
198837285784002560
198837284429242368
198837284580229120
198837279106678786
198837285859491842
198837285507170305
198837286006292481
198837285406511104
198837286065020929
198837286077595648
198837286236987392
198837285939183617
198837285402316801
198837286224400386
198837286236979201
198837286329266179
198837286312476672
198837286278938624
198837286438309888
198837285934989312
198837285951774721
198837285947580418
198837286249574401
198837286643830784
198837285351989248
198837286815793152
198837286442516481
198837286463479808
198837286627057665
198837287029706752
198837287012925441
198837286505422848
198837286924845056
198837287130370048
198837289382723584
198837289286250496
198837289386905601
198837289269460992
198837289412083712
198837289491763201
198837289596616704
198837289005228033
198837289546301440
198837289349152768
198837289089122304
198837289609207808
198837287797264384
198837289026203650
198837289923776512
198837289898618881
198837289605021696
198837290074779651
198837289491771394
198837289718251520
198837289621794817
198837290250936320
198837290238357504
198837290263519232
198837290271903744
198837289693093889
198837290158653441
198837289961537536
198837290531950593
198837290670362625
198837290729091074
198837290536153088
198837289873453057
198837290825555970
198837290682949635
198837290263523328
198837290775216128
198837290481618944
198837290351599617
198837291035279360
198837291144314880
198837290729082880
198837291182071809
198837291345649664
198837291437928448
198837291534385152
198837290930413568
198837291710558209
198837291643441155
198837291165298688
198837293660897283
198837293501517825
198837294017429504
198837293497327616
198837294067752962
198837293933531137
198837293279227904
198837294197784580
198837294206164992
198837293556056064
198837293715435521
198837294235516928
198837294222934016
198837293040148480
198837293711228928
198837294436855809
198837294415876096
198837294302629889
198837294478802944
198837294810152961
198837294516547584
198837294826926082
198837294038392832
198837294847897600
198837294407483392
198837295078584324
198837294680125440
198837295007281152
198837295099559936
198837295342813186
198837295481225216
198837295607062528
198837295720316928
198837295640612864
198837294772400128
198837294298439680
198837293262438403
198837294373933056
198837296018108417
198837296135540739
198837296022290433
198837295758065668
198837295770640386
198837295934226433
198837296005525504
198837296001335296
198837296223633409
198837295825174528
198837296613687297
198837296726945792
198837297813274624
198837297859407872
198837297859403776
198837297901342720
198837297024733185
198837297926520832
198837297943285761
198837297871978496
198837298064920576
198837297871990784
198837298085888000
198837297528057856
198837298073321472
198837297473531906
198837297960071168
198837298400477184
198837298517917697
198837298517901312
198837298383683585
198837298509529088
198837298270437377
198837298480164864
198837298475966464
198837298018787328
198837298593398784
198837298173972480
198837298639552513
198837298664718336
198837294684311552
198837298689884160
198837297871986691
198837298429833216
198837298815700992
198837298304004097
198837297867792384
198837298928955393
198837298878615553
198837298496942080
198837298618572800
198837298916360192
198837298622758914
198837299222556676
198837298824093696
198837299268689920
198837299289661440
198837298769575939
198837299440652288
198837299100925952
198837299541315584
198837299553894401
198837302057910272
198837301751713792
198837301613309953
198837302263414784
198837302234054657
198837301713969153
198837302238261248
198837302431186946
198837302615748610
198837301961441281
198837302154379264
198837302615752704
198837302586392577
198837302406037504
198837302557020160
198837303014195201
198837302716411904
198837303169392641
198837303156805632
198837303320391681
198837303341359107
198837302993231873
198837303114874880
198837303387492353
198837302141788160
198837302984847361
198837302900961281
198837303693688833
198837303160999938
198837302817075200
198837303769169920
198837303366520832
198837303400087552
198837303966314496
198837303957921793
198837304016633857
198837303987281921
198837304100519936
198837304075354112
198837303584636928
198837304176021504
198837304096325632
198837304423497730
198837304599650304
198837304691920896
198837304662568960
198837304729677825
198837304595464192
198837304981323776
198837305081991170
198837306235424768
198837306008940545
198837306285752322
198837306399014912
198837306449334273
198837305987956739
198837305719525376
198837306503872512
198837305803415552
198837306730352641
198837306990411777
198837306948464642
198837306470305792
198837306923290624
198837305618874369
198837306550009856
198837307195924481
198837306717782016
198837307288199169
198837307158183936
198837307099451394
198837306856181761
198837307485339648
198837307367899136
198837307351113728
198837305946021888
198837307053309952
198837307674083328
198837307627945984
198837305723731969
198837306948468736
198837307434999808
198837307992838145
198837307405635584
198837307938320386
198837308340965377
198837307627941889
198837308269662209
198837307913142272
198837308445827072
198837308802342913
198837307762147328
198837308768788480
198837308768796673
198837308227727360
198837308739424256
198837308420661248
198837308651356160
198837309100138496
198837308550692864
198837310383599617
198837310475874305
198837310408757251
198837310782050304
198837310308093952
198837310865940480
198837310907875328
198837310849171457
198837311008542720
198837310664622081
198837309817372673
198837310534594560
198837310886907904
198837311172128770
198837311134384128
198837311352487938
198837311209869315
198837311281180672
198837311260200961
198837311218266113
198837311386030080
198837310484262913
198837311503466496
198837311553798144
198837311511871490
198837311482494977
198837311641890816
198837311692214274
198837311755137026
198837311801270272
198837311373451264
198837311469912067
198837310412951552
198837311931289601
198837311092428801
198837312107446272
198837311591563264
198837312107462658
198837312061325315
198837312224903172
198837312149401600
198837312237469696
198837311771914240
198837311553806337
198837312480739330
198837312434601984
198837312518488064
198837312145207298
198837312740790273
198837312845643777
198837314695331841
198837314833760256
198837314825367553
198837314103951360
198837314561114113
198837314967973888
198837314858917889
198837314758258688
198837314544353281
198837314007465985
198837314695348225
198837315299315713
198837315328671745
198837313772589056
198837315072835584
198837313952948224
198837315253178368
198837315530014720
198837314875686913
198837312292003842
198837315886526465
198837315064438784
198837315907485696
198837315945246720
198837315857162240
198837315362234369
198837316033318913
198837316159148032
198837315618091008
198837316121399296
198837316469534721
198837316226260992
198837315878141953
198837316339515393
198837316217868291
198837316473720833
198837316113006593
198837315899113472
198837316163342340
198837316746358784
198837316582768640
198837316683448321
198837316733775873
198837316733779968
198837316226265089
198837316289171456
198837317073506304
198837316750544896
198837316117213188
198837317291606017
198837318717673473
198837318390530048
198837318482800640
198837318847705088
198837318432464896
198837318956748801
198837318935785472
198837318130470913
198837318939975680
198837318973526016
198837318772199426
198837318512148480
198837318973530112
198837319044829184
198837318101106690
198837318763810816
198837319107743744
198837319128727553
198837318365360130
198837319271333889
198837318583455746
198837319296491520
198837318759628800
198837319015481345
198837317622964224
198837319124529152
198837315873943553
198837319497826304
198837319690764289
198837318956761088
198837319661400064
198837319707537408
198837319824977923
198837319820787712
198837319325851648
198837319615258626
198837319812399104
198837319833370626
198837319824982017
198837320009515009
198837319820775424
198837319418134528
198837320105988098
198837320194072576
198837319598489603
198837319682375680
198837320252792833
198837320433152000
198837320009515010
198837320030494721
198837322949738497
198837323167825920
198837322781962242
198837319694958592
198837323276894208
198837323331411970
198837323239145472
198837323272695808
198837323482415104
198837322911981568
198837323771805696
198837323796979712
198837322547068931
198837323981533186
198837323977330688
198837324082196480
198837324073795584
198837324040253440
198837323989921792
198837306910703617
198837323742457857
198837323612430336
198837324321263616
198837321032925184
198837324153499648
198837323998298112
198837324304490499
198837318579265538
198837324258353154
198837323885051904
198837324266745856
198837324786835457
198837324816199680
198837324770054147
198837324791029762
198837324975583234
198837324958797824
198837324950405120
198837325042696194
198837323079745536
198837324757479424
198837321737580544
198837325160124417
198837321146179585
198837325374038017
198837324707147777
198837325550202880
198837327336976384
198837326733000704
198837326531661825
198837327206952960
198837326485532673
198837327525720065
198837327496355840
198837327219531777
198837327332773888
198837327651553283
198837327525711872
198837327865446400
198837327261466624
198837328029024256
198837328150671361
198837328054190081
198837327798337536
198837327370522626
198837327655747585
198837328276504578
198837328372957184
198837328444272641
198837328607854592
198837328855314432
198837328909844480
198837328817561600
198837328133898240
198837319145492480
198837328595255299
198837329098588160
198837326565220352
198837329106960384
198837328893067265
198837326657486848
198837329367007233
198837329354432513
198837329325072386
198837329367019521
198837329086001153
198837325407592451
198837329505435648
198837329459281920
198837328909840384
198837329090187264
198837329543172097
198837329283121152
198837329744502784
198837331392860160
198837331552243712
198837331527090176
198837331090882560
198837331438993408
198837331661303808
198837331703238658
198837331720015874
198837331791314946
198837331560628224
198837331891978240
198837331548053505
198837331418034176
198837332097507328
198837331548045313
198837332118474752
198837332139454464
198837332198170624
198837331959099393
198837331623555072
198837332361744384
198837332307230722
198837332596621313
198837332282056704
198837332126867457
198837332894433281
198837333049618433
198837332114292737
198837332680519680
198837332827316225
198837333129302017
198837332814737408
198837333150273536
198837332739235841
198837333368385537
198837333397737473
198837333469048832
198837333141893121
198837332907016197
198837333674557440
198837333213200386
198837333922021376
198837333301264384
198837334161096707
198837333599068160
198837333863305216
198837333729091584
198837334303719426
198837334261764097
198837333599072258
198837335528439808
198837335822041089
198837335897542656
198837335566192640
198837335570399232
198837335465537536
198837335994019840
198837336216313857
198837336111448064
198837335599751168
198837335847215104
198837336086286336
198837336434417664
198837336514109440
198837336577019906
198837336199544832
198837336153391105
198837336405053441
198837336690262016
198837336623153152
198837336165974016
198837336245682177
198837336740597763
198837336958709761
198837336891600897
198837336585420801
198837337080340482
198837337013223424
198837335423590400
198837336795119616
198837337306836992
198837337394921472
198837337298452483
198837337600438274
198837337235529728
198837337273286656
198837337348784131
198837337843712000
198837337399111681
198837337759817728
198837337147449344
198837337805959169
198837336736407552
198837337633996800
198837338179239938
198837338246356992
198837338376380416
198837338565115904
198837338506407936
198837338560929792
198837339773075456
198837339601125376
198837339894726656
198837338800005122
198837339538198528
198837339496259585
198837340117008384
198837340276396032
198837339731136512
198837339622080513
198837339924070400
198837340112814080
198837340557414400
198837339898904577
198837340410617857
198837340276404225
198837340834242562
198837340867796992
198837340427395073
198837340880388096
198837340163153920
198837340188311552
198837340452556800
198837340456751105
198837340972646400
198837340880375808
198837341077516288
198837340817457152
198837341304012800
198837340842627073
198837341224304640
198837341463388160
198837341173989377
198837340041527298
198837341597601792
198837341585031169
198837337663344642
198837337713676289
198837337633980416
198837339982802945
198837341324976128
198837340729393153
198837341085904897
198837341232701443
198837341635354625
198837341698260992
198837341870227456
198837340804878336
198837342084153344
198837341530505216
198837343933829120
198837343984168960
198837343573131264
198837343862521856
198837344214851586
198837344340672512
198837343883509761
198837344000933888
198837344005140481
198837344592330752
198837343803801600
198837343170469888
198837344839811075
198837344919490560
198837343573123072
198837344906915840
198837345011761152
198837344185483264
198837344487473152
198837345192120320
198837345229873153
198837344743333888
198837345301176321
198837344923688960
198837345271824386
198837345322147840
198837345036943361
198837345326338050
198837345842249728
198837345879998464
198837345989033984
198837346026799104
198837345632522240
198837345406033923
198837346056155137
198837345347313664
198837345976463360
198837346181980160
198837345087266816
198837345968070658
198837345494110210
198837346286837760
198837345900953602
198837346320400385
198837345728995328
198837346379104256
198837344516837376
198837345800306688
198837346693681152
198837346697883649
198837348102979586
198837348107169793
198837347666767873
198837347595468800
198837348283326464
198837348325277696
198837347930996737
198837347821961216
198837348409147394
198837348417536001
198837348019077120
198837348534980608
198837348534980609
198837347830349824
198837348606279680
198837348811800578
198837348539179008
198837348769857538
198837348803428352
198837348522405889
198837349105414144
198837348442718208
198837349092835328
198837348841177092
198837349126389760
198837349415788544
198837349197688832
198837349566787584
198837349386428416
198837349508063232
198837349839413248
198837349499674626
198837349977825281
198837349977829379
198837350036553729
198837350179151872
198837349885550592
198837350242062338
198837350229483521
198837350401454081
198837350007189504
198837350309179392
198837350497927169
198837350359498753
198837350464368640
198837350590197760
198837349579358208
198837351261274112
198837350682464258
198837351315800064
198837352293081089
198837352381161472
198837352309858304
198837352389558272
198837352490221569
198837352335020033
198837352637009922
198837352775426048
198837352158871552
198837352230158336
198837352926416897
198837352863498240
198837352800583681
198837352792195072
198837352922222592
198837352825761792
198837352926429185
198837352431489024
198837352938995712
198837352402124802
198837352913842176
198837352410525696
198837352343416832
198837352469250048
198837353060646912
198837353220030464
198837352720908288
198837353161302016
198837352813178880
198837352842534915
198837352649601025
198837353379405824
198837353425551362
198837353584930818
198837353534590976
198837353639456768
198837353597505537
198837353350053889
198837352951590912
198837353756897282
198837353345859584
198837353907879938
198837353979183104
198837353962418176
198837354071457792
198837354096640001
198837354188914688
198837353752698880
198837354339901440
198837353803022338
198837356533514241
198837356575473664
198837356013424640
198837356688711682
198837356529319936
198837356713869313
198837356399296512
198837356751630336
198837356273475586
198837356139249666
198837356806144001
198837356755812352
198837356885843968
198837356604817410
198837356407697408
198837356990705664
198837357024256000
198837357213003776
198837356483186688
198837357233979392
198837357334638592
198837357317853185
198837357435293696
198837357229785088
198837357464657920
198837357527572481
198837357531762689
198837357355614209
198837357926039552
198837357582090240
198837357984755713
198837357938618368
198837357984743424
198837357473054720
198837358173491200
198837357682761728
198837357460467713
198837358358036480
198837358462894080
198837358555181056
198837358475485184
198837358425161728
198837358462894082
198837358089613313
198837358941048833
198837358664220673
198837358991384576
198837358362243074
198837358349651968
198837359079469056
198837360765579264
198837360325177345
198837360300007424
198837360878817280
198837360954314755
198837360966897666
198837361054978048
198837361101119489
198837361101119488
198837361147256832
198837361122091009
198837360769769472
198837361201786881
198837357963784195
198837361386332160
198837361218555905
198837361365360642
198837357997326336
198837361390526464
198837361466028032
198837360966905858
198837361478615043
198837361394716672
198837361453441024
198837361289863168
198837361554100224
198837359335313408
198837361986113536
198837362128715776
198837361956753409
198837361734459392
198837361956753408
198837361612832768
198837361927389186
198837362497814529
198837362569117697
198837362472652801
198837362531377153
198837358420967424
198837362602684416
198837362120331264
198837361021431808
198837361214373888
198837362745282560
198837360023179265
198837362531373057
198837362887888896
198837362413936643
198837365035368448
198837364536246272
198837365224120320
198837365303820288
198837365387702272
198837364716601344
198837364884373505
198837365496758274
198837365647753217
198837365614194689
198837365085700096
198837363043074050
198837365077319680
198837365287034880
198837365333172225
198837365823897600
198837365836480512
198837365974900736
198837365723246592
198837366113304577
198837366163648513
198837366209789952
198837366209773568
198837366369173504
198837366432088065
198837365530308609
198837366465626112
198837366620823552
198837366121701376
198837366247538688
198837366851514368
198837366293663744
198837366901846018
198837366897639426
198837366985719808
198837366205579265
198837366687928322
198837367010885633
198837367124144128
198837367254167556
198837367023468545
198837367325462528
198837367434510338
198837366742466561
198837367459684352
198837367124135938
198837367606484992
198837367795236864
198837367749083136
198837367514206208
198837369217093634
198837369061904384
198837369271615488
198837369254838273
198837369087070211
198837369309368321
198837369045131265
198837369527480320
198837369510699008
198837369561034753
198837369649115137
198837369779138560
198837369787523072
198837369334530048
198837369837858817
198837370064355328
198837369930133505
198837369934327808
198837370123075584
198837370165014529
198837369720422401
198837369770741760
198837370005626880
198837370425053195
198837370647347200
198837370005630977
198837370651545600
198837370773192704
198837370794156034
198837369565233153
198837371175833601
198837371196813315
198837370760609792
198837371335213056
198837370999672833
198837371507187712
198837371641413633
198837371003871232
198837371389739010
198837371498790914
198837370886438913
198837371574300672
198837371834351617
198837371792400384
198837372140523521
198837371603652608
198837372115357697
198837372195053568
198837372048244736
198837372484464641
198837373478502401
198837372899696641
198837372954226689
198837372849369088
198837373109407744
198837372421550083
198837373562396673
198837372857749504
198837373314924546
198837373625315328
198837373881163776
198837373902143489
198837373801463809
198837373314924544
198837373352673282
198837373889556480
198837373629505536
198837374044737536
198837373801467905
198837374313168896
198837374485147649
198837374573223937
198837374711627776
198837374485139456
198837374933934080
198837374527094784
198837374841667586
198837375059763201
198837375114289152
198837375105900545
198837374359306240
198837375156228097
198837375286259713
198837375026204673
198837375466618880
198837375382716417
198837375546298369
198837375500156931
198837375550500864
198837375625990144
198837375600828417
198837375596630016
198837375726665728
198837375772798976
198837375735037952
198837375953141760
198837376007680000
198837376037040128
198837375848284160
198837375525322754
198837377530208256
198837377584738305
198837377177878528
198837376833949698
198837377827999744
198837377794441217
198837377777664001
198837377907695616
198837377324695552
198837377643446272
198837378083848193
198837378067087361
198837378473930752
198837378419400704
198837378079666176
198837378289381376
198837378171940864
198837377500848129
198837378272608257
198837378062880769
198837378503294977
198837378641694721
198837378725593090
198837378142584833
198837378587176960
198837378654285824
198837378381651968
198837377865748480
198837378947878912
198837379107266561
198837379128242178
198837379027578881
198837378645889024
198837378356490243
198837378826244096
198837378767519744
198837379488944130
198837379069521920
198837379388276737
198837379681878017
198837379358920704
198837379455397890
198837379614769152
198837380017434625
198837380201984000
198837379388276736
198837380218765313
198837379371515904
198837379665100800
198837380323618816
198837381896478720
198837381791621121
198837381363793921
198837381942607873
198837381900677120
198837381900664832
198837381493817345
198837382143950848
198837381317656577
198837382005530624
198837382127173632
198837382198472704
198837381535776768
198837378574598144
198837379014987777
198837382521425922
198837381716119552
198837379149213696
198837382592724992
198837382676611072
198837382089408513
198837380516548608
198837382408179712
198837382877937664
198837383016353792
198837382454325248
198837382685007874
198837383263817730
198837383268020226
198837383238664192
198837383066681344
198837383385452545
198837382961836032
198837383288987648
198837383309963264
198837382705987586
198837383364489218
198837383414808577
198837383133790210
198837383364485120
198837383448379394
198837382815027201
198837383628718080
198837383679049728
198837383767146496
198837383481925634
198837383003783168
198837385885257729
198837385805578242
198837385801375746
198837385960755202
198837386145304576
198837386002706437
198837385893658625
198837386086588416
198837386094968832
198837386220802048
198837386329862144
198837385897840641
198837386447290370
198837385679749120
198837386447298562
198837384794742784
198837386434719745
198837386514403328
198837385176432641
198837386875121666
198837385994305536
198837386950619136
198837377828007938
198837385310633985
198837386673782784
198837386657009664
198837386719936513
198837382072635393
198837385402920960
198837387000950785
198837377488273408
198837387365859329
198837386682179584
198837384610193410
198837387290357761
198837380919214080
198837386900287490
198837379765776385
198837380495589376
198837387340677120
198837386904477696
198837381909057537
198837386891890688
198837387739144192
198837387667841024
198837387634286593
198837387852386305
198837387911114753
198837387739140097
198837388053708802
198837390209589248
198837390247346176
198837389853077505
198837389530116097
198837390423498753
198837389794349056
198837390419312643
198837390394146816
198837390507380736
198837390574485504
198837390578696193
198837390616432640
198837390608039937
198837390742261760
198837390691930113
198837390868103168
198837390574501889
198837390893260800
198837390775816193
198837390931017729
198837391098785793
198837390935207936
198837390947782657
198837390733873152
198837391128145920
198837391237201921
198837391396569088
198837391551770624
198837391593705472
198837390666760193
198837391493054465
198837391182675968
198837391442710528
198837391732117504
198837390951972865
198837391711154178
198837388607356929
198837388829667328
198837391740510208
198837391606288384
198837392050880512
198837391744700417
198837392176709632
198837392080257025
198837392214470656
198837391799222276
198837391421751297
198837391371419648
198837391765671939
198837392369647616
198837394215145473
198837393267232768
198837394215141376
198837394194169857
198837393699258368
198837394269667329
198837393875406850
198837394429063170
198837394437439488
198837394479386624
198837394471010304
198837393867026432
198837394567462913
198837393829265411
198837394710077441
198837394567471106
198837394097713153
198837394798157824
198837394802348032
198837394076737536
198837394601025536
198837394835902464
198837394856873984
198837394991099905
198837395041419265
198837395167264770
198837392063463424
198837395251150850
198837395309854722
198837395175653376
198837395267928064
198837394894622721
198837395477643265
198837395020460032
198837395427303425
198837395179843584
198837395683164160
198837395267923968
198837395620241408
198837395712520192
198837395389562882
198837395280510976
198837395897061377
198837395783819264
198837395867705346
198837395775434752
198837395322441729
198837396010303488
198837395532156929
198837396337459200
198837398455590912
198837397830647810
198837398451400706
198837398497525760
198837398665310209
198837398480748544
198837397037907968
198837398707253248
198837398367518720
198837398287826944
198837398535282688
198837398996652032
198837396815613952
198837398354935808
198837397323132928
198837397641900034
198837398791143424
198837398501736448
198837398170374144
198837397495087105
198837392818438145
198837394156437504
198837398904381440
198837395389562880
198837398476570625
198837398946320384
198837398602399745
198837399575465984
198837399491575809
198837399592255488
198837399671930880
198837399613214722
198837399051190272
198837399743234049
198837399944572930
198837398061318144
198837399512563713
198837399554498560
198837399877468161
198837399021813760
198837399546101760
198837400112336897
198837399579660288
198837396505235456
198837395800604672
198837400166862849
198837397604143105
198837397797093379
198837400435302401
198837400347213826
198837402729582592
198837401131548672
198837402675056641
198837402364678144
198837402771537921
198837402305961984
198837402473738240
198837402352107520
198837402960273408
198837403161604097
198837398690467841
198837403014799360
198837402872201218
198837402746355712
198837403107082240
198837403337760769
198837403560054784
198837403094491136
198837402960269314
198837402620530688
198837403769774081
198837403752988672
198837403920760833
198837403073511424
198837403576836097
198837403903995905
198837404029812736
198837403669114881
198837403455193088
198837403815911424
198837404247932928
198837404294070273
198837404222758913
198837404365361152
198837404449247232
198837403841085443
198837404197588992
198837404457639936
198837404621221889
198837404667355136
198837404365365248
198837404747042816
198837404751233024
198837403635552256
198837404327612416
198837404927397888
198837404768010241
198837405116137472
198837404612820992
198837404755443712
198837406923886594
198837406852587520
198837406089224193
198837406944870402
198837407049711617
198837407141986304
198837407011966978
198837406651265025
198837406366044161
198837406936481792
198837407183941633
198837407251038208
198837407104253952
198837406823235584
198837407309762560
198837407385268226
198837406915493888
198837407515291651
198837407594979330
198837407200718849
198837407179751424
198837407074885632
198837407221690368
198837407448186880
198837407867609088
198837408165396480
198837408228319233
198837408299630593
198837407947296769
198837408316391424
198837408270258176
198837408228319232
198837408333172738
198837408446414848
198837408391888896
198837408484171776
198837407594979332
198837408521928704
198837408081522689
198837408605798400
198837408203157504
198837409004269570
198837408865857537
198837408979099649
198837408328974337
198837409146875905
198837408660328448
198837409268514816
198837409180434432
198837409297870849
198837411114004480
198837410233188355
198837410791034880
198837409406914560
198837410338058242
198837409205596161
198837411457933312
198837411357261824
198837410841378817
198837411151745024
198837411269193730
198837411525033984
198837411319517184
198837411785080833
198837411520847873
198837411235631104
198837411889938435
198837411227246592
198837411139158017
198837412166762497
198837411457929216
198837411244019714
198837412233883648
198837411852201984
198837412183556097
198837412347133952
198837412334546944
198837411441160192
198837411965440000
198837412137406464
198837412355518464
198837412116439043
198837412540071936
198837412300988416
198837412896571393
198837412842061824
198837412934332416
198837412502319105
198837413043380225
198837412170973184
198837412498112512
198837412770758657
198837413303422976
198837412435210240
198837413181792258
198837412833656832
198837412661694464
198837412946919424
198837413479591939
198837413156634624
198837415203442688
198837415249575936
198837415480270851
198837415333462016
198837415144722432
198837415174094849
198837415698370561
198837415706759168
198837415069224960
198837415383797760
198837415996170240
198837416008757249
198837416029732864
198837415572537344
198837415790641153
198837416310751232
198837415979401216
198837416482717696
198837416570793984
198837416600158209
198837416562397184
198837416684044288
198837416533045248
198837416323330048
198837417023766529
198837416478519298
198837417011187715
198837416549818368
198837417103458304
198837417124429825
198837417258651648
198837416893747200
198837416361078785
198837417359327234
198837417539674113
198837416914731008
198837417485152260
198837417665495040
198837417560637440
198837417774563328
198837417992667136
198837417690660864
198837417485152258
198837418026217472
198837417548070913
198837418026209284
198837418126872579
198837418143662081
198837418261094400
198837417871028224
198837419678765056
198837419208998913
198837418814746625
198837419972370432
198837419972374529
198837419670376448
198837420156928001
198837419716526080
198837420106584066
198837419653595138
198837419980759040
198837420546990081
198837420026904576
198837420693782528
198837420756697092
198837420911894528
198837420245004288
198837420899319811
198837420307914752
198837420597317632
198837421134200833
198837421134200834
198837421348093953
198837421289385984
198837421562019840
198837421503291392
198837420945440768
198837421612343297
198837421901742081
198837422040162304
198837422023389184
198837421864009731
198837422165999618
198837421931110400
198837422195359744
198837422367322112
198837422056943616
198837422316978178
198837422551859201
198837422560260097
198837422296023041
198837422530899968
198837422665117696
198837419477434368
198837422379900928
198837422526705666
198837423181012994
198837422967111680
198837423332003840
198837423407505409
198837423705300993
198837423696916480
198837423512358914
198837423239741441
198837423772418049
198837423424286721
198837423696920576
198837424036651013
198837423378141184
198837423499784192
198837424107950080
198837424271527938
198837424309272577
198837424460279810
198837424619651072
198837423977938945
198837424711929856
198837424145694721
198837424737099777
198837424837754880
198837424846143489
198837424305086464
198837424800006146
198837424875515904
198837425001349121
198837424426717184
198837424531574785
198837424380592128
198837424258957313
198837424967790592
198837425064259584
198837425320108032
198837424556740608
198837425575968768
198837425064255491
198837425613717504
198837423478816768
198837425307525120
198837425718575105
198837425752121345
198837425806639106
198837425928282112
198837425403998209
198837425982803968
198837425957650432
198837425768898560
198837425420771328
198837426167349250
198837426314166273
198837426343514114
198837427828293633
198837427832492033
198837427656339457
198837427769577472
198837426930720768
198837428042207233
198837427417264128
198837428058996736
198837428084158465
198837428033830912
198837427970899968
198837428256124929
198837427517931520
198837427727646720
198837428457439233
198837428545531904
198837428683948033
198837428499390464
198837428830748674
198837428893646849
198837428809777153
198837428885274625
198837429132722177
198837429074006018
198837428348395520
198837428696530945
198837429153710080
198837428843315200
198837429468282880
198837428935602177
198837428960755713
198837429325664256
198837429216608256
198837429522800642
198837429438910465
198837429585715201
198837428251922433
198837429111750656
198837429665402881
198837427249487873
198837429426335746
198837429816393730
198837428197408769
198837429761880064
198837429359214592
198837429833183233
198837429803827201
198837429543776257
198837429820600320
198837429803823104
198837432169414656
198837432345567233
198837432190386176
198837432316198912
198837432374923264
198837431917740033
198837432056168448
198837432593039360
198837432488165376
198837432286855168
198837432664338432
198837432739831809
198837432504946690
198837432043577347
198837432689500161
198837432664342529
198837432903409664
198837432018415618
198837432915996672
198837432098095105
198837432307826688
198837432429449218
198837432861466624
198837432257495041
198837432928575488
198837433041829888
198837433066995712
198837433100537856
198837433247342592
198837432542707712
198837432928579584
198837433578688512
198837433696124930
198837433654190080
198837433725501443
198837433217990656
198837433863913473
198837433020850177
198837433842925568
198837433960374275
198837433272512512
198837434149117952
198837433792610304
198837433247350786
198837433243156481
198837434300112897
198837433192820736
198837433968758785
198837434140729344
198837433935200256
198837436359512064
198837436468568065
198837436464377856
198837436405661696
198837436384686082
198837431896772610
198837436334342144
198837435596144641
198837435910725632
198837436632145920
198837436086882304
198837436795731968
198837436791525378
198837436887998464
198837435591950336
198837436632154112
198837436925739008
198837436783136768
198837436372094976
198837436682485760
198837437009633282
198837436732809216
198837436741189632
198837436741197824
198837437420670977
198837437538111488
198837436942524416
198837437106102273
198837436728619009
198837437466808320
198837437177401350
198837437068349441
198837436816695296
198837437768798209
198837437689118721
198837437944958976
198837437982711808
198837437584248833
198837438242754560
198837438431502338
198837438544740352
198837437953343489
198837437890445313
198837438133698560
198837438620246016
198837438876102656
198837438561517568
198837438565715970
198837438930620416
198837438502797312
198837440369270784
198837439824003072
198837439874334721
198837440486719488
198837439597527041
198837439899512832
198837440146968576
198837440759345152
198837440855814144
198837441065517056
198837440516067328
198837440377663489
198837439891128323
198837440272809984
198837441275232256
198837440973246464
198837441044561921
198837441287815168
198837440100835329
198837441443012608
198837441497538561
198837442097315840
198837441858244608
198837441933742080
198837441879224320
198837442374148098
198837441996664833
198837442403516417
198837442499985409
198837442483191809
198837442223161344
198837442206380035
198837442743246848
198837442386726913
198837442239934465
198837442764218368
198837442252505088
198837442529341441
198837442931990531
198837442944569345
198837442625802240
198837443116531712
198837442445455360
198837443041046529
198837442755821568
198837443233988608
198837443452084224
198837443389161472
198837443535978496
198837443187851264
198837444559384578
198837444844593154
198837444773294080
198837444156719104
198837444873957376
198837443967975424
198837445045915649
198837444995592193
198837443691155456
198837445175951360
198837444605521922
198837445205299200
198837445272403969
198837445305966593
198837445301780480
198837444886540288
198837445595369473
198837445570211841
198837445658292224
198837445477937152
198837444068651008
198837445314355200
198837445813485570
198837445545046017
198837445146583040
198837445704433664
198837446010609665
198837445775724544
198837445515673600
198837445700227072
198837446228713473
198837446220324865
198837446312607744
198837446044160001
198837446291628032
198837446027395072
198837445368885248
198837446564253696
198837446677499905
198837446300024832
198837446841081858
198837447004651520
198837446899806208
198837446060949505
198837447193403392
198837447134691328
198837447289880577
198837446895616000
198837447533142018
198837447172423680
198837448749481985
198837448745304066
198837448145502209
198837448799813633
198837448900481024
198837448489439232
198837448481050624
198837449152139264
198837448728518656
198837449303146499
198837449164730368
198837448883712001
198837448804007936
198837449336684544
198837449282170880
198837449399607300
198837449517051904
198837448866934787
198837449508663299
198837449101807616
198837449894526976
198837450003587072
198837449898733568
198837449609318401
198837450070691840
198837450116841472
198837449651257344
198837450066509824
198837449240219649
198837450381082625
198837449693200384
198837449953247232
198837450578198529
198837450406240257
198837450032939008
198837449730961408
198837448896286721
198837450624335872
198837450867605505
198837450884395009
198837450993434624
198837450620141568
198837450892771328
198837450607566849
198837451052171264
198837451559673856
198837451505152000
198837450590797824
198837451391893504
198837451438047232
198837452939603969
198837447466024960
198837452675354624
198837453010907137
198837452679553025
198837453052850176
198837452557922305
198837453115768832
198837453023485952
198837452847325184
198837453396770816
198837453304504320
198837452457246721
198837453086400512
198837453023485954
198837453363216386
198837451740037120
198837453468078080
198837453740711937
198837453044449280
198837453887512577
198837453593919488
198837453870735362
198837453954621440
198837454223060992
198837454139166720
198837454013345793
198837453770063874
198837454239842305
198837453963014144
198837454290169856
198837454415986689
198837454596349953
198837454713782272
198837454017531904
198837454327918592
198837454734761984
198837454537633793
198837454982221824
198837454189498372
198837454390820864
198837454181105664
198837455049334785
198837455443599360
198837455800107008
198837455070302208
198837454646673409
198837455846260737
198837455145799680
198837456081137665
198837457209393154
198837456911605760
198837457498812416
198837457360396288
198837457133912065
198837457641406464
198837456831909888
198837457461067776
198837457591078916
198837457733685248
198837457666584576
198837457368788992
198837457695936514
198837457721098241
198837457863712768
198837457435889665
198837457251336192
198837458035671040
198837457238757377
198837458132156416
198837458140528640
198837458291531776
198837458455113729
198837458388008961
198837458354454528
198837458396385281
198837457939202048
198837458677407746
198837458719350784
198837458811629568
198837455934337024
198837458740322304
198837458689982464
198837458593517568
198837458606100481
198837459122003969
198837459134586882
198837459264610305
198837459134586881
198837458937450496
198837458648051713
198837455661699072
198837459361075200
198837459449151488
198837458983587841
198837459516272642
198837459172339712
198837459646296064
198837459650482176
198837459516260352
198837461416292353
198837461403713538
198837461080752129
198837461454028800
198837461152043009
198837461504372737
198837461684731904
198837461701496832
198837461273677825
198837461768601601
198837462167064576
198837461563088897
198837461659561984
198837462028656640
198837462322249728
198837462318067714
198837461978333185
198837462137708544
198837462557130752
198837462603268096
198837462091575296
198837462192238592
198837461873471488
198837462649413633
198837462695546881
198837462603280385
