198792668644507648
198792668992634880
198792668715814913
198792669164617729
198792669537906688
198792670267711489
198792670607450112
198792670510972929
198792672058687488
198792669269475329
198792671924469762
198792669307211777
198792674180988928
198792674621390850
198792675242147843
198792676643049472
198792675531554816
198792676592713728
198792676278140929
198792678345932800
198792678236880896
198792679100923904
198792679973326848
198792680032051201
198792680346615810
198792677024743424
198792680099168257
198792680371789824
198792680497610754
198792681181298688
198792681508438016
198792681667825664
198792681953046529
198792682183725056
198792682678657024
198792682557022208
198792682632515585
198792683081310208
198792683744002048
198792681219035136
198792684662562817
198792684972945408
198792685077794816
198792684972941312
198792685509820417
198792686138957826
198792685807607808
198792686298333184
198792682011754496
198792687623749633
198792687665688576
198792687887982593
198792688252891139
198792687879585793
198792688290631680
198792688001236992
198792688743628801
198792689343397888
198792689662164993
198792689796390912
198792689838333954
198792689867698177
198792691511853056
198792692237467650
198792692459773952
198792692719824896
198792692614963200
198792693671923712
198792693680316418
198792693181186048
198792694296875008
198792695202848768
198792694846337024
198792695332880384
198792695202844672
198792696834424832
198792696540831744
198792697341943809
198792697430032385
198792698092724224
198792698109501442
198792698122076162
198792699237765123
198792699128713216
198792698944172033
198792699908861953
198792700265377793
198792700626087938
198792700500258816
198792701028741121
198792701632720896
198792702479958016
198792702094098433
198792702752595969
198792704371597312
198792704912658433
198792705457917952
198792706682654720
198792706695245824
198792706598780929
198792707307618304
198792708775624704
198792709140525058
198792709044051969
198792709304090625
198792709270540291
198792710386233344
198792711275425793
198792711350915074
198792712214949888
198792712185581569
198792712965730305
198792713565519873
198792713456459777
198792713150279680
198792713137688576
198792713817161729
198792713368371200
198792713339019264
198792714312105985
198792714492456960
198792714375020544
198792715016749056
198792715117412354
198792715503284225
198792715754946562
198792715343896579
198792715562008576
198792716048535553
198792716623163392
198792715176128513
198792716610568192
198792716707053569
198792716543463424
198792716627345408
198792716845457408
198792717831118849
198792718183448576
198792718112145409
198792718762246144
198792718925836288
198792719282339840
198792718950989825
198792720184123392
198792720343515136
198792719705964546
198792720695832576
198792720771330048
198792720926523393
198792721698271233
198792722478411776
198792722797174785
198792722792984576
198792724177100800
198792725062107136
198792725338914817
198792725670264833
198792726240694274
198792725804490753
198792724902711297
198792726773366786
198792726681096193
198792727570292736
198792727301865472
198792727238942721
198792728019079168
198792728740511744
198792728723734529
198792728732114946
198792728480448512
198792729600331776
198792729193484288
198792729810042882
198792730707628032
198792731001233411
198792730887987200
198792731634569218
198792732246945792
198792732053995521
198792732272107520
198792733052256257
198792732683149312
198792732821557248
198792734545428481
198792735124242432
198792735250071554
198792735107461120
198792735317172224
198792735128432640
198792736034402304
198792736772599809
198792737577897984
198792737082970113
198792737980563460
198792738005716992
198792737590484993
198792738483875840
198792739054292992
198792738655846401
198792739058495489
198792738915893249
198792739440164864
198792739549224961
198792740937543680
198792741050781696
198792741365358592
198792741625401344
198792742061613059
198792741721882625
198792743303118849
198792743517028354
198792743441539074
198792745190572032
198792745240887296
198792745899405312
198792746314645504
198792747010891777
198792746880872448
198792747338047488
198792748210462720
198792747870715906
198792749007388673
198792749036736514
198792749103845376
198792749074485248
198792750114668548
198792750471188480
198792749984653312
198792750819323905
198792751289090049
198792752014704640
198792753067462656
198792753738563584
198792753562386432
198792754225090560
198792754086682625
198792754682277888
198792755630178307
198792756355796992
198792756636811265
198792757609893888
198792758327128065
198792758390030337
198792758461349888
198792759077904384
198792759652519938
198792760520744961
198792760097116163
198792759530893314
198792760327798785
198792761246355456
198792761518993413
198792761518993411
198792761196027905
198792761716125697
198792761649020930
198792762315907075
198792762685014016
198792762437541888
198792763108638721
198792762655649792
198792762945056769
198792764027191297
198792763859419138
198792764010409985
198792765201584129
198792764715048960
198792765323227136
198792765369364480
198792765792993283
198792766170464256
198792766074011648
198792766925438976
198792767126781952
198792767634280449
198792767810449409
198792769433640960
198792769089703937
198792769546883074
198792769597210625
198792769790152704
198792770264104962
198792766535385088
198792766904479745
198792770658377729
198792771329470464
198792771904077824
198792773158174720
198792773141413888
198792773548249090
198792773753769985
198792774185787392
198792773661491202
198792773552455680
198792774986899458
198792774978502656
198792775670562816
198792775364395009
198792776203239424
198792776048062465
198792777084055553
198792777860005888
198792777369272320
198792777784504320
198792777935495168
198792778203934722
198792778359119872
198792778891788288
198792777738371073
198792778807902208
198792779105714176
198792775892865024
198792779361554433
198792780028452864
198792781802643456
198792781869756416
198792782415015936
198792783044165632
198792783652335618
198792784340197376
198792784482799617
198792784449257472
198792784935788545
198792784474415108
198792785128730624
198792785539772416
198792785221001217
198792787431403520
198792787691446273
198792788064743424
198792787586588672
198792788400283649
198792787418824704
198792788056346625
198792788274454528
198792789557907456
198792789851516928
198792789465632768
198792791428571136
198792790904274945
198792792229691392
198792792405839874
198792792779141121
198792793076936704
198792793118871552
198792793760595968
198792794838536192
198792794377175041
198792795178278915
198792795572539396
198792793685102593
198792796189097984
198792796847616000
198792796159754240
198792798143647746
198792799099949058
198792800081420288
198792799804596224
198792800630878208
198792801864007680
198792800383414273
198792803155841025
198792803352977409
198792803336200194
198792803956948992
198792804258951168
198792804045029379
198792803986321408
198792804070199296
198792804082790402
198792806087655424
198792806796505088
198792807572439040
198792807694090240
198792807262068736
198792808281292800
198792808621027329
198792808860090368
198792809241784320
198792810189684738
198792810298753027
198792810147741697
198792810487488512
198792811116634113
198792811166973952
198792812555288576
198792812421066752
198792813121515520
198792813004066817
198792813503201280
198792814480465924
198792814522413056
198792814585319425
198792816061722625
198792817399705601
198792817957543936
198792818293084160
198792818431496192
198792817936564224
198792818557333504
198792819194859523
198792819308118017
198792819580739584
198792820100841473
198792820948082690
198792821287813121
198792821015199745
198792820813869057
198792822013427712
198792822466424832
198792823120740354
198792824408387584
198792824483880960
198792824035082240
198792825540849664
198792826237100032
198792827021426689
198792827461832704
198792827457642496
198792827663155200
198792828590112768
198792829009530882
198792829554786304
198792829936480258
198792829823229954
198792829747728385
198792830125211648
198792831899414528
198792831719063552
198792832495005698
198792832436273153
198792833065426944
198792833023488001
198792832683741185
198792833346441219
198792831266074625
198792835271639040
198792835846250496
198792838186676224
198792838354444288
198792839440777216
198792839042310145
198792839256227840
198792839721783297
198792839918915585
198792839075860482
198792840673898496
198792840883605506
198792841655369730
198792841475014657
198792841684725761
198792841978322945
198792842154491904
198792842804596738
198792842527776770
198792841521139713
198792843400196096
198792843270172673
198792844465541120
198792844088061952
198792844369080320
198792844549439490
198792845035970560
198792844574601218
198792846428479490
198792846524952576
198792846545915904
198792847347027968
198792847862923265
198792848827617281
198792846076157952
198792849293180928
198792850471780353
198792849087672321
198792850832506880
198792851222564864
198792851637800960
198792852598292480
198792853483290625
198792852464087042
198792853969833984
198792854192128000
198792854980657154
198792854842257408
198792855542693888
198792855865663489
198792855605608448
198792856540954624
198792856373174272
198792857233006592
198792857551777792
198792857656623106
198792857321095168
198792857828597761
198792858088636416
198792858180923392
198792859346944000
198792860114489347
198792860387119104
198792861490225154
198792862203248640
198792862354247680
198792862727540737
198792862693994497
198792862840795136
198792863625134080
198792863809671168
198792863360876544
198792863948095488
198792864333967360
198792864686276608
198792865164427264
198792865550307328
198792866036842497
198792866473062401
198792865982316544
198792866816999425
198792867035099138
198792867068649473
198792867580350465
198792867861377025
198792868041736192
198792867660046336
198792868398252032
198792869463605248
198792869006413826
198792869354541057
198792870289866752
198792870730276864
198792871359430661
198792872147951616
198792872923901952
198792873049735168
198792873485926400
198792873708224513
198792874014416896
198792873355902978
198792874274455552
198792873997647872
198792874932973569
198792875440484353
198792875335618560
198792877051101184
198792876505833474
198792876849770496
198792877566996481
198792877755740163
198792877650886656
198792878007398402
198792877218856961
198792877952876545
198792879693496322
198792879911604224
198792879773204480
198792880523968513
198792876266749952
198792883409653760
198792883355123713
198792883896193025
198792883971686401
198792884797972480
198792884957356033
198792885393571840
198792885783642112
198792885368401920
198792885997539330
198792887046111233
198792887071281153
198792887247441921
198792888258269186
198792888618975232
198792889214582785
198792890040860674
198792890107965440
198792891471101952
198792891563384834
198792891060064257
198792891571781635
198792891534016513
198792893538910208
198792893673123840
198792893182386179
198792893245296641
198792894818164737
198792894818164738
198792895329878017
198792895602499585
198792895841583104
198792896042893312
198792896416202752
198792896487497729
198792897074692096
198792897296998401
198792897968091136
198792898186186752
198792898756620288
198792898018418688
198792898949562368
198792899717103618
198792899796795393
198792900602105856
198792900761497600
198792901197701121
198792903349379072
198792903374536705
198792903588454400
198792903366148097
198792903764619264
198792904515387392
198792904867713024
198792905354264576
198792905975009280
198792905886928896
198792906121809921
198792906096648193
198792907292024833
198792906818060288
198792906193125377
198792907988271104
198792909028466688
198792909309489154
198792909561147392
198792910324514817
198792910823624707
198792911435993088
198792911477944321
198792911352107008
198792912874643456
198792913403129856
198792913801580544
198792913730277376
198792914258759680
198792914346848256
198792912660742147
198792915387039744
198792916536279040
198792917207351296
198792918067183618
198792918327230464
198792918100750336
198792918331441153
198792918289485824
198792919203856384
198792919082209281
