198803741053419520
198803741300883458
198803741267341312
198803741401546754
198803741846147072
198803741984567296
198803741179260928
198803742202667009
198803741783236609
198803742638882817
198803742198480896
198803743108632578
198803743746179072
198803743985246208
198803743670681600
198803745042214913
198803745658769411
198803745671364609
198803745973346305
198803744832487424
198803744895410178
198803746321469440
198803745868484610
198803746883506176
198803747013525506
198803746887712770
198803747856588803
198803747261005824
198803744937345026
198803746292117505
198803748355706881
198803746879311875
198803748850647041
198803748733202433
198803748380884992
198803749555290112
198803749437845505
198803749190369281
198803750234750976
198803750159265792
198803751920865281
198803751740510210
198803751291727873
198803752239644672
198803751845371904
198803751807627265
198803752856207360
198803753699254272
198803754202562560
198803754592636929
198803755272118272
198803756534599681
198803756589121536
198803756710756353
198803757230866432
198803757289586691
198803756937252865
198803757935501312
198803757709000704
198803758623367168
198803758581420033
198803758468169728
198803759646773248
198803759785181185
198803760548548608
198803760737304577
198803760867311616
198803761475497985
198803761915891713
198803761907515393
198803761819426816
198803761936859140
198803756777869314
198803761894924288
198803763065131008
198803762893176832
198803763333562369
198803763757187073
198803763899797505
198803764159856643
198803758233292801
198803764998709249
198803766101811200
198803765892096000
198803766395412480
198803766970032130
198803766718373892
198803767330738176
198803766609326082
198803766030508032
198803767599169539
198803767674683392
198803768211537922
198803768798748673
198803769289482242
198803768689692674
198803769813766144
198803770157703169
198803770052853761
198803770329677824
198803770560360450
198803770447118336
198803770807820289
198803771126591488
198803773064355841
198803774423302144
198803770853957633
198803774687559682
198803775090204674
198803775866142721
198803776231063553
198803776398831617
198803777023770624
198803776965054464
198803777208320000
198803777380286465
198803778307244032
198803777627758592
198803778059771904
198803779137708034
198803779297083392
198803778433069056
198803779322257408
198803779368394752
198803779989159937
198803780739936257
198803780056256512
198803782048546816
198803778948964352
198803782472171522
198803782769975298
198803782165991424
198803782044360706
198803783436877824
198803783340400641
198803783143260160
198803783466225664
198803783873069056
198803784493834241
198803784862941185
198803785387220993
198803784942632960
198803785253011456
198803785894731776
198803786368696320
198803785617915905
198803786586796032
198803786758762497
198803787765383169
198803787371122688
198803787291435008
198803788679745536
198803788197400577
198803789094985729
198803789342441474
198803789216620544
198803789619281922
198803789615083520
198803789417955328
198803789208231937
198803790709796864
198803787996086272
198803791032750082
198803790353268738
198803791196336128
198803791649325057
198803792123273216
198803792362356736
198803792504963073
198803792882434049
198803793767440384
198803793931014145
198803794228813824
198803794379804673
198803794698584065
198803794283331584
198803796644724737
198803796380491777
198803797156442112
198803797320011777
198803797726855168
198803795684229121
198803798179856384
198803797550694403
198803798481838080
198803798603472897
198803796221108224
198803798704132097
198803798645411843
198803798263742466
198803798951608320
198803799131959297
198803799131951105
198803798892879872
198803798515400707
198803799903715330
198803800197300224
198803799790456833
198803800587386880
198803801317195778
198803802034421764
198803799903707136
198803802067968000
198803803456282624
198803803384983552
198803803133313024
198803803787636736
198803803787632641
198803803984764929
198803804093825025
198803803192045568
198803804051873792
198803804425170946
198803804689416194
198803804806856706
198803805255639040
198803805805084672
198803805930926082
198803807042404352
198803806526504960
198803807788990465
198803808204238848
198803808514605056
198803808917262338
198803807528947712
198803809101824000
198803809496084481
198803809739341824
198803809848397825
198803810171363330
198803808959209472
198803807990321152
198803810548846592
198803810792128512
198803811089924097
198803811236708353
198803811165417472
198803811484180481
198803811354148864
198803811660337153
198803812675371008
198803812520169473
198803812327243776
198803810569826304
198803812700520448
198803808455897088
198803813648441344
198803813371625473
198803813526798337
198803814852206593
198803814546026496
198803815166779392
198803815372296193
198803814541824001
198803815749791746
198803815892402177
198803816160825344
198803816672534528
198803816823521280
198803817192624130
198803816932585472
198803817070985216
198803818031484928
198803818434146304
198803818530619394
198803818832605184
198803819138777088
198803819348492288
198803819042312192
198803819642093570
198803819256229888
198803820854255617
198803821332410368
198803821827338242
198803821789581312
198803821982527488
198803822313877505
198803822561341440
198803823349862400
198803824373268480
198803824335523840
198803824566222850
198803824872390658
198803821663748096
198803824528461824
198803824817876993
198803825375707136
198803825367322625
198803825879023616
198803821894451201
198803826449461248
198803826378162179
198803826659164161
198803826298458112
198803827208634368
198803827191857152
198803827049238529
198803827653226497
198803827703562240
198803827917459457
198803828290752512
198803829230280704
198803829658095617
198803829746184192
198803830173995008
198803830408884224
198803828345282560
198803831499407361
198803831461646336
198803831654592512
198803831696523264
198803832191451136
198803831205801984
198803832346648576
198803832610897920
198803832443117568
198803832602509313
198803832254382082
198803833256808450
198803833382641664
198803834108256257
198803834125025282
198803834099871745
198803834083090435
198803834741592064
198803835765006340
198803836155068418
198803836377382912
198803835941171200
198803835857281025
198803836553527296
198803836285095936
198803836968771587
198803836754857985
198803837857959937
198803837161717760
198803837534998528
198803837962813442
198803837908299777
198803838298361857
198803836763246593
198803838352887808
198803836901658626
198803838566809600
198803838914936834
198803839493742592
198803839690878976
198803839535681538
198803840777199616
198803841062416385
198803841041436672
198803841146294272
198803841100161024
198803841884487681
198803842119380992
198803842400403457
198803842404581376
198803842622685186
198803843633512449
198803843906154496
198803844694687744
198803844778569728
198803845248323585
198803845663567872
198803845755834368
198803845835534341
198803844921171969
198803845831344129
198803845944573952
198803846062030849
198803846334644225
198803846372401153
198803845739061248
198803846531776514
198803846582120448
198803846082985984
198803846695358466
198803846326272000
198803847781687296
198803846590513152
198803848385667072
198803848809287680
198803848960286722
198803848666689538
198803848830263297
198803849652355072
198803849920782339
198803850386350080
198803850323439616
198803849945948161
198803850864504833
198803850780618752
198803851774664705
198803851430731776
198803852143759360
198803852085039104
198803852282175489
198803852613529601
198803852336701441
198803853070708738
198803853414645760
198803853246873600
198803851241984001
198803853888598016
198803854794571776
198803854513553408
198803854769405953
198803854463205378
198803855364988928
198803856132538368
198803856317095936
198803856627470337
198803856732336129
198803857185320960
198803857403428864
198803857676050432
198803858816892929
198803859257307136
198803859458625537
198803859496374275
198803860217790465
198803859919998977
198803860553334784
198803861002141696
198803861295734786
198803861991989249
198803862231068672
198803862352707584
198803863149608961
198803864131084289
198803864831528960
198803864626016256
198803865477447680
198803865192247298
198803865829781504
198803866312126465
198803866358267905
198803866517643265
198803865909465088
198803866576359427
198803865930436610
198803867444592640
198803867805286402
198803867843035136
198803868090515456
198803867662696448
198803868128251906
198803864944771072
198803868367339520
198803868778373122
198803868845486080
198803868916785152
198803869105528834
198803868774178817
198803869076172800
198803869273305088
198803868832907265
198803869160054784
198803869613047808
198803869596262401
198803869315239936
198803869986324482
198803870560948225
198803870074417152
198803871026520065
198803871269789696
198803871391416321
198803871664058368
198803872561631235
198803872708431875
198803870175068163
198803874256142337
198803874172256256
198803874365177857
198803871055876097
198803872926535683
198803875845775360
198803876126797825
198803876298760192
198803876516855808
198803876047110144
198803876281974784
198803876969857025
198803876961452033
198803876000968704
198803876772712448
198803877246668800
198803876189704192
198803877531877377
198803877934546945
198803878169411585
198803878660149248
198803878102315008
198803878890831872
198803879067004928
198803879410937859
198803880883130369
198803881080262656
198803881633914880
198803881243844608
198803882569248768
198803878626590720
198803882611187712
198803882044960769
198803883114496000
198803883068362752
198803883076751362
198803882737025024
198803883429076993
198803883689123841
198803883743649792
198803884481843203
198803884687364097
198803884947415040
198803884385378304
198803885928873987
198803885844992000
198803885081640960
198803886079885314
198803885706588163
198803886562222081
198803886922932224
198803886633533442
198803887564664833
198803886616743938
198803888013447168
198803887837298689
198803887988293633
198803888172843008
198803888239947776
198803888273489920
198803888458043393
198803888328024064
198803888483209216
198803888739057664
198803888852307969
198803888772620288
198803888822956035
198803890198683648
198803890345476097
198803889955418112
198803890899124224
198803891264045057
198803890957856768
198803891033350144
198803891599589377
198803891083681793
198803892119674885
198803892241313792
198803892232912896
198803892560084994
198803892748824576
198803892451033089
198803892937555968
198803893759647746
198803893713510400
198803894338457600
198803894283935746
198803893742870529
198803894409768960
198803893801586688
198803895047303168
198803895047299072
198803895219257345
198803895726784512
198803896167186435
198803896414646272
198803897253498880
198803897379340288
198803896578220032
198803897668730880
198803897853292545
198803898155270145
198803892929171456
198803898243366912
198803894732726274
198803898348224512
198803898826358784
198803899136737283
198803899023507457
198803899321298944
198803899279355905
198803900084666370
198803900575399940
198803900667658241
198803901074513921
198803901670109184
198803902123094017
198803902227939328
198803902404108288
198803902680932352
198803902479601666
198803902437658624
198803903398162432
198803902374744064
198803902974541826
198803903075188736
198803903297495040
198803904102797314
198803903922442240
198803904757104640
198803905008771073
198803904530624512
198803903259754498
198803906673913858
198803907504386048
198803907063975938
198803908221612032
198803908250976256
198803908280320001
198803908490039297
198803908561342467
198803908779442176
198803908007698432
198803908099973120
198803908741693440
198803909526044672
198803909077245953
198803909521833984
198803908653625344
198803909656059905
198803910436204546
198803910528475137
198803910503309314
198803910671089664
198803910754967552
198803911358955520
198803911958740993
198803911904202752
198803911820316672
198803912986337281
198803913368010753
198803914416586752
198803915188346880
198803914982830080
198803915565830145
198803916052377601
198803916324999168
198803916392108032
198803916966727682
198803917813989377
198803918124355584
198803917407141889
198803918778671107
198803918346657792
198803918950645762
198803919399432192
198803919877570561
198803919827243010
198803920301207552
198803920548671489
198803920406056962
198803920540278786
198803918774468608
198803918212448256
198803921626599425
198803921983115264
198803921970532352
198803921349779456
198803922658398211
198803922746482688
198803921760825345
198803922679369729
198803918220832768
198803922327056386
198803922599677952
198803923648258049
198803923874750464
198803923455324160
198803923300139008
198803924373872640
198803924445184002
198803924038324224
198803924118024193
198803925296619521
198803925468577792
198803925602811905
198803925695070211
198803925728628737
198803926466826242
198803926940790784
198803927079198721
198803927884509185
198803927607676928
198803928534622208
198803928631083010
198803929071493121
198803929067290624
198803929146998786
198803929293787136
198803927364407296
198803929532870656
198803930036187136
198803930493366272
198803930707267585
198803930879242240
198803930719862784
198803931202191360
198803931609051136
198803932825395200
198803933693620225
198803933769105408
198803933983027203
198803934024957952
198803934331146240
198803934251450369
198803935530713088
198803935375527936
198803935706886144
198803935853682688
198803936487014401
198803937204248576
198803936461852672
198803937518817281
198803937145520129
198803937531396096
198803937057439745
198803937938259971
198803937476882432
198803938173136897
198803938223460352
198803938370265090
198803938827452417
198803938277994496
198803939028774912
198803938781315073
198803939951521792
198803940329009153
198803940333203460
198803941213999104
198803940781985792
198803941230780416
198803941834756096
198803942434541568
198803941998333952
198803941704744961
198803942216441856
198803943147573248
198803943835447296
198803943743168512
198803944326180866
198803944313593858
198803940320620544
198803944024178688
198803944812724224
198803945190199297
198803943621533697
198803945521549312
198803945630609410
198803945622212608
198803945156657156
198803946616262657
198803946498834432
198803947216052224
198803945911619584
198803947283156992
198803947434147840
198803947312513025
198803948377878528
198803949778767872
198803949879439360
198803949787156482
198803950122713088
198803950680539137
198803950143668225
198803951028670464
198803951200636928
198803951183872000
198803951414542337
198803950642802688
198803951209037824
198803952001757184
198803952584757248
198803953012580354
198803953067102209
198803952559587331
198803953318772738
198803952966438912
198803953696247810
198803953939525632
198803954065358848
198803954774196226
198803954543509504
198803955373969408
198803955927617536
198803956468695040
198803956531597312
198803956565151744
198803956984590336
198803957244633088
198803957328515072
198803957307539456
198803957433380866
198803957915725824
198803958389686272
198803958393872384
198803958674894848
198803958226092032
198803958603595776
198803959295655936
198803959891230721
198803959912210435
198803960822382593
198803961652838400
198803962395242500
198803962105831424
198803962479116290
198803963406069760
198803963401863168
198803963607396352
198803963632558082
198803963448000513
198803963993268225
198803964232335363
198803963414450177
198803964773400577
198803964421079042
198803965008297986
198803965247356928
198803964936990720
198803965012492288
198803965394173952
198803966509858816
198803966547603456
198803967508090880
198803967944298496
198803967789109248
198803968376320000
198803967675863042
198803968594411522
198803968732831744
198803968879632386
198803969403920386
198803969479426049
198803969680736259
198803969764634624
198803969395523586
198803969848520704
198803969827545089
198803970527993858
198803970070814721
198803970825793539
198803970611871744
198803971022917634
198803970750283777
198803971727556609
198803971740143616
198803972214108160
198803973178793984
198803973166202880
198803973472387073
198803973371736066
198803973786959872
198803973673717760
198803973979897857
198803974026047488
198803974692933633
198803975091392512
198803975204634624
198803975041069059
198803976374849536
198803976706195458
198803976685236225
198803976634896384
198803978321002498
198803978971127810
198803979474448385
198803980195872768
198803980023902209
198803980489465857
198803980653035521
198803980871147522
198803980975996928
198803979931631616
198803981122797568
198803981110231042
198803981881982977
198803982527901696
198803982502731777
198803982968299521
198803982351728641
198803982867628033
198803982943125504
198803983232544769
198803983865876480
198803984335642626
198803984457281536
198803984864129024
198803984243363841
198803984448897025
198803984654401536
198803985078038528
198803985430355970
198803984897671168
198803985715572736
198803985841397760
198803985946251265
198803985723949056
198803986193715201
198803987208736769
198803986583793664
198803987649142785
198803987397488640
198803987900792832
198803987728842753
198803987514920960
198803988446052352
198803988676743169
198803988043411456
198803988433477632
198803988743860224
198803989209419778
198803988819361793
198803989733720064
198803989343649794
198803989863743488
198803989905682434
198803989926641665
198803990039891970
198803989561737217
198803988437676032
198803990111199232
198803990836822016
198803990580953088
198803990610325505
198803989167484928
198803990908125186
198803990127972354
198803991352713216
198803991608557568
198803991671484418
198803988689321984
