198838972858900482
198838972728868864
198838973047635968
198838972770828289
198838973047640064
198838973513220096
198838973592895489
198838973869735936
198838973748101121
198838973647421442
198838973802614784
198838973899083777
198838974368841728
198838974503075840
198838974079451136
198838974716977154
198838974666641408
198838974603735041
198838974045884416
198838975081889792
198838974905720832
198838974394015744
198838974339489792
198838975383867392
198838975530663936
198838975480340480
198838974893142016
198838975606161409
198838975778131969
198838976147243008
198838976168202241
198838975769739264
198838976302428161
198838976210141184
198838976499560450
198838976390496256
198838976763801600
198838976017207296
198838976600223748
198838976809926658
198838975765557248
198838976679903232
198838976839303170
198838977409724417
198838977569103873
198838978466676737
198838979003551745
198838979934699520
198838978227601410
198838980056317952
198838980404445184
198838979590754304
198838980551262209
198838977850122240
198838980689666048
198838978152103937
198838979313930240
198838980442198016
198838980941332480
198838981167812609
198838980320559105
198838980077289473
198838980475756544
198838981524336640
198838981557882880
198838981385916417
198838980618358784
198838981088133121
198838982061207552
198838982094749696
198838980773548032
198838982254145536
198838982082183168
198838982170263552
198838982354800640
198838982912638976
198838982971375616
198838983126560768
198838983097204736
198838983097192448
198838982992330753
198838983176892417
198838983277551617
198838983814430721
198838983780872193
198838984196112385
198838983176880128
198838984305152001
198838984871387136
198838985286627328
198838984925913089
198838984925908992
198838985240485888
198838985500532736
198838985940938752
198838985605394432
198838985823485952
198838986444251138
198838986070958080
198838986633003008
198838986343596032
198838987392159744
198838987450888192
198838987199217664
198838987266342912
198838987748687872
198838987891290112
198838987924840448
198838987966787585
198838987991949312
198838988084219904
198838988159721473
198838988096811008
198838988075843584
198838987417329667
198838988474286081
198838988507856897
198838989124411392
198838989095055360
198838988184883214
198838989531262976
198838989569007616
198838989707419648
198838989761941505
198838989707415553
198838989493501953
198838989929709569
198838989812281347
198838989782917121
198838990403674112
198838990382706689
198838990881820673
198838990911176704
198838990525317122
198838991351586816
198838990718238720
198838991678742528
198838991871688704
198838991976542209
198838992144318464
198838992257556481
198838992467271680
198838992039448580
198838992442109952
198838992718934016
198838992656023553
198838992786042882
198838993150943233
198838993293557761
198838993423577088
198838993121591297
198838993595531265
198838993520041984
198838993293541378
198838994073686016
198838993855578114
198838993490685953
198838994203721728
198838994237263874
198838994266632193
198838993708777473
198838992525987840
198838993943662593
198838994405036032
198838993603928064
198838995420061700
198838994363105281
198838995541696513
198838995604611073
198838995394899968
198838996082769920
198838996028235777
198838996204404736
198838996649000961
198838996833538048
198838997110366208
198838996774817792
198838996812566529
198838997269753859
198838997575925761
198838997882126337
198838997903089665
198838997936652288
198838998318317568
198838998070861824
198838998733557760
198838998997794816
198838999207514113
198838999509499905
198838999530475520
198838999585005568
198838998972645377
198838999673090048
198838999702437888
198838999677272064
198838999765360640
198838999983464448
198839000201572352
198838999673094144
198839000168013824
198839000394510336
198838999815692289
198839000704884736
198839000897826818
198839001023655936
198839000969125888
198839000620998656
198839001090756608
198839001325649921
198839000881049601
198838998767116288
198839000998477825
198839001078181888
198839001627627520
198839001388564480
198839001862512640
198839002030292992
198839002000920576
198839000314822656
198839002319683585
198839001170444288
198839002130948096
198839002504237056
198839001984151552
198839002613293057
198839002655227904
198839002609094656
198839002084802560
198839002969800707
198839002969808896
198839002617495554
198839003376652288
198839003225657344
198839003552813056
198839003498295299
198839003577974784
198839003540238336
198839003330523136
198839003712200704
198839003221467136
198839003531837441
198839004123246592
198839003053703168
198839004324573184
198839004655919106
198839004509110273
198839004848848896
198839004945330176
198839004920164353
198839005373145088
198839005469622273
198839005897437184
198839002076418048
198839006274920449
198839006220398592
198839006312669184
198839006077792256
198839006501408768
198839006505611264
198839006107148289
198839006711119873
198839007193477120
198839005142466560
198839006795022337
198839007155732480
198839007831011330
198839007898124289
198839007780683777
198839008237850625
198839008225267712
198839008472735744
198839008854413314
198839008669863936
198839009093500929
198839008976052224
198839008925716481
198839008875393026
198839009374511105
198839008929918976
198839008871194624
198839009580023809
198839009953316864
198839009940733952
198839010288865281
198839010393718784
198839009928159232
198839010620223489
198839010053996545
198839009991065600
198839010515361792
198839011240968194
198839011467472896
198839011626848256
198839011475849216
198839011362603009
198839010649587712
198839011706535936
198839011178070017
198839012386029568
198839012658647040
198839012021125120
198839012604129280
198839013304569856
198839013518483456
198839012964835328
198839013459763200
198839014151819265
198839014504144898
198839014445424640
198839014554472448
198839014588026881
198839015485620226
198839014780977153
198839015611449345
198839015724691456
198839015313645568
198839015397531649
198839016009900032
198839015724683265
198839011949809666
198839016370610177
198839016366407680
198839015653388288
198839008833437696
198839016555163651
198839015988932608
198839015816970240
198839016521609216
198839016903294976
198839016903286785
198839016978784256
198839017205280768
198839016861339648
198839017213665282
198839017213665281
198839016924258304
198839017150746626
198839017268191233
198839018157391872
198839017914109952
198839018077700096
198839016597098496
198839018438402049
198839017956052992
198839018920755202
198839019025600512
198839018979467265
198839018979467264
198839018501312512
198839019289845761
198839019180793856
198839018937528320
198839019281453056
198839019885445120
198839020086771713
198839020405526530
198839020602658816
198839020137103360
198839020720103424
198839020917239808
198839021135331328
198839021349240833
198839020699123712
198839020996919296
198839021777063938
198839021563154432
198839021537996802
198839021772877824
198839022272000001
198839021881929728
198839022460743683
198839022351679488
198839023081496577
198839023203123201
198839023458975746
198839022724980736
198839023521898496
198839023966486531
198839024008429569
198839024071344129
198839024092315648
198839024272678914
198839023949721600
198839024499163137
198839024486592512
198839022020329472
198839024666947584
198839025308680193
198839024457220096
198839025577111553
198839025585496065
198839025598087170
198839024994107392
198839025946214400
198839026181095424
198839026260770817
198839025560326145
198839024633393153
198839026025897984
198839026667622400
198839026785071107
198839026940264448
198839027124797440
198839027238043648
198839027129004032
198839027368079360
198839026386608128
198839027846225920
198839027531653120
198839027925909504
198839028311785475
198839028156596225
198839027984637952
198839028001423361
198839028781563907
198839028810907649
198839028597006336
198839029016432641
198839028152406016
198839029184204802
198839028756393984
198839029129691136
198839029377142784
198839029637197825
198839029670744064
198839028706062336
198839029825941504
198839029544919040
198839030165680128
198839030157279234
198839029951762432
198839030178258944
198839030513799168
198839030677385217
198839029901438976
198839031004540929
198839030954209280
198839031147134977
198839030849339392
198839030379585536
198839031084232704
198839031423971328
198839031507857408
198839031679819776
198839031730155520
198839031801458689
198839031835004928
198839032040521728
198839032095059968
198839031612710913
198839032321552386
198839032367677440
198839031717560321
198839032543854592
198839032711626753
198839032384466944
198839032468340736
198839032585789441
198839033319796736
198839033240109056
198839032887783424
198839033529507840
198839033256878082
198839033487572992
198839029435863041
198839033739214851
198839032204103680
198839033865060353
198839033764392960
198839034179620865
198839034053804032
198839034389344257
198839034481618947
198839034343206912
198839034452262912
198839034565496834
198839034326429696
198839034284490753
198839034104131584
198839035152711681
198839035005906944
198839035232399361
198839035521802241
198839035467280384
198839034875875328
198839035278532608
198839035710554112
198839035832184832
198839035978985473
198839035756687361
198839035546968065
198839036352282624
198839035869925376
198839035630850049
198839036050288640
198839036524240896
198839036675231746
198839036989800450
198839036926898179
198839036897529857
198839037174349824
198839036809453569
198839037090476032
198839036679434242
198839036863983619
198839037266628608
198839037459562497
198839037916758017
198839038168416257
198839038331985920
198839036507467777
198839038013214720
198839038378119168
198839039267315713
198839039955185664
198839039531560960
198839040202653696
198839040211038209
198839040391397377
198839040613691394
198839040701759489
198839040798232576
198839041079250944
198839041330913281
198839040823398401
198839041238646787
198839041284775936
198839041515458561
198839041695825920
198839040844378113
198839042274631681
198839042421440512
198839041435774976
198839042501115904
198839042173960193
198839042434007041
198839042962489344
198839042467573760
198839042933137410
198839043151233024
198839038734647296
198839043256090624
198839042895384576
198839043008638976
198839044183044096
198839044443082752
198839044434706433
198839044262723584
198839044732485632
198839045319704576
198839044917043200
198839045281939457
198839045483282432
198839045609095168
198839045776867328
198839045705568257
198839045353250816
198839045814632448
198839046007566336
198839046154371072
198839046091452416
198839046183718912
198839045974003714
198839046552813569
198839046577983488
198839046913540097
198839046812860416
198839042920562688
198839046691237888
198839047077101569
198839047072907266
198839046909341697
198839046854815745
198839047131631616
198839047777554432
198839048066965505
198839048331206656
198839048217952257
198839048314437633
198839047127441408
198839046301163520
198839048951963649
198839047836274690
198839049652420610
198839049669197824
198839050038280193
198839049975377921
198839049883095041
198839050117976064
198839050059268096
198839050034102273
198839049740492802
198839050155724800
198839050529030146
198839050625486848
198839049140715523
198839050076045314
198839051418210304
198839051258822658
198839051430801408
198839051720196096
198839052219334656
198839051762155520
198839051548229635
198839051921534976
198839052911394817
198839052601012227
198839053091733504
198839053125292033
198839053037215745
198839053410516994
198839053586669568
198839053267902466
198839053645381635
198839053720887296
198839053309841408
198839053532147714
198839052546478080
198839052844281857
198839053855096832
198839054077411328
198839053469229056
198839054358425600
198839053922217984
198839054698151936
198839054555561984
198839054924648450
198839054907871232
198839055067262976
198839054819786752
198839055289548800
198839053360173058
198839055818039296
198839056141008897
198839056468160512
198839056820486148
198839056212312065
198839056728195072
198839056770146304
198839056921137152
198839057013415936
198839057273470980
198839056619151360
198839056849833984
198839057848078336
198839058296877058
198839058439479297
198839057873248256
198839058657579009
198839059001524224
198839058913431552
198839058976342016
198839059131543552
198839059978780672
198839060276588546
198839059852955648
198839060079448064
198839060293361664
198839060444356608
198839060394033153
198839060771512322
198839060482105344
198839061073498112
198839060318535680
198839061358718976
198839061388075008
198839061530673152
198839060859584512
198839061769764866
198839062168223744
198839061467770882
198839062285651968
198839062281465858
198839062512144386
198839062814146560
198839062398894080
198839062948356096
198839062663143424
198839061832675328
198839062721855488
198839063334236161
198839063200010240
198839064017907712
198839063569117184
198839064168894464
198839064437329920
198839064374427649
198839064886128642
198839064932261888
198839065196498944
198839065368477696
198839065645285376
198839065523658752
198839065246842880
198839065238450177
198839066102468610
198839065532047360
198839066236686337
198839066324774913
198839066660323331
198839066773557248
198839066500939776
198839066995859457
198839066391883777
198839066656124928
198839067604041729
198839067805351936
198839067310424066
198839068119924736
198839068119937025
198839068115738625
198839067637579776
198839068665192448
198839069206249472
198839069223034880
198839068379983872
198839069499858945
198839068937826305
198839069646655489
198839069684408321
198839069613101058
198839069592141825
198839069860560897
198839070208696322
198839070389051392
198839069558575106
198839070615547904
198839070615539715
198839070670061569
198839070292578307
198839071009804289
198839070934319106
198839070917525504
198839070363881472
198839071311798272
198839071651545089
198839071651545088
198839068489035776
198839071840288771
198839071831887873
198839072100331520
198839072276488192
198839072331005953
198839072180023296
198839071714447361
198839072335208450
198839071844470786
198839071647346688
198839072200994816
198839072691720193
198839072100331521
198839072855293952
198839072972738560
198839072431677440
198839072930795520
198839073333456896
198839073350230017
198839073815801856
198839073803218944
198839073652228096
198839073660612608
198839073878704129
198839074700800000
198839074700804097
198839074222645248
198839074126168064
198839072578482176
198839073631248384
198839075023761408
198839075044728834
198839075292196866
198839074788884480
198839075116027904
198839074361053184
198839075585802241
198839075665485824
198839075791306753
198839076651139072
198839076600823808
198839076382711810
198839076936359936
198839076873437186
198839077234155520
198839077309652993
198839076831502337
198839076789555201
198839077460647936
198839077502590978
198839077871681536
198839077389340672
198839078672805888
198839077989134338
198839078815416320
198839078983188481
198839078811213826
198839079381643264
198839079440351232
198839079385833472
198839079608139776
198839079427768321
198839079595552769
198839079843016705
198839079826239488
198839079985614848
198839079582969856
198839080140808193
198839080048537601
198839080224694272
198839080069500930
198839080577015808
198839079570386944
198839080979664897
198839081348775936
198839081613017088
198839081139044353
198839082095349760
198839081868865538
198839082162470914
198839082632228865
198839082573504513
198839083336871937
198839083286536192
198839083211038720
198839083311706112
198839083060039681
198839083185864704
198839083345252353
198839084226064385
198839084108611584
198839083320086529
198839084196700160
198839084272201728
198839084167348225
198839084217675777
198839084431585280
198839084582576129
198839084813271040
198839084926504960
198839084217667585
198839084817453056
198839084926517249
198839085287211008
198839084679036928
198839085475954689
198839085522104320
198839085568237568
198839086235140096
198839085941522432
198839085849264130
198839086654570496
198839086788788225
198839086834921473
198839086952349696
198839087132717057
198839086910414849
198839087292100611
198839087438888960
198839087149498369
198839087501819904
198839087128510464
198839087665393664
198839087690563585
198839087875096576
198839087476649985
198839088034484225
198839088219041792
198839088416169986
198839088265166848
198839088462299138
198839088504250368
198839085400461314
198839088391004161
198839088453918720
198839088474886145
198839088109981696
198839088957239296
198839089158553600
198839089062096896
198839087917051904
198839088894328832
198839089313755136
198839090232311808
198839090202939392
198839089892556801
198839090538496000
198839090785959938
198839090605604865
198839091066961920
198839091096322048
198839091188604928
198839090685284355
198839090744012800
198839091486408706
198839091754844161
198839091771621378
198839091616415744
198839092023267328
198839092295901184
198839092358811648
198839091784204289
198839092040040450
198839092497231873
198839092186853376
198839092346241025
198839092795015170
198839093315112960
198839093478694913
198839093990391808
198839093755523072
198839094183329793
198839094418210818
198839095009611776
198839095286439936
198839095793958912
198839095940755456
198839095986896897
198839096184020992
198839095554883585
198839096431484929
198839097035472898
198839096808980480
198839097282932737
198839097555550208
198839095995285504
198839096637014016
198839097048043520
198839097408761856
198839098239221760
198839098255998977
198839098235031554
198839097673007104
198839098402799617
198839098071449600
198839098142756864
198839098667044865
198839098801270785
198839098151153664
198839099094867968
198839098952269824
198839098776096769
198839099061313537
198839099501711360
198839099606568960
198839099744985091
198839100093112320
198839100126662656
198839100286042112
198839099942121472
198839097526198272
198839100428656641
198839099837251584
198839100760014849
198839100369932288
198839100978110464
198839100927770624
198839101053612034
198839100260880385
198839100478996480
198839101049417728
198839099589795840
198839101242359808
198839100848091136
198839101670170624
198839101351407616
198839101821157376
198839100562870273
198839101921828865
198839102081220608
198839101598859264
198839102534197248
198839102714544129
198839103159152642
198839103058477056
198839103243034624
198839103159140352
198839103209484289
198839103586959360
198839102655836160
198839103482101760
198839103842811905
198839104169967616
198839103989616640
198839104086093824
198839104677486592
198839104585211904
198839104715239424
198839104652320769
198839104882999296
198839105189187584
198839105273069570
198839105285668864
198839105457618945
198839106049024000
198839100948754432
198839106174857216
198839106061606912
198839106502000640
198839106502000642
198839106481045504
198839107143745536
198839106887892992
198839108146171904
198839107454107649
198839108158758912
198839108074868736
198839108414607361
198839107819016192
198839107265363968
198839109375111171
198839109513523200
198839109127647236
198839109433827329
198839109622571009
198839109144420354
198839109911969794
198839109853265920
198839109450612736
198839110482403328
198839110662754304
198839110457229314
198839110897647617
198839110499172354
198839110725681153
198839111077990400
198839111191244800
198839111208026112
198839109966503936
198839111317078016
198839111451279361
198839111308689408
198839110956363777
198839111585497090
198839110939586560
198839111518396416
198839111224803328
198839111644233730
198839112084635648
198839112185298945
198839112009121795
198839112147546113
198839112856387584
198839112101396480
198839112973815810
198839112411787264
198839113879789568
198839113200316416
198839113246449664
198839114257281025
198839114190172161
198839114597015553
198839114601218048
198839114471182336
198839114898997250
198839115347800065
198839115947581441
198839115825954816
198839116144705537
198839116119552000
198839115876286465
198839116434128896
198839115825950720
198839116232785924
198839116513804288
198839117025509376
198839116924862465
198839117205872640
198839117197492226
198839117415583744
198839117000351744
198839117579173890
198839117281361921
198839117902118912
198839118149586944
198839117986021377
198839118279622657
198839118707437569
198839118548054016
198839118862622720
198839119315607552
198839119768596480
198839120020246528
198839120229969920
198839120078974976
198839120502603776
198839120557125632
198839120854925313
198839120838139905
198839120963977217
198839120947187714
198839120628428800
198839120502595585
198839121119154176
198839121073025024
198839120297066497
198839117923094529
198839121161097218
198839118938116096
198839121270145026
198839121530204160
198839121630859266
198839121194663940
198839121672802306
198839121085599744
198839122071269376
198839122503274496
198839122675249153
198839122239029248
198839122973036544
198839122566197248
198839122784292865
198839123157594112
198839122926899201
198839123090481153
198839123841265666
198839123358908416
198839122775904256
198839123497320448
198839124055162884
198839122310336512
198839124566880257
198839124579467265
198839124491386881
198839124696895488
198839124885643265
198839124453629953
198839124508155904
198839125057613824
198839124910800896
198839124969533443
198839124965326850
198839121643442177
198839125598666752
198839125820968962
198839125690953730
198839125971976193
198839125753868288
198839126508847104
198839126949236737
198839126848585729
198839126131359744
198839124436860930
198839125619642368
198839126819209216
198839127326736384
198839126873751553
198839126936662017
198839127687446531
198839128220106753
198839128773763072
198839128819896320
198839128949915648
198839128543068160
198839129604231169
198839129545515008
198839129289666562
198839129906216960
198839128287232001
198839129658761216
198839130396966912
198839130187239424
198839130388566016
198839130715721729
198839130740883456
198839130866720768
198839130845757442
198839131424571393
198839131848187904
198839131776884736
198839131982409728
198839131969814529
198839132397649921
198839132561211392
198839132234072065
198839132867411969
198839132292784128
198839131852374017
198839133098086402
198839132527673344
198839133236510721
198839133265862657
198839133332971520
198839133626568705
198839133542682625
198839133114871808
198839133580427264
198839133051957248
198839133865656320
198839133941145601
198839133647544320
198839133811130368
198839133865639936
198839133395877888
198839134129881089
198839134201184258
198839134943584257
198839134666760192
198839134205378560
198839134771613696
198839135081988096
198839134842925056
198839134964547584
198839135828574208
198839135455285248
198839136369647618
198839136487096320
198839136164134913
198839136650674177
198839136717778944
198839136470310912
198839136717770753
198839136906522628
198839136910712832
198839136516456450
198839136768110592
198839137065897984
198839137464352768
198839137678278657
198839137757966336
198839138827505665
198839138789765120
198839138772983808
198839139351789568
198839139532152833
198839139846729729
198839140035461120
198839140148715521
198839140303904768
198839139817365504
198839140220010496
198839140622671874
198839140668805120
198839140123557888
198839140899500033
198839141310529537
198839141486694400
198839141486702593
198839141541220354
198839141142757376
198839141822242817
198839141864177665
198839141767708672
198839141797072896
198839140987580416
198839142094864385
198839142115852288
198839142484951040
198839142627540992
198839142929530880
198839142858240000
198839143067959296
198839143256686592
198839143357362176
198839143357358080
198839143441252352
198839143256690688
198839143525122050
198839143801954304
198839143428669440
198839144015855616
198839143495761922
198839143495766016
198839144028446720
198839144179445761
198839144494010370
198839144519184384
198839144573698048
198839145056059393
198839144548548610
198839145068625920
198839145169293312
198839145303506944
198839145492258816
198839145760690176
198839145576144896
198839145689382912
198839145999765504
198839146020732928
198839146855399424
198839146100432897
198839147044155392
198839147228704768
198839147195138048
198839146884771840
198839146930896896
198839147786543104
198839147971088384
198839148478595074
198839148856086528
198839148851888128
198839149078380544
198839149044842496
198839148944171008
198839149187432450
198839148872871937
198839149812391937
198839150009524224
198839149556547584
198839150273761280
198839150303125504
198839150286340096
198839150282158081
198839150496063489
198839150697394176
198839150600925185
198839151339114496
198839150898712576
198839151007776768
198839151532052481
198839152001810432
198839151423004672
198839151678861312
198839152098283520
198839152538693634
198839152479965186
198839152614195200
198839152538697730
198839151704018945
198839152597417984
198839152924573697
198839151846629377
198839153025232896
198839153666961408
198839153620824064
198839153738256384
198839152983289856
198839153050390529
198839153549508608
198839153964752896
198839153868292097
198839153922801665
198839153515958273
198839154354814976
198839154434514944
198839154614865920
198839154350632962
198839154891694080
198839154359025664
198839154832982016
198839155491479553
198839155613114369
198839155755728896
198839156011581440
198839156082880513
198839156204515329
198839156363898880
198839156875591680
198839157202763776
198839157466996736
198839157471186944
198839158129696772
198839157957738498
198839158427488257
198839158662365184
198839158368768000
198839157903200256
198839159002112002
198839159245381633
198839159228604417
198839158331019266
198839159165693952
198839158792404992
198839158863708160
198839159564140545
198839159660613634
198839159832584193
198839159908081664
198839159908085760
198839159400579073
198839160428175360
198839160293949440
198839160780496897
198839160751140864
198839160482697217
198839157655732224
198839158888857600
198839160797282304
198839161808097280
198839161128620034
198839161841664000
198839162055569409
198839162089111552
198839161774542849
198839161816481793
198839161258647552
198839162533724160
198839162412077056
198839161472561153
198839163116716033
198839162177204225
198839162609213440
198839163070590976
198839163594866690
198839163821371392
198839163938807808
198839163498409984
198839163653603328
198839163729096704
198839164324687872
198839164295319552
198839164748304385
198839164966412289
198839164458909697
198839164983193600
198839164974809088
198839165167742977
198839165327130624
198839164765077505
198839164895109123
198839165574586369
198839165721391105
198839165738172416
198839165884973057
198839166107262977
198839165050302464
198839165687836672
198839166354735105
198839166124040192
198839166577016832
198839166761566209
198839166413443076
198839167021613056
198839167478800385
198839167701098496
198839167780790272
198839167734652928
198839167931793408
198839167977918464
198839167181004800
198839168212795392
198839167583649792
198839168816791554
198839168938426368
198839168825176064
198839168183447552
198839169341079552
198839168661590016
198839168661585920
198839169349468161
198839168858726400
198839169836007424
198839169794060289
198839170683256832
198839170674868225
198839170075074560
198839169542397952
198839170884575232
198839170683256833
198839170918129664
198839171408863232
198839170964271104
198839171098476544
198839171870228480
198839172096729088
198839172641996801
198839172688121856
198839173292109825
198839172662956032
198839173539577856
198839173711540224
198839173011079168
198839173862539264
198839173917065216
198839174038687744
198839174139363328
198839174193881088
198839175070494721
198839174445539329
198839175649304576
198839174969819136
198839175477346306
198839175812882432
198839175544455168
198839175351513088
198839176215527424
198839174969823232
198839175594778625
198839176353943552
198839176358141952
198839176764981248
198839176869855234
198839176769191937
198839177238945792
198839176735629312
198839176928575489
198839177259913217
198839177222176769
198839177331220483
198839177071173633
198839176706277377
198839177666764801
198839177381552128
198839177981341696
198839177482219520
198839178140712961
198839177641594880
198839178404954113
198839177712910337
198839178111356928
198839178551771136
198839178459488256
198839178857955328
198839177129889794
198839179042492418
198839178694373376
198839179097018369
198839179046686721
198839179214471171
198839179176718336
198839179537428481
198839180363706368
198839180284010496
198839181089316865
198839180887998464
198839181198368768
198839181357748224
198839181315801088
198839181286445057
198839181668122624
198839181554888706
198839181580046336
198839181676515328
198839181764599809
198839181345161216
198839182251139072
198839182339219456
198839181693292544
198839182435680258
198839182733488128
198839183303917568
198839183152914432
198839183077412864
198839183429734400
198839183572348929
198839183668813827
198839183823998977
198839183731728384
198839184063078400
198839183446515713
198839183601704960
198839184201486337
198839184327323649
198839184469934080
198839184889360384
198839184553807872
198839185321373696
198839184767721472
198839184868376576
198839184818057217
198839185497534465
198839185812099075
198839186424463360
198839186231525376
198839186160222208
198839186789376000
198839186814541825
198839186848096256
198839186734841856
198839187573702657
198839187150094336
198839187825369088
198839187707924480
198839187460464641
198839187393347584
198839187686957057
198839187724701696
198839188265771008
198839188303515648
198839187896668160
198839188794253312
198839188731334657
198839189138186240
198839189322743808
198839189482110976
198839189545033728
198839189750558720
198839190518116352
198839190371303424
198839190870437888
198839190769774593
198839190895607808
198839190471979008
198839191398916097
198839191512166400
198839191646384128
198839191851905024
198839191935791106
198839191226945537
198839192007086081
198839192074194945
198839192216805376
198839191763812353
198839192258756608
198839192405557248
198839191814156288
198839192309084160
198839190178373632
198839192791416832
198839192560742402
198839192648822784
198839193160515584
198839192879513600
198839193445732352
198839193475092482
198839193403797506
198839193806454784
198839193932271616
198839194020356096
198839193881939969
198839194494308353
198839194456555520
198839194737573888
198839194808885249
198839194901168128
198839195060551680
198839194938904576
198839195026993152
198839192430723072
198839195282841601
198839195849064448
198839195563855872
198839195953934337
198839195979087872
198839195823910912
198839196197199873
198839196281085952
198839196419497985
198839196146864129
198839196440469504
198839196700508160
198839194976649216
198839195966513155
198839196591468545
198839196713095168
198839196574687232
198839197530988545
198839197073801217
198839197807812609
198839197921058816
198839197585514496
198839198592155648
198839198571180032
198839198550212608
198839198516645888
198839198181101568
198839195660324864
198839198369857536
198839199074488320
198839198323707905
198839198638292993
198839199288406017
198839199267438593
198839198533419008
198839199485538305
198839199561027585
198839199607164928
198839199401648130
198839199716216832
198839200055951361
198839199959486464
198839199984664576
198839200185982976
198839200248897536
198839200546684928
198839199938510848
198839196746661890
198839200664137728
198839200831901698
198839200274063362
198839201091944448
198839201079361536
198839201284886528
198839201209393153
198839201209384961
198839201091952640
198839201502998528
198839201247141888
198839201268117504
198839201612046337
198839201586876417
198839201712701440
198839202069221376
198839200827719681
198839202161491968
198839202450911233
198839202073427968
198839202585128962
198839202123747328
198839202727723008
198839203075866624
198839202933248000
198839203033907200
198839202610298885
198839203302346753
198839203319123969
198839203344289794
198839203440771072
198839202996158464
198839203524657152
198839203927310336
198839204048928768
198839204006985728
198839204258648064
198839204623552512
198839204778745856
198839204531281921
198839204875223040
198839204300591104
198839205353361408
198839205093314560
198839205575659521
198839205147848705
198839204841656322
198839205231722498
198839206007685124
198839205680529408
198839205835718658
198839206271913984
198839206099947520
198839204581613568
198839206443892736
198839206951387136
198839207035273216
198839206758465538
198839207345664001
198839207421165568
198839208050298881
198839208117411841
198839207786053632
198839208071274496
198839208478126080
198839208931106816
198839208889167872
198839209145016321
198839209212129280
198839209388290048
198839209103065088
198839208939495424
198839209837080579
198839209967095808
198839210113892352
198839210864685056
198839210873061376
198839211187634178
198839211074387970
198839212009721856
198839211737096192
198839211657404417
198839212135559169
198839212341080064
198839212349460481
198839212177498112
198839211946815488
198839212794056705
198839212949241856
198839213276401664
198839213112827904
198839212731150338
198839213972664320
198839214014599168
198839213507096576
198839214236893184
198839214144626689
198839214324973568
198839214622785536
198839214085902337
198839214798934016
198839214761181184
198839214408871936
198839214962507776
198839215381946368
198839215755247616
198839215650390016
198839215784595456
198839216359227392
198839216048840704
198839216099180545
198839216468267008
198839216728313856
198839216539574274
198839217407787008
198839217491677184
198839217701404673
198839216963207168
198839217235832833
198839217672032256
198839217521041409
198839218192134144
198839217491685376
198839217906917376
198839217483284480
198839218519289856
198839218640924673
198839218112442369
198839219001622528
198839218796109824
198839219597221888
198839219760807936
198839219421057024
198839219827912704
198839219936968705
198839220037627904
198839220163452930
198839219727249408
198839219530113025
198839220280885248
198839220159262720
198839220746452993
198839220880674816
198839220935213056
198839221123952642
198839220977156097
198839220138295296
198839221665005569
198839221279145986
198839221325283328
198839221610479616
198839221816008704
198839222436761600
198839220956172289
198839221476265984
198839222369656832
198839222663266305
198839222709387265
198839222407413760
198839222835224576
198839222369648641
198839223435001856
198839223497928704
198839223695060992
198839223887994883
198839224345169923
198839223971880960
198839223502127105
