198798204718952448
198798205700407297
198798205914316801
198798206715428864
198798207331991552
198798207894032384
198798208422522882
198798208565133312
198798210809069569
198798210058301440
198798209668222976
198798211752792065
198798211740209152
198798213430521858
198798213468258304
198798212415488000
198798213870915586
198798212268687361
198798214240010241
198798214755909633
198798214609113089
198798215427010561
198798216089698304
198798216806932480
198798216781762560
198798218371399680
198798219218657280
198798220401451008
198798222347608064
198798222486020096
198798223157108737
198798223459098624
198798223991771138
198798224327319552
198798225375899648
198798224918724609
198798225271033856
198798225589805056
198798227850526721
198798228014104576
198798229360488448
198798229075271682
198798228328693762
198798229545029633
198798229226274817
198798229758951425
198798231428276226
198798231801577474
198798232007090177
198798232044830721
198798229909938176
198798233114382336
198798233210863616
198798233357660162
198798233286344707
198798233726763010
198798233449926657
198798235295420418
198798235589033984
198798236666966018
198798237019287553
198798237115748353
198798237652627456
198798238411792384
198798238315323392
198798238608924674
198798239019966465
198798239317753857
198798239305187329
198798239162576897
198798239883988992
198798240349564929
198798240508944384
198798240890634240
198798241242955777
198798241381351426
198798241364574208
198798242216026112
198798241586872322
198798241842741248
198798243579170819
198798243528847363
198798243398815744
198798244107649024
198798244808110080
198798245038800896
198798245370134530
198798245701484544
198798247437942785
198798246636822529
198798248033525761
198798248813658112
198798249803526144
198798250533335042
198798249694466049
198798250097131520
198798250428465152
198798251577708544
198798252701790208
198798252672434176
198798253624537089
198798254182371329
198798256417947648
198798258045337601
198798258854838273
198798258934517760
198798258754162688
198798259098091521
198798259223928832
198798261509828608
198798261212020736
198798261828595712
198798262092840960
198798263116234754
198798264965939200
198798264445841408
198798264529723393
198798265209200641
198798263103664128
198798265758650369
198798266979205122
198798266958229506
198798267809673217
198798268631748610
198798269588054017
198798269533532161
198798270326243328
198798270607265792
198798270988955649
198798271274156033
198798271819423744
198798273262260226
198798272985448449
198798273530703873
198798273593610240
198798274604449792
198798275355213824
198798276072443905
198798276743532544
198798279033630720
198798280166084608
198798282351321090
198798282510700544
198798282963697664
198798282653302785
198798284104536064
198798285417357313
198798286889566208
198798287174766592
198798287082487810
198798287342538755
198798288479199232
198798288630185984
198798289062207489
198798289204809728
198798290165309440
198798292367314944
198798292279238656
198798292065320960
198798293877268482
198798294451884032
198798294539964417
198798295143956480
198798295269769216
198798295831818240
198798297060749312
198798297492766721
198798296918134784
198798297694081025
198798298449059841
198798298931404801
198798298528751617
198798299455692800
198798299388592128
198798300269383681
198798300512665600
198798301670289410
198798301691248642
198798302714667009
198798303310258177
198798304107171840
198798303863902208
198798305050890241
198798305294159872
198798307055767552
198798307143847939
198798305826844673
198798307357765634
198798307395506177
198798307110293504
198798307189997570
198798299594113025
198798308326649857
198798308368580608
198798308234371072
198798308712521730
198798308431511552
198798309702377473
198798310834839552
198798311916969984
198798312575475713
198798312869076992
198798314022510592
198798315138199552
198798314735534080
198798314739728385
198798315821858818
198798315670863874
198798316220329985
198798317214375936
198798317608648704
198798318195838976
198798318929838081
198798318908874752
198798319332495360
198798319382822919
198798319886147584
198798320985051138
198798320884383744
198798322092351489
198798322499207169
198798322620825602
198798323778469891
198798324088836096
198798324948668416
198798326978723840
198798326467018753
198798328333484033
198798329579180032
198798329835032577
198798332997533696
198798332779442176
198798333584744449
198798333488267265
198798334750765056
198798334473945090
198798334687842304
198798334994038784
198798335346352128
198798335015002114
198798332867526657
198798336969551872
198798333786075137
198798338089426944
198798338018123776
198798338626306049
198798339175747584
198798338911506432
198798339976855553
198798340274663424
198798340429856769
198798340291432449
198798341407121408
198798341189021697
198798341776224257
198798342778658816
198798342283735040
198798345270079488
198798345442050048
198798346201206785
198798346821971969
198798347040063488
198798347597905923
198798347786661890
198798347983785984
198798348122206208
198798348814266369
198798348642304001
198798349070114820
198798349502128128
198798350206771200
198798350332596225
198798350550708225
198798350890438656
198798352027099136
198798352014508033
198798352652050432
198798355126693892
198798354854064128
198798356015890432
198798355168628736
198798356431126531
198798356292702208
198798358024957953
198798359115472897
198798359685906432
198798360201793536
198798361153912834
198798361422336002
198798361267154944
198798357949452290
198798363079098369
198798363666300929
198798363733405697
198798364006035457
198798361204240384
198798364316413952
198798364240920576
198798364765208577
198798365423697920
198798365662789633
198798365662785536
198798366786846720
198798367076261888
198798367734775811
198798367986429952
198798368842055680
198798368309379072
198798369932587010
198798370469457922
198798370775642112
198798371920687104
198798372054892544
198798373065732096
198798373497749505
198798374206574593
198798374382735362
198798376035299329
198798376710574080
198798376614117379
198798377448767489
198798374307250176
198798378086313985
198798378216329216
198798378186964993
198798378786762752
198798378962927619
198798379038425092
198798379952783363
198798381127184385
198798381022314497
198798381315928064
198798382620360705
198798382460968961
198798382393851904
198798382460968960
198798383744430081
198798384008667136
198798384604266497
198798382658093056
198798384923021313
198798384734273536
198798385233403904
198798385912889345
198798386072260608
198798386571386880
198798387028561921
198798387120848896
198798387217317888
198798387741589504
198798388819529729
198798389650010113
198798391126396929
198798391650697218
198798392074313728
198798392648925184
198798392560857089
198798392778956801
198798393609420801
198798393940787202
198798390350458880
198798394691563520
198798394813186048
198798395178098688
198798395865956352
198798395681419264
198798396402839552
198798396872597505
198798397195563009
198798397241692161
198798397300416512
198798397552082944
198798398072176641
198798399418531841
198798399187857409
198798399477256193
198798400005742593
198798400446136320
198798400290959360
198798400437751808
198798401566019585
198798402572648449
198798401830273024
198798402635575297
198798403906445312
198798404673994752
198798405022134272
198798405345091584
198798406263635969
198798406687277057
198798407169609731
198798406775349250
198798407370932225
198798407211556865
198798407417069568
198798407698100224
198798408578891778
198798408088162305
198798409015099392
198798409057042434
198798408595681282
198798410416013312
198798410466336769
198798409874935808
198798411921756161
198798412810960896
198798412437659649
198798413163270145
198798413834354688
198798413612064769
198798413863714816
198798414211842049
198798413771452416
198798414610309120
198798415310766080
198798414509645825
198798414408990720
198798415717605376
198798416338370560
198798416657125376
198798417135276032
198798416912982016
198798417252728833
198798417928003585
198798418091589632
198798418397757442
198798419949654017
198798419605733377
198798420192935936
198798421447024640
198798420880801793
198798423913267201
198798423921655808
198798425439997952
198798425616166912
198798426626985984
198798426727661568
198798427520372737
198798428065636352
198798427751059456
198798427683946499
198798429076463617
198798429990830081
198798430292803584
198798429990821889
198798430708043776
198798429097439232
198798433107193856
198798433711169536
198798434340315138
198798435078504448
198798435443408897
198798435296620545
198798433505648640
198798437733502977
198798437733507074
198798437628641280
198798439302180864
198798439620952068
198798440292040705
198798440522711040
198798441097338881
198798443286769664
198798443915907072
198798444184346624
198798444305981440
198798445174206464
198798445283246080
198798444859629568
198798446210191360
198798446172450816
198798446025654273
198798447095197696
198798447090999297
198798447523012608
198798448257019906
198798448395423746
198798449263648768
198798449217507328
198798450610016258
198798450190585856
198798450844893184
198798451176243201
198798451373379585
198798452791066625
198798453227274240
198798452514238464
198798451922829312
198798453143375873
198798454045151233
198798453822849024
198798451054620673
198798455316033537
198798455186001920
198798455303446528
198798455458627585
198798455412502528
