198855835697430530
198855836192358400
198855837144461312
198855839841386496
198855840290181120
198855841032568832
198855843318464512
198855844765511680
198855846019612672
198855846237708289
198855847533740032
198855848242589696
198855850159390721
198855850817884160
198855852483035136
198855853141528577
198855852516577280
198855853384802304
198855855171575808
198855856236924928
198855856526331904
198855856551493633
198855856538910720
198855858795462658
198855860171177984
198855860221517824
198855862071209984
198855862566137856
198855864172556289
198855865128853504
198855867825790976
198855868899528704
198855869801308160
198855870690504704
198855875266482176
198855876759658496
198855878940692480
198855879444008960
198855880572289024
198855881151090689
198855881700544512
198855881897680896
198855881960587264
198855882099011584
198855885961961473
198855888973479936
198855888763748353
198855890370179072
198855890563108865
198855893348122624
198855893234892801
198855893616570368
198855895491420160
198855895411732480
198855895499812864
198855895927623680
198855896670015489
198855897953476609
198855899689918464
198855900381970433
198855900205826050
198855902047121409
198855902869196803
198855902189727744
198855903028576256
198855903741607936
198855903884218371
198855905515810816
198855906375634944
198855909282287617
198855910666412032
198855913279459328
198855914604855297
198855914797797376
198855915250794500
198855915678613504
198855919197634561
198855920145543169
198855920212643842
198855920862773250
198855922100080640
198855922888617984
198855922397876225
198855923526152192
198855924356620288
198855926541852672
198855926554427392
198855927884038144
198855928110518274
198855926927736832
198855930908127232
198855931344322560
198855931331743744
198855936847261696
198855937749032960
198855939506438144
198855940613746689
198855940886380545
198855940911542273
198855942299856896
198855943008690176
198855943826575363
198855945835659264
198855945047113728
198855946108276736
198855947068780544
198855952361992192
198855952143892481
198855953381199873
198855955126042624
198855955683880962
198855955142811648
198855955851644928
198855958192070657
198855958288547842
198855963300724736
198855963267182592
198855965402071040
198855965561458688
198855965595009024
198855966203191296
198855966756843520
198855967968989184
198855968656850944
198855969663500288
198855969638326274
198855972213633024
198855972192657410
198855972553375744
198855970523332608
198855973836832768
198855974847655937
198855976319844352
198855976009474049
198855977645252609
198855978400227328
198855979885015041
198855979658518528
198855980551897090
198855980660965376
198855980916801536
198855982128955392
198855984360337408
198855987728355330
198855990446260224
198855990358179840
198855990869897217
198855991285125121
198855992094621698
198855993973678080
198855993898176512
198855994850279424
198855994850279425
198855997505277952
198855996892905472
198855998042144769
198855999854088192
198856001238216704
198856001405980672
198856001942851584
198856007135408128
198856007336730625
198856009354182656
198856011195494400
198856011849801728
198856013003231232
198856012906758144
198856013988896769
198856014873903104
198856014114721793
198856021995823105
198856023350583297
198856023497392129
198856025430966272
198856027511328768
198856029323264000
198856030506070017
198856031189745664
198856033991536641
198856036310982656
198856037766402048
198856038441684992
198856038504599552
198856038835953664
198856039985184769
198856040597557251
198856040446574592
198856040920518657
198856041214128129
198856044435357696
198856044108201985
198856044791869440
198856045861412864
198856046415065088
198856046637350912
198856048600301568
198856050257043456
198856052211580928
198856055311175680
198856056624001024
198856057316048896
198856057391558656
198856058918289408
198856060918968320
198856061770416128
198856063112585217
198856064156958720
198856065411067904
198856066438672384
198856067243970560
198856067541778433
198856068976218114
198856066606448640
198856070008029185
198856071190814720
198856074076499968
198856075590639616
198856071387942912
198856076261728256
198856076341411840
198856077901692928
198856078757343232
198856079088697344
198856079004807168
198856078748942338
198856078866386944
198856079810109440
198856080070164481
198856080837709824
198856080804159488
