198784363045990400
198784363171811328
198784363700305921
198784363947769856
198784364212011008
198784363947753473
198784365147336707
198784364811792384
198784365537394689
198784365877141504
198784365893918720
198784366791503872
198784369639440384
198784369089978369
198784370310516736
198784372231520256
198784372848082944
198784372881625089
198784372869042178
198784372785164288
198784374492246016
198784374211223552
198784375486283776
198784376862019585
198784377059164161
198784378384551937
198784375708594176
198784380364267520
198784381085687811
198784382264291329
198784383556132865
198784385196097537
198784386496348161
198784386773159936
198784388668985346
198784385644896256
198784391923765248
198784391789559808
198784392905240576
198784393605685248
198784395027550209
198784395207901184
198784397665771520
198784398718537728
198784398852759554
198784399599337472
198784400677273600
198784401738436609
198784401339977729
198784404024336386
198784404229865473
198784405429420033
198784405899194368
198784406075355136
198784407090372611
198784407396552704
198784408080236544
198784408730345472
198784409351098368
198784410701664257
198784412501020673
198784413490876418
198784413507653635
198784415931961345
198784416254926849
198784415835492353
198784417655816192
198784417265745920
198784417634852864
198784418935078912
198784420658954241
198784422508638210
198784422886121472
198784423607533568
198784424630943744
198784424500932609
198784425222340608
198784425549508608
198784426560323585
198784426782633984
198784427042672640
198784429928349698
198784430331015168
198784430771417088
198784431908073473
198784432415571968
198784433950695425
198784435288686595
198784435158663170
198784436324675584
198784439671721984
198784440200204288
198784440749654016
198784439323607040
198784442330918912
198784442825842688
198784444063166464
198784441957625860
198784445166256128
198784447569596416
198784448391675905
198784449796784129
198784450560131072
198784450732097537
198784447733182464
198784452200108032
198784453831688192
198784455064821760
198784455668801538
198784454146273284
198784457312964609
198784457845645313
198784458143449088
198784459506593792
198784458416066560
198784462765555712
198784463348568064
198784464648806401
198784469208010752
198784470571167746
198784473121304576
198784475155533824
198784475776286720
198784479437918208
198784479463079936
198784480637497344
198784480851406848
198784482143252480
198784482105507840
198784482818535424
198784482956951552
198784483871309825
198784484508835840
198784485179932673
198784486345949184
198784487499366401
198784489432940544
198784489353256961
198784489994989568
198784488631840771
198784492448649216
198784493404962819
198784493459472385
198784493132316673
198784493983760385
198784494537424896
198784492624818176
198784495342731265
198784496173191171
198784496588423168
198784497175642112
198784499180507136
198784499142766592
198784500220698624
198784499650281473
198784501042774016
198784501365735425
198784502091354112
198784501881643008
198784503358038016
198784503773282304
198784502556930048
198784504771510274
198784504985427969
198784507464269825
198784508013719553
198784508789653504
198784509938896897
198784509926313985
198784510240890881
198784509825658885
198784510534488066
198784510425444352
198784511004246017
198784510794530818
198784512640036866
198784512707137536
198784513227239424
198784514095452161
198784514418409472
198784515605405698
198784515915788289
198784518549811201
198784519120236546
198784519791312897
198784519187341312
198784520663732224
198784522668621824
198784522458894338
198784526976155649
198784523419394053
198784523444563969
198784527424950273
198784527798243328
198784527399796736
198784528595156995
198784528460939264
198784528943292416
198784529257861122
198784530511970304
198784530071556097
198784532898516992
198784533296988161
198784535880671232
198784536061034497
198784536224595969
198784537617121281
198784537248006144
198784537768108032
198784539378728960
198784539781369856
198784541580722177
198784542411206656
198784543422025729
198784546085421058
198784547125596161
198784547956080641
198784549134680066
198784549784784896
198784548862046208
198784549457629185
198784550204223489
198784551458312193
198784552435580929
198784553039577088
198784553509326848
198784555069612032
198784556483100672
198784556948664323
198784557565231105
198784557695250432
198784558332772352
198784558794145792
198784559284879361
198784559163260932
198784559897264128
198784560153108481
198784563139448833
198784563584040960
198784564833959936
198784564045414400
198784564771037184
198784566020935681
198784566268411904
198784566968856577
198784567241486336
198784563386908672
198784568499773440
198784568923398144
198784569284104192
198784569393168384
198784569988759552
198784568793374722
198784570924085249
198784570395602944
198784572056543232
198784572748595200
198784572857647105
198784573902041088
198784573851713536
198784574640230402
198784574787043328
198784576783523840
198784577614004224
198784577752399872
198784578687733761
198784579350446080
198784581879607298
198784582261280769
198784583406333952
198784586409455616
198784586765975552
198784588405948416
198784591237095424
198784591203549184
198784590972858369
198784591400677377
198784591467773952
198784590150778882
198784594248605698
198784593774649345
198784594617700352
198784595905347584
198784597222363136
198784597838921728
198784598661021696
198784600443596801
198784599432769538
198784601521537024
198784601676718080
198784602075176961
198784603446714369
198784605585817600
198784607737483265
198784607712313346
198784608140136449
198784608916090880
198784609851412481
198784610593812480
198784610996457472
198784612971970560
