198850046307995648
198850047205588995
198850047813758976
198850048338051073
198850051286642688
198850050825261057
198850051781566464
198850053979373569
198850053102768128
198850054109413377
198850054793072640
198850053941637120
198850055602581505
198850056403681281
198850056504356865
198850056403697664
198850056516939776
198850057221586944
198850057615835137
198850058161102849
198850058328870913
198850058895101952
198850060178567168
198850063076823041
198850062871298048
198850063437533184
198850062988750848
198850065069117440
198850065274638339
198850065656332290
198850065610186753
198850066243522560
198850067661209601
198850067766059008
198850067824771072
198850070358134785
198850070555262978
198850071020834816
198850071729684480
198850072270741504
198850071792594944
198850074716020736
198850074741178369
198850076225961984
198850076817371136
198850077064835072
198850077794631681
198850079182962688
198850079195541504
198850081103937536
198850081171050497
198850078067261440
198850081565319168
198850082211233793
198850082785853440
198850082949447682
198850083452747776
198850083360489473
198850082748112897
198850086204223488
198850087143739392
198850086539763712
198850087277953025
198850089333170176
198850090306256896
198850092336287744
198850093510692865
198850093749780480
198850094198558721
198850093221281793
198850094924181504
198850093200322561
198850096085995521
198850096249569281
198850097298157568
198850097117790208
198850097344299008
198850095935008768
198850098468356096
198850099609206785
198850100603265025
198850100670369792
198850102880763904
198850103686070272
198850103690268672
198850104088739840
198850104600444929
198850105166667777
198850105657397250
198850105858736128
198850105875513344
198850106710179841
198850106936659968
198850106714370049
198850106932477953
198850107637108737
198850106802438144
198850108018798592
198850108303998977
198850107859402752
198850107775528960
198850109038010368
198850109260312576
198850108564058112
198850109486792705
198850110531186689
198850111709777920
198850110099169280
198850111927894017
198850111726563329
198850115199438849
198850114981347330
198850115572727808
198850117153988608
198850118320013312
198850117766348800
198850119146274816
198850118408081410
198850120236793856
198850120282931200
198850120408776705
198850121272795137
198850122778550272
198850123529330689
198850124418519040
198850125139951616
198850124686962688
198850125681000448
198850125802643456
198850127635554304
198850128168235008
198850129082585088
198850130143744000
198850132303810560
198850131699838978
198850132186365952
198850132668710912
198850132958117888
198850134539382784
198850134887501825
198850134782652416
198850135575367681
198850136397463552
198850136108056576
198850136732999680
198850137215352833
198850137458606080
198850138909843456
198850138842742785
198850138880483328
198850138565910530
198850140444962816
198850140860190720
198850142282059777
198850144182079488
198850145192906752
198850145620738049
198850147512356864
198850148678377472
198850149030690816
198850149118771200
198850149735337984
198850150016368640
198850150066696193
198850150259625984
198850151761182720
198850151811530752
198850151849279488
198850152289673218
198850152709095424
198850154512662529
198850152335810562
198850154651066370
198850156307816449
198850156534317056
198850158526595073
198850158853758978
198850159159939072
198850160325959680
198850162645401600
198850163215831043
198850165283631104
198850165610774528
198850165526896640
198850166994903040
198850167154286592
198850167213002753
198850167464669184
198850169490518017
198850169687654400
198850170828488704
198850170727833600
198850170832691200
198850171306639361
198850172111962112
198850172833374208
198850173051478016
198850174699831297
198850174993440768
198850174964084736
198850174896963584
198850176994115584
198850177497448448
198850176973148160
198850177782657024
198850177921064963
198850178994806784
198850179338731520
198850180404088832
198850180542496768
198850180592836609
198850181586886656
198850181616242688
198850184069918721
198850185802158080
198850185797963776
198850186234183680
198850188415209472
198850189568647168
198850191917461504
198850192915709956
198850192437542912
198850192718565376
198850193683267584
198850193347706880
198850194324987904
198850194568253440
198850194366926849
198850195096735744
198850195688136705
198850196074004481
198850196476674049
198850197093232642
198850200561909760
198850200989741057
198850202138968065
198850203288207360
198850203669905408
198850203883814915
198850203908964353
198850204777197568
198850204743643138
198850205251158016
198850206274568192
198850207079866370
198850208069726208
198850209663565825
198850209940377601
198850210653417472
198850210435305473
198850211987193856
198850212591185920
198850212847034369
198850210707935232
198850215527194624
198850215715942400
198850214252130305
198850216408002560
198850217251045377
198850218257694720
198850218291249154
198850221478903808
198850223286648832
198850223307624448
198850223001440256
198850223454420993
198850223810953216
198850223135657985
198850223425064960
198850224146489344
198850224188432384
198850224372981761
198850225211850752
198850224750460928
198850225643847680
198850226155552768
198850226658881537
198850228760231936
198850229401944064
198850229603274752
198850230366646272
198850230064660480
198850231272603649
198850231671070722
198850231406821376
198850231310364672
198850232346353664
198850234447708160
198850234930053120
198850236297396225
198850237228519425
198850238759452672
198850240252620800
198850240290369537
198850241074708480
198850242689507328
198850245449359360
198850246271434752
198850247416487936
198850248167276544
198850248309878784
198850248326651904
198850249094213632
198850251111673856
198850251585630209
198850251552067584
198850252239945728
198850252353187840
198850252739067904
198850253250756608
198850253766668291
198850254207070209
198850254525837312
198850254429356033
198850255436005377
198850255901560832
198850256316801024
198850257730273281
198850257939996672
198850257910644738
198850258833383424
198850259445755904
198850259647082497
198850259391229952
198850260381077504
198850262255931393
198850262687944704
198850262440488961
198850263380013058
198850265489739776
198850268526411776
198850268618694656
198850269256220672
198850269633712128
198850269793095680
198850270384488448
198850270145421312
198850271290458113
198850271672139776
198850273584758784
198850273580552193
198850274071289856
198850276034215937
198850277263163392
198850276818567168
198850280488566785
198850281667170305
198850281994321920
198850282015293441
198850282304712704
198850282644455424
198850283277783040
198850285102313472
198850285186199552
198850284854837248
198850284905168897
198850286536765440
198850286683561984
198850286545141763
198850286985555968
198850286557736961
198850287325286401
198850288118009856
198850289141432323
198850290030624768
198850289934151682
198850290395529217
198850291100168194
198850292433944576
198850292547198976
198850292517847041
198850293570600960
198850294552080384
198850295940395008
