198863635349635072
198863636775714818
198863638365356034
198863640626069505
198863641318137857
198863644438695936
198863644463874048
198863642907774976
198863646783307778
198863647513128960
198863648385531904
198863650138763265
198863650348470272
198863651300573184
198863652953128960
198863654370816000
198863654395985920
198863654622474240
198863655075463168
198863655490695168
198863656472162304
198863656799318016
198863656988061696
198863659194257408
198863662411296768
198863662939766784
198863667117293568
198863669822631936
198863671378722816
198863672104329216
198863670787309568
198863673773662208
198863673299697664
198863674369257473
198863674524450817
198863675568828416
198863676365742080
198863676676124674
198863681134665729
198863683097595904
198863683676418048
198863684532047872
198863692803219456
198863694950699009
198863697916067840
198863697890902016
198863698104827905
198863699254067200
198863698884952065
198863701833551873
198863704400478208
198863705428074499
198863706090766336
198863706040451072
198863706514399233
198863706392772608
198863707902717952
198863711514001408
198863711451090944
198863714378727424
198863715255320577
198863716874330113
198863717239234560
198863716949827584
198863722435981313
198863723157393408
198863725942423553
198863727137796096
198863727628533761
198863727381069824
198863727741763585
198863731642478592
198863733701885952
198863734310051841
198863737325760512
198863738340773888
198863737707438081
198863738806341632
198863739368374272
198863739762638849
198863740379217920
198863740823801857
198863741213872130
198863742191153152
198863744091160576
198863745072631808
198863746754555904
198863748012847104
198863748839129090
198863749069803523
198863749996752896
198863753150857216
198863753998114816
198863754316877824
198863757949140992
198863759673004032
198863760935485441
198863761241686019
198863762206363648
198863762885836801
198863763355598848
198863763804389377
198863764274155520
198863764634873856
198863766618779648
198863769449922561
198863771400273921
198863771849076736
198863771656126464
198863771794542593
198863773543567362
198863775863025664
198863776425054208
198863776722862080
198863779717586944
198863780367712258
198863783265964035
198863783878332418
198863787850346497
198863787967778816
198863793852395520
198863794468962304
198863796847116288
198863797610479618
198863797769871360
198863799716024320
198863801649610755
198863804086497280
198863807576145920
198863808385662976
198863809849458689
198863809526509570
198863811254554624
198863813175554049
198863813842448384
198863814035386369
198863815671152640
198863817256615936
198863819559280641
198863820008079363
198863818800111616
198863821677408257
198863827729788929
198863828136628225
198863829160046592
198863831374626816
198863831999582208
198863835216625664
198863836126789633
198863837926129665
198863838895017984
198863840245592064
198863842875420673
198863843307425792
198863843143860225
198863845731745792
198863846142771200
198863846604144640
198863849280126976
198863849905065984
198863850349670401
198863850634883072
198863852866240512
198863853143080960
198863853860290561
198863854304899073
198863858574688257
198863858805379073
198863860617314305
198863865793097728
198863865600155648
198863866527088640
198863866896195584
198863868557135874
198863868351614976
198863875444183042
198863874122973185
198863876840886272
198863877444874241
198863879730765824
198863880406040576
198863881731444741
