198825634959601664
198825634980564992
198825635001548800
198825635232219136
198825635278372865
198825635274166272
198825635286757376
198825634842148864
198825635190280193
198825634984755201
198825635580354563
198825635639083008
198825635563585536
198825635647471618
198825635899121664
198825636016562176
198825636037533698
198825636188528640
198825636222087168
198825636280803328
198825637576847360
198825637367132160
198825637765591040
198825637975310336
198825638042419201
198825637878829056
198825638042415105
198825638176628737
198825637836881920
198825637639757824
198825637434228737
198825638122098688
198825638398926849
198825638747058176
198825638201802753
198825638298255360
198825638457643009
198825638537330688
198825638315044864
198825638617030656
198825638738673665
198825638499598337
198825638709301249
198825638679945217
198825638835134465
198825638671548416
198825638428286976
198825638734467073
198825638877077504
198825638973538305
198825639099383808
198825637815918592
198825638700912640
198825638910627841
198825639111954433
198825639254573056
198825639502028800
198825639288111105
198825639497826304
198825639334264832
198825639304892416
198825639648829440
198825639590117376
198825639741108224
198825639791427584
198825639808221189
198825639636250624
198825639913078784
198825639837577217
198825639908868096
198825641926328321
198825641108447233
198825641536274433
198825641037139971
198825639887900673
198825640236032003
198825640135368705
198825641313959936
198825641511100416
198825642521927680
198825642895216640
198825641460760577
198825640332509184
198825641804705792
198825642316402688
198825642643570688
198825640957460483
198825642140237825
198825642966519809
198825642740027393
198825641943105536
198825643402723330
198825643453071361
198825643159461888
198825640609316864
198825640634486784
198825642907799552
198825643440472065
198825642257678336
198825643281100800
198825642719051776
198825642215735296
198825642471591938
198825643566313473
198825643717296128
198825642165420033
198825643641806849
198825643817971712
198825641934733313
198825643776028673
198825643314655233
198825643390156802
198825643792801792
198825643906039808
198825641179754496
198825642287038464
198825644023492608
198825642970710016
198825644065439745
198825644350636032
198825646024167425
198825645390835712
198825645780905984
198825646108049410
198825646238076929
198825646229692416
198825645592162309
198825646267449344
198825645646675969
198825646355513344
198825645407612929
198825646443597825
198825646326161408
198825645747339265
198825646443610113
198825646615568385
198825645919309824
198825646716223489
198825646883999744
198825646892396544
198825646514913281
198825646837862402
198825646758166528
198825646980464641
198825647102111744
198825647102107649
198825646410047489
198825647181803520
198825647160836096
198825647332786177
198825647286648832
198825647462821889
198825647177613313
198825647630581760
198825647370534914
198825647030804480
198825647831924737
198825647580254208
198825647878049792
198825648029044736
198825648045817856
198825648221995008
198825648322646018
198825648364597248
198825647529930752
198825648549142530
198825648603660290
198825648595288064
198825648796606465
198825648842743808
198825650172338176
198825650180734976
198825649903906817
198825649585131520
198825649253789696
198825650457546752
198825650411405312
198825650449170435
198825649723539456
198825650403020800
198825649824206849
198825650675654657
198825650625331200
198825649509642240
198825649249591297
198825650889572352
198825650163953664
198825650671456257
198825650436575232
198825650902155265
198825651015397376
198825651157991425
198825651149611008
198825651195744256
198825651313184768
198825651288031233
198825651267047424
198825651090882562
198825651233492995
198825651447402496
198825651451609088
198825651472564226
198825651464179713
198825651002802178
198825651623567360
198825651569033217
198825651732623360
198825651581632515
198825651116052480
198825651820707840
198825651892011008
198825651510325249
198825651866828800
198825651954921472
198825651560648704
198825652026224641
198825651988475904
198825652156252160
198825652273684481
198825652479205377
198825654530215936
198825654110797824
198825654731554818
198825654723158016
198825654949654530
198825654219845633
198825654781882368
198825655046123520
198825655377461251
198825655415218176
198825654500868096
198825655402627072
198825654555389953
198825654584745984
198825655427796995
198825655381659648
198825655490723840
198825655541039104
198825655612342272
198825655641718785
198825655817875456
198825655884984321
198825655914344448
198825653959794690
198825655943692288
198825655113228289
198825655855620096
198825655452958721
198825655935320067
198825656048558080
198825656140824576
198825656103088129
198825656195358720
198825656258277376
198825655796903936
198825656354742272
198825656216334336
198825656358932481
198825656476381185
198825656476377090
198825656476372993
198825656522514432
198825656312799232
198825656186961921
198825656912592896
198825656233099269
198825656384102400
198825656925163520
198825657067765762
198825657009049600
198825658569338880
198825658674200576
198825658544168961
198825658669989888
198825658657406977
198825658720321536
198825658430918658
198825659118796800
198825659034910720
198825658951016448
198825658917462017
198825659043299328
198825659085234177
198825659156541440
198825659030716416
198825659261399040
198825659315924992
198825659290755072
198825659253006336
198825658632249344
198825658154094592
198825659424972800
198825658644832257
198825659445936129
198825658657419264
198825659504672771
198825659068448769
198825659634679808
198825659315924993
198825659869577217
198825659756326912
198825659676631040
198825659223646208
198825660012171264
198825660020555776
198825659974426624
198825659693408259
198825660200923138
198825660184141824
198825659924103168
198825660230283265
198825659764703232
198825659873759233
198825660670689280
198825660293193729
198825660825870336
198825661077532673
198825661023002625
198825661023010818
198825661085913088
198825662876889088
198825662826561537
198825662792990720
198825662860103681
198825662788812801
198825662918823936
198825662247735296
198825663061442560
198825662537154560
198825663178870784
198825663325667328
198825662725885952
198825663359221760
198825663594110976
198825663740907520
198825663552163842
198825663682187264
198825663560560641
198825663476662272
198825663753498624
198825663573135360
198825664009342976
198825663942230016
198825664147750912
198825664089042947
198825664139362307
198825664286175232
198825664235839488
198825663686385665
198825664437161985
198825664458145792
198825664235843585
198825664495886338
198825664323911683
198825664550412289
198825664130981889
198825664357478400
198825664877572098
198825664969838595
198825664634306560
198825664751738880
198825664512659456
198825665166970881
198825665292804096
198825665322156033
198825664953065473
198825665322168321
198825665267646464
198825665427013632
198825665523499008
198825667058601985
198825666739843072
198825666563682304
198825667213787137
198825666546909184
198825665187938304
198825667343814656
198825667318661121
198825666295234560
198825667381571584
198825666978914304
198825667507396608
198825667230564353
198825667578695680
198825667503202306
198825667608059907
198825667608059906
198825667503202305
198825667771637761
198825667813588992
198825667859714049
198825667952001026
198825667968778242
198825667205398528
198825667985551360
198825668165894147
198825667540946944
198825667989741568
198825667830353920
198825667566116865
198825668274958337
198825668463706112
198825668342067200
198825668472094721
198825668493066241
198825668644052992
198825668610506753
198825666957942784
198825668648239107
198825668551782401
198825668698578945
198825668916682752
198825669063487489
198825669013151744
198825668916682753
198825668253986816
198825669155758081
198825668614696962
198825669248040960
198825668358840320
198825671169015809
198825671005437952
198825670539870208
198825670506315776
198825671227744256
198825671357775873
198825670875418626
198825671601029122
198825671680737280
198825671382929408
198825671882059777
198825671919796225
198825671785594880
198825671835910145
198825672012075011
198825671726858240
198825671479394304
198825671999492096
198825672267927552
198825672527970304
198825671932383233
198825672502804480
198825672729300993
198825672670588929
198825672750276609
198825672045629440
198825672859320320
198825673048076288
198825673039679488
198825673081622528
198825673182298114
198825673236807681
198825672683163648
198825673316511745
198825673450725377
198825672834162688
198825673496862720
198825672897077248
198825673505243136
198825673475891201
198825673534611456
198825673543000065
198825673618505728
198825673551396867
198825673849184256
198825673807237121
198825673664630784
198825673899524097
198825673824010242
198825673886924800
198825675333963776
198825675329773568
198825674490920961
198825674885177344
198825675497553920
198825675396890626
198825675451416577
198825674427998208
198825675447205888
198825675380105219
198825675656937474
198825675107479553
198825675686285313
198825675598217216
198825675619176448
198825675321376769
198825675719835648
198825675858251776
198825675988275203
198825675812110336
198825675858247682
198825675950522369
198825674851614721
198825676147662848
198825676235743233
198825676185419777
198825676139278336
198825676416094208
198825675132649473
198825676382543873
198825675635957761
198825676453851137
198825676508377088
198825675908591616
198825676562907136
198825676105723905
198825676663554048
198825676508381184
198825676965548033
198825677124935685
198825677183660033
198825677175275521
198825676822953984
198825677372391424
198825677280133121
198825676940386305
198825677296893954
198825677384978433
198825677414346752
198825677473071104
198825679687651329
198825679607967744
198825679960293377
198825679939313665
198825680128057345
198825679956099072
198825679998025730
198825680170008577
198825680354541569
198825680144838656
198825680480382978
198825680295829505
198825679771537410
198825680484569089
198825679561818112
198825679675076608
198825680203558914
198825679201116160
198825680748806145
198825680341966848
198825680761393152
198825680870453248
198825680811724800
198825680862060545
198825680815915008
198825680371318785
198825680853676032
198825680639754240
198825681008865280
198825681109532672
198825681377951746
198825681319243776
198825681453461504
198825681461837824
198825681617035264
198825680983691264
198825681449259008
198825681642196992
198825681663176705
198825681222778882
198825681579294720
198825681675755520
198825681440878592
198825681914839042
198825681948389376
198825681579278336
198825682019688450
198825682086801410
198825681965158400
198825682166493185
198825683835826176
198825683936489473
198825683336695808
198825683919708160
198825683844218881
198825684024565760
198825683823239168
198825684221706240
198825684292997122
198825684183957505
198825683605143553
198825684423016450
198825684209119233
198825684410437636
198825683592556545
198825684532076545
198825684410437632
198825684011974656
198825684670492672
198825684716617730
198825684523683840
198825684678881280
198825683600936960
198825684867612672
198825684230078464
198825684930539520
198825685018624000
198825684670480385
198825685144440833
198825684372697088
198825684687269888
198825685563875330
198825684976676864
198825685610016769
198825685568061445
198825685802954753
198825685836496896
198825685731647488
198825685328994304
198825685719056387
198825685454823424
198825685916188672
198825685819727872
198825685417078786
198825686046220288
198825686205603842
198825685903609856
198825685937172484
198825685555490816
198825686226571264
198825688013352961
198825687396782080
198825688063680512
198825687749099520
198825688097239041
198825688315346945
198825687551971329
198825687707156481
198825688525045761
198825688474722306
198825688021745664
198825688084643840
198825688814456832
198825688894144512
198825688948686850
198825688889950208
198825688848015361
198825689091280896
198825689267441664
198825689254862848
198825689250664448
198825689363914752
198825689330364416
198825689200332801
198825689363922944
198825689439420417
198825688986423296
198825689649131520
198825689397477376
198825689871421440
198825689670090754
198825689980485633
198825690030800896
198825689762373632
198825689921753088
198825689988857856
198825690236329985
198825689582026752
198825690072756225
198825690269880320
198825690383122432
198825690349576193
198825690118889475
198825690387320832
198825690580254721
198825690563489793
198825690647375872
198825690349568000
198825690693505025
198825690257301504
198825692178300929
198825692169904128
198825692417359872
198825692295725057
198825692132147200
198825692346060802
198825691972775936
198825691939221504
198825692694200321
198825692186673152
198825692744515585
198825692820021250
198825693017161730
198825693042327553
198825693252034560
198825693168156672
198825693222674432
198825693235249155
198825692945850368
198825692979396608
198825693226864640
198825693134598144
198825693939896321
198825692622888960
198825694007005185
198825694183174145
198825693348495361
198825694174785536
198825693931503616
198825694204145664
198825694392885248
198825694015406080
198825694401269761
198825694036377600
198825693872787456
198825694615191554
198825694652932096
198825694820696064
198825692962635777
198825694371909633
198825694506139649
198825694384500737
198825694770376707
198825695143669760
198825695147851776
198825694812319745
198825695235936256
198825695328215040
198825695487594497
198825695344988163
198825695697317888
198825696318062593
198825696313872385
198825696527790080
198825696280313856
198825696691367936
198825696490033153
198825696674582528
198825696687165440
198825696682975232
198825696901083136
198825696922058752
198825696980762625
198825696943030272
198825697022713857
198825696989167617
198825696653606912
198825696930447361
198825697056272385
198825697135964161
198825697207271424
198825697198882820
198825697324695554
198825697320513536
198825697379225601
198825697408581633
198825697295343616
198825695751835649
198825697114988544
198825697496674304
198825697714774016
198825697677029378
198825697920286721
198825697349861376
198825697853177856
198825697916104705
198825697991606273
198825698012565504
198825698088067073
198825698146779137
198825698331336704
198825698222292992
198825697517637633
198825698352308225
198825698369077248
198825698180345856
198825697844789252
198825698117435392
198825698591375360
198825698411036673
198825700634013698
198825700621422592
198825700608851969
198825700764041217
198825700814360576
198825700915019776
198825700835328001
198825701066027009
198825700713701378
198825700357193729
198825701225402369
198825701074419713
198825701309284353
198825701363814400
198825700797579266
198825701351239680
198825701183467521
198825700092948480
198825701816803328
198825700441079808
198825701850361857
198825701972000770
198825701997150208
198825701951012865
198825702072664066
198825702135578624
198825702307532801
198825702370455552
198825702496280577
198825701825196032
198825702743752704
198825702412394496
198825702768918528
198825702852792320
198825702911524864
198825702877966336
198825703016370176
198825703100268546
198825702525632512
198825703083491328
198825703330947072
198825703230279680
198825702160736256
198825702970245123
198825703268032512
198825703435800576
198825703473553408
198825703414833152
198825703519682560
198825703586807809
198825704811528193
198825704828309504
198825704677326848
198825704891228161
198825704903806976
198825704996093952
198825704899624962
198825704626978816
198825705151275009
198825705038028800
198825705151283200
198825705272909825
198825705495216128
198825705079980032
198825705436483589
198825705444868097
198825705717514240
198825705579094017
198825705658793984
198825705784614914
198825705725902848
198825705855913984
198825705767833602
198825706040459265
198825705486827521
198825705860116480
198825706241789952
198825706350845953
198825706459889667
198825706535403520
198825706376015872
198825706900291585
198825706959020032
198825707080654849
198825707378454528
198825707349086209
198825707525246980
198825707546226688
198825707084845057
198825707529441280
198825707575578624
198825707739164672
198825707353280512
198825707365875712
198825707764334592
198825707864985600
198825707969843200
198825707567185922
198825708166983683
198825708250865666
198825708896792576
198825708791934976
198825708741607424
198825709081341952
198825708993257473
198825708976488448
198825709064564736
198825708359921664
198825706002710530
198825709114900480
198825709127475200
198825709031014400
198825709198778368
198825709307822081
198825709307826176
198825709232340992
198825709437849600
198825709328809985
198825709295251457
198825709244907523
198825709521731584
198825709295255553
198825709580464130
198825709685321728
198825709907619840
198825710113132544
198825708921962496
198825709685321729
198825710046019584
198825710184448001
198825710226391040
198825710406746112
198825710448689152
198825710469656576
198825710356398080
198825710129913856
198825710046035969
198825710016663553
198825710633222144
198825710771646464
198825710738096130
198825710809395200
198825710662598658
198825710662590465
198825710989746176
198825711102992384
198825711107186688
198825711224623104
198825711228829696
198825711262371842
198825713174982656
198825712445169664
198825713124638721
198825712705224704
198825713229508610
198825712663273473
198825713451794432
198825712726183937
198825713460187136
198825713598607360
198825712721993728
198825713325965312
198825713657315330
198825713716039681
198825713598611456
198825713426628608
198825713770573824
198825713925758978
198825714055790592
198825714139668480
198825712898154496
198825713862836224
198825714491990019
198825714542313472
198825714387132418
198825714676539393
198825714999492608
198825714924007426
198825714974339072
198825714919813121
198825714676539395
198825715142111234
198825714777202688
198825715246964736
198825715360206849
198825715423129600
198825714982715392
198825715611873280
198825715515400193
198825715662209024
198825715691569152
198825715683168256
198825714814951424
198825715947417602
198825715754475520
198825715997736960
198825715947409411
198825715959988225
198825715972587521
198825715947409409
198825717297983488
198825716886933507
198825717352513537
198825717415424000
198825717344108544
198825717084073985
198825717537058818
198825717566410752
198825717524480002
198825717696434176
198825717272817664
198825717973258243
198825717864202241
198825718015197185
198825717524463616
198825717646114817
198825717671272448
198825717071482881
198825718199750657
198825718396887040
198825717776130052
198825718304604162
198825718178775041
198825718497558528
198825718086516736
198825718233317376
198825718761791489
198825718677909506
198825718984085505
198825719059582977
198825718958927873
198825719026040833
198825718279454720
198825718979887105
198825719076360192
198825718468182017
198825719202185216
198825719256723456
198825718904401920
198825719302864897
198825719260913664
198825719491600385
198825719277699072
198825719487397888
198825719093141504
198825719609036803
198825719655174144
198825719667769344
198825719768416256
198825719378354177
198825721496469504
198825721794277377
198825720032673792
198825721781686275
198825721836220417
198825721857191937
198825720884117505
198825721752338434
198825721957859329
198825721907511296
198825722071101443
198825722196930561
198825722108850176
198825722226278401
198825722205319169
198825722045927425
198825722234671104
198825721941078016
198825722398257152
198825721773305856
198825722201128963
198825722620555264
198825722800902146
198825722758959104
198825722767355906
198825722356314112
198825722813485056
198825722012372993
198825722687668224
198825722884800515
198825722901577728
198825722503114752
198825722679271424
198825722905755648
198825723073540096
198825722817691648
198825722540855297
198825722985463808
198825722524082176
198825723262287872
198825723253882880
198825723119681536
198825723568467968
198825723266473985
198825723509751810
198825723136458755
198825723883044864
198825723341971456
198825723929169922
198825723908198401
198825725820809217
198825725963419648
198825725720141824
198825725917278208
198825725946626048
198825725854367744
198825725946642432
198825725858562049
198825726139568128
198825726173130752
198825726282182658
198825725841772544
198825726412193793
198825726483496961
198825726139564032
198825726575771651
198825726563196928
198825726504476673
198825725736914944
198825726768721920
198825726345089024
198825726806458368
198825726898733056
198825726940684289
198825726936485888
198825726991011840
198825726487707649
198825727162978304
198825727179767810
198825727305596928
198825727376896000
198825726743552002
198825727368507392
198825727477547008
198825727456579587
198825727594999810
198825727607586817
198825727632736256
198825727548858369
198825727779549185
198825727712432129
198825727838257153
198825727519494144
198825727859232768
198825727909572610
198825727649521670
198825727976681472
198825728035405824
198825728228335616
198825728295452672
198825729960579072
198825729985757185
198825729927024640
198825729729900545
198825729503412227
198825730178686978
198825730367422464
198825730304512001
198825730392588288
198825730455511040
198825730367438848
198825730522619904
198825729826357248
198825730589732869
198825730073829376
198825730421952512
198825730845581312
198825730820407296
198825730744922112
198825730971402240
198825731051110400
198825730967212032
198825731084664833
198825730690392065
198825730644250629
198825730812035072
198825731332112384
198825730539388929
198825731369865216
198825731235651584
198825731009163265
198825731634118656
198825731642503170
198825731604746240
198825731927707649
198825732024184832
198825732078706688
198825732158398464
198825732070313985
198825732300996608
198825732267458561
198825732158406656
198825731923525632
198825732099682305
198825732116455424
198825732602994690
198825732611391488
198825732682678272
198825732108066816
198825733018226689
198825734112944129
198825733622202368
198825733991317504
198825734289113089
198825734222000129
198825734201020416
198825732888199169
198825734054223872
198825734410735619
198825734612062208
198825734431711232
198825734448496642
198825734633029632
198825734633037825
198825734737887232
198825734561738752
198825734788222977
198825734909853697
198825734981160961
198825734846951424
198825734557548544
198825734972772353
198825735161520130
198825735136354304
198825735094411264
198825735127961601
198825735237025792
198825735148937218
198825734393962498
198825733525733379
198825734821789696
198825735119568896
198825735551582209
198825735530618881
198825735702593536
198825735648051202
198825735115378688
198825735832604672
198825735991996416
198825736084267009
198825736193327104
198825736138801152
198825736302366720
198825736302379008
198825736432390145
198825736411418625
198825736423997441
198825736424001538
198825736524673025
198825736499503104
198825738277883905
198825738437267456
198825738055593984
198825738495991808
198825738680532994
198825738642800640
198825738672160769
198825738684731393
198825738667958275
198825738688933889
198825738332413953
198825738730868736
198825738214973440
198825738827337729
198825738802184193
198825738957365249
198825739200626688
198825738491801602
198825739401969664
198825739582312449
198825739561353216
198825739108364288
198825739318067200
198825739641036800
198825739733319680
198825739666198528
198825739330658305
198825739787841538
198825739439706112
198825739930451970
198825740014329857
198825739922051072
198825739947225090
198825740085637120
198825740089827328
198825740068851712
198825740094017537
198825739552956416
198825739380981760
198825740270178304
198825739926253569
198825740467306497
198825740559597569
198825739859148800
198825740706394114
198825740844802049
198825740802850816
198825740857376770
198825740505055234
198825740932874243
198825742522519553
198825742577045504
198825741893369856
198825742644154368
198825742749011971
198825742618984448
198825742753214466
198825742790955008
198825741813682177
198825742749011970
198825742736433152
198825742853881856
198825742530920450
198825742426054656
198825742975516673
198825742912602112
198825742379925504
198825742723842049
198825743126511618
198825743172632578
198825743080361984
198825742782562304
198825743294267392
198825742166003713
198825743327825920
198825742786768897
198825742862254081
198825743541739522
198825743415906305
198825743571091457
198825743592079360
198825743629811712
198825743671767041
198825743483011073
198825743831146496
198825743680159744
198825743885672448
198825743441076224
198825743214575617
198825742975500289
198825743860506624
198825743982133248
198825744049250304
198825744007299072
198825743449473025
198825744082804736
198825744145723392
198825744107974657
198825744028278785
198825744279932930
198825746637144064
198825746775552000
198825746079301635
198825746779738112
198825746385477632
198825746721026048
198825746842664961
198825746960093186
198825747031392256
198825746905575427
198825747161432066
198825747287261185
198825747136249856
198825747341774848
198825747396300801
198825747505364992
198825747538915328
198825747480182784
198825747668942848
198825747123679234
198825747702484993
198825747815739392
198825747723468801
198825747928985600
198825747383713793
198825747975127040
198825747287252992
198825748109336577
198825747266273280
198825748054806528
198825747555696642
198825748155473920
198825748230963201
198825748327440384
198825747048177664
198825748331634688
198825748226785280
198825748239360003
198825748381958144
198825748470050816
198825748495208448
198825748117725184
198825748398739458
198825748449079296
198825748734279681
198825748772040704
198825748616851457
198825748293881856
198825748855930881
198825748839153666
198825750831431680
198825750940487680
198825750269399041
198825751007596544
198825751129239554
198825751179575296
198825751196348417
198825751225696256
198825751129231360
198825750323937282
198825750978236417
198825751280238592
198825751372500992
198825750718185472
198825750491701249
198825751401861121
198825751460585472
198825751561248769
198825751552851968
198825751074713600
198825750965653504
198825751292813312
198825751775158273
198825752450433026
198825751720640513
198825751024377856
198825752312037376
198825752450441216
198825752542715905
198825752412700672
198825752618205184
198825752525942784
198825752542711808
198825752634990592
198825752521740288
198825752689512448
198825752135872513
198825752026824704
198825752978923521
198825752945369088
198825752416894978
198825753184440320
198825753322848256
198825751687086080
198825753255739392
198825752970534913
198825753293500417
198825753406734336
198825753335447553
198825753587097600
198825755029946369
198825754522431489
198825754962821120
198825754732138496
198825755155767298
198825755218690048
198825755403235330
198825755373867008
198825754488877059
198825755432591361
198825755390640129
198825755642302464
198825755617140736
198825755633922048
198825755684253696
198825755982053376
198825756116262912
198825755948486657
198825756279832577
198825754954440704
198825755646504961
198825756305010689
198825756258877441
198825756321787904
198825755768139778
198825756439228417
198825755155767297
198825756556664832
198825756565061633
198825756380504064
198825756825092099
198825756732833792
198825756737024003
198825756929949697
198825757001265153
198825756992868352
198825757047394305
198825757223550976
198825757248716800
198825757244530688
198825757361979392
198825757169033216
198825757559103488
198825757596844034
198825757588455424
198825757743652864
198825757991124992
198825758037254144
198825758079193089
198825758125330433
198825759291359233
198825759060656129
198825759643676672
198825759593336832
198825759236825089
198825759656247298
198825759551393792
198825759178108929
198825759773696000
198825759891128320
198825759589146624
198825760000196608
198825759886942208
198825759467511808
198825760226689024
198825759979212800
198825759366856704
198825760251846658
198825759903715328
198825760197324801
198825760088272898
198825760386072576
198825760436387840
198825760495120384
198825760138596352
198825760465756160
198825760000188416
198825760579002368
198825760457371648
198825760767750144
198825760935522305
198825760964886529
198825760855826433
198825760960684032
198825760969080834
198825760780328960
198825761145229315
198825761258471425
198825760008572928
198825761443024898
198825761589837824
198825761258479617
198825761195569152
198825761929576450
198825761455607808
198825762156064769
198825762097332225
198825762206400512
198825762550317057
198825762407723008
198825763426938880
198825762550321152
198825763431129088
198825763368210432
198825763204632576
198825763703750658
198825763020087296
198825763737305090
198825763322068992
198825763703750657
198825763640836096
198825763720544258
198825763422744576
198825763972186112
198825763917668352
198825763447910401
198825763972194304
198825763926061056
198825763712155650
198825764316131329
198825763955417090
198825764416790528
198825764521648128
198825764471312384
198825764743942144
198825763825393665
198825764731359233
198825763947028480
198825764865581056
198825764366462977
198825764882350080
198825764945264641
198825763959619585
198825764353875968
198825765134012417
198825764609720320
198825765377294336
198825765482143745
198825765620559873
198825765649924096
198825765217894400
198825765888991232
198825765528276993
198825765855436801
198825765998034947
198825766002229249
198825766094516226
198825766207754240
198825766467805185
198825766606217218
198825767638011904
198825767705133056
198825767726092288
198825767658983425
198825767654789122
198825767885488129
198825767889682433
198825767331831808
198825768246181888
198825767587688448
198825767872901120
198825768472690688
198825768334266369
198825768493662208
198825768464289793
198825768657240066
198825768216834048
198825766820122625
198825768766291968
198825768862760961
198825768971804672
198825769005355008
198825768195858432
198825769089236992
198825768636264448
198825769076654081
198825769261211649
198825769479323648
198825769462530048
198825769517064192
198825769626124288
198825769609342976
198825769592553472
198825769781305346
198825769961656320
198825769387036675
198825769923911680
198825769789698048
198825770444005378
198825770456592384
198825770402054144
198825770578214913
198825769902948352
198825770607591424
198825770611777536
198825770624356352
198825770301399042
198825770863439872
198825770745999360
198825770758582272
198825771849097216
198825771966529536
198825771962351616
198825770460778498
198825772113338374
198825772138500097
198825772029444097
198825771916197888
198825772457271296
198825772478238721
198825772595683328
198825772780236800
198825772654395392
198825772713127936
198825773069631489
198825773078032386
198825773044477953
198825773140946945
198825773132546049
198825773082226688
198825773136744448
198825773166100480
198825773199663105
198825773564567553
198825773447127042
198825773510033408
198825773493268480
198825773514235905
198825773673615360
198825773791059970
198825773841383424
198825773312913409
198825773430353920
198825773925277696
198825773816225795
198825774105624576
198825773665234944
198825774466334720
198825774441172992
198825774390841345
198825774432792576
198825774621536257
198825774655082496
198825774646693888
198825774793506817
198825774864801792
198825774780911616
198825774818672640
198825774898360322
198825774223073280
198825775997263872
198825775837880322
198825775422640130
198825775917568000
198825775913377792
198825775531687940
198825776282472448
198825776131477505
198825776399925249
198825776458637312
198825776496377856
198825776714481664
198825776576069633
198825776710303744
198825776823541761
198825776005656576
198825776974532608
198825777054220288
198825776731275264
198825777217806337
198825777356218368
198825777352015872
198825777301700608
198825777352024065
198825777024872448
198825777041649665
198825776995512323
198825778023108608
198825777955999744
198825778044092416
198825778274770945
198825778232819712
198825778367041536
198825778325094402
198825778530615296
198825778429952000
198825778564169729
198825778018914304
198825778530619393
198825778811645952
198825778861981696
198825778232827905
198825778887147520
198825778413191168
198825778551590912
198825779180740610
198825779428204546
198825779268816899
198825779365298178
198825779352702976
198825780254490625
198825780325781505
198825780413857793
198825780363538432
198825780401274882
198825780422258688
198825779977658368
198825780007018496
198825780569055235
198825780648755200
198825780334178304
198825780757803008
198825780728430594
198825780866842624
198825780472578048
198825781256925185
198825780678098944
198825781630222337
198825781777010689
198825781768626178
198825781122703361
198825781877682176
198825782074818563
198825781990916098
198825782162898944
198825782230003712
198825782271934464
198825782448099328
198825782599090176
198825782552952832
198825782078996480
198825782544564224
198825782028677123
198825782179659776
198825782485852161
198825783115001856
198825783291166721
198825783316332545
198825782724923392
198825783605723137
198825783865778177
198825783853191168
198825783878356992
198825783899336707
198825783786078208
198825782909476865
198825784150999040
198825784083873793
198825784201330688
198825783916101633
198825784419426305
198825784276815874
198825784591392768
198825784608161793
198825783777697792
198825783626711042
198825784603979776
198825784683659267
198825784771739648
198825784566231042
198825784859824130
198825784792711168
198825784759173120
198825784356503552
198825784515903488
198825784415236096
198825785040187392
198825784687865856
198825785329590274
198825785430253568
198825784461373440
198825785442836480
198825785585438720
198825785413468160
198825785761599489
198825785795162114
198825786206195713
198825786260733952
198825785493168128
198825786424299520
198825786348814338
198825786365587456
198825786394935297
198825786403328000
198825786441089024
198825786562707456
198825786076172288
198825786046812161
198825786839547906
198825786084560896
198825786998931457
198825787049246721
198825787305115648
198825787330265089
198825787389001730
198825787464486912
198825787309309952
198825787565154305
198825787816812544
198825787649048576
198825788609536001
198825788479516672
198825785421860864
198825788668260353
198825788345298945
198825788869578752
198825788198490112
198825788840222720
198825787334475777
198825788961849344
198825788982833152
198825789205131264
198825789129625603
198825789477752832
198825789393879040
198825789523890176
198825789603581952
198825789481951233
198825789641342977
198825789624565760
198825789876219904
198825789943320577
198825789897191424
198825789825880065
198825789922349057
198825789913968640
198825789066719232
198825789985275905
198825790090133504
198825790115282944
198825790073339906
198825790182400000
198825790119489537
198825790341779456
198825790404689921
198825790396317697
198825790060761089
198825790488576000
198825790400512001
198825790702501891
198825790777987072
198825790727651329
198825789972692992
198825790689910784
198825790891245569
198825790870265858
198825790866067457
198825791272927233
198825791348408320
198825791386165248
198825792862560256
198825792329887747
198825792866762752
198825792036290561
198825793412018176
198825793420398592
198825790094327808
198825793265217537
198825793508487168
198825793504280576
198825793672056832
198825793583984641
198825793382649856
198825790295650304
198825793810472961
198825793357496321
198825793529450496
198825794196357121
198825793760149504
198825793651085313
198825794448015360
198825794229899265
198825794468970498
198825794259267585
198825789263843328
198825794586427392
198825794418638849
198825793818853376
198825794624163841
198825794569650176
198825793223262208
198825794754183168
198825794666110976
198825794590609408
198825794708062209
198825794414448643
198825794724835329
198825794968096769
198825794980687873
198825794968096768
198825794972303361
198825794498342912
198825795093938177
198825795223961604
198825795131686912
198825795169431552
198825795261710336
198825794779348992
198825797123973120
198825797178499074
198825797186879490
198825797090418688
198825797111390209
198825797216247808
198825796788420609
198825797551788034
198825797673426945
198825797379829761
198825797757317123
198825797929275393
198825797996392449
198825797363052544
198825797866356736
198825798197719041
198825798155767808
198825798084464640
198825797354668032
198825798201909248
198825798445182977
198825798562615297
198825798512287744
198825798730399746
198825798696837120
198825798805880832
198825798273220610
198825798411624448
198825798600359936
198825798826868736
198825798990430210
198825799502143488
198825799569260544
198825799124656128
198825799552466944
198825798944309248
198825799728644096
198825799946743808
198825799489552386
198825799997063168
198825800064176128
198825800135487489
198825800231944192
198825800353595392
198825800483618818
198825800294866944
198825800764628993
198825800366174208
198825800886259713
198825800865296385
198825801171480576
198825801171480578
198825800726876161
198825801242787842
198825801381191680
198825801418936321
198825801473462272
198825801486045184
198825799846068224
198825801729318912
198825801708347392
198825801645424641
198825801980977153
198825801980968960
198825802140360704
198825801658011649
198825802182311939
198825802249416706
198825802316529664
198825802299744256
198825802295554050
198825802366861312
198825801846767616
198825802471702529
198825802589155329
198825802601734147
198825802119385089
198825802392014849
198825802975023104
198825802186506241
198825802979225600
198825803163774976
198825803306381313
198825803428003841
198825803448979457
198825803662897152
198825803314761728
198825803629346816
198825803797106688
198825803742588931
198825803335729152
198825804002635777
198825803591593984
198825804078120960
198825804057161728
198825804136841216
198825804111683584
198825804401098754
198825804531113984
198825803683860482
198825805403525120
198825804732440576
198825805596459008
198825805630013441
198825805537751040
198825805575499777
198825805667770368
198825805650989056
198825805680353282
198825805499990016
198825804916989952
198825806020083712
198825805508395009
198825806083002369
198825805218971649
198825806070415361
198825806099775489
198825806334672896
198825806238195713
198825806405976064
198825806447902721
198825806196256769
198825806271758338
198825806519209984
198825806192066561
198825806867349504
198825807085453312
198825807135784960
198825806611492864
198825807194488833
198825807043506178
198825806208827393
198825807622324224
198825807664267265
198825807639097345
198825807563603968
198825807651667969
198825807676833792
198825807781707776
198825807823638528
198825807811067904
198825808012378117
198825808003993604
198825807383240704
198825807894941698
198825808092082177
198825808297594880
198825808087883777
198825808368893952
198825807806857217
198825810000494593
198825810046615552
198825810155667456
198825810172452864
198825810386358272
198825810558320640
198825810109546497
198825810629623808
198825810092769280
198825810776424449
198825810830950400
198825810759647232
198825810923237380
198825810776440833
198825810315055108
198825810059198464
198825810763857920
198825810109542400
198825811053256706
198825810738688000
198825811128754177
198825811040681984
198825811367837697
198825811493650432
198825811518828545
198825811149725699
198825811602710528
198825810721902592
198825811715956737
198825812001165313
198825811908898817
198825811950845953
198825811963420672
198825811384602628
198825812064075776
198825812395425794
198825812655489025
198825812701614080
198825812592566272
198825812647084035
198825812726784000
198825812709998593
198825812936503296
198825812168941568
198825812764536832
198825812160548864
198825812953280512
198825812458348546
198825813242683392
198825813016190979
198825813817303042
198825813741805568
198825813720834049
198825813838266369
198825813955723265
198825813339160578
198825813867626497
198825813829877760
198825814228340737
198825814169620481
198825814287056898
198825814274490368
198825814236733440
198825814341595136
198825814291263489
198825814559686657
198825814526148609
198825814421282816
198825813649534976
198825814236737536
198825814651973634
198825814710685697
198825814752636928
198825814790377472
198825814849105920
198825814882648064
198825815029456896
198825814345785344
198825814459039744
198825815151095808
198825815042043904
198825815201427457
198825815335649282
198825814723272704
198825815461466112
198825815272734720
198825815293702146
198825814781984768
198825815482441728
198825814773596161
198825815692156930
198825815121735682
198825815293706240
198825815784423424
198825815495032832
198825815608279041
198825815897681920
198825815876710400
198825816069640193
198825816094806016
198825817973854209
198825817839648769
198825817776734210
198825818162593792
198825818334560258
198825818452000769
198825818623967232
198825818745602048
198825818913390592
198825819051794433
198825819089543168
198825819144060928
198825818326179840
198825819328626688
198825819433476096
198825819295072256
198825819907432448
198825819991318530
198825820008091649
198825820054233088
198825819647393794
198825819899043840
198825820079390721
198825819345391619
198825819529945090
198825820234592256
198825820381384706
198825820641427456
198825820721131520
198825820582719488
198825820494643202
198825820771454976
198825820779855872
198825820389773313
198825821065068544
198825820909879299
198825821127979008
198825820595302400
198825821379637248
198825821509652480
198825820742103043
198825821593550850
198825821912309761
198825821652258816
198825821895532544
198825822281408513
198825822256250881
198825821543202820
198825822285602817
198825822541455361
198825822512087041
198825821903917057
198825822528864257
198825821656461312
198825822260445186
198825822746980352
198825822474350592
198825822554038272
198825822872805377
198825822944100354
198825822977654785
198825822923141123
198825822411436032
198825822935724033
198825823199969280
198825823199961088
198825823275462657
198825822524678144
198825823678119936
198825823841697793
198825823770382337
198825823027998721
198825824059801600
198825823715868672
198825823388712961
198825823728451584
198825824378552321
198825824374362112
198825824428892160
198825824487612416
198825824449863680
198825824529555456
198825824223363073
198825824554713088
198825824642809857
198825824567296001
198825824898654208
198825824701530113
198825825209040896
198825825284534274
198825825401974784
198825825372614656
198825825460695040
198825824131100674
198825825628471298
198825826333106176
198825826559598592
198825825972400128
198825826601549824
198825826702200833
198825826672844801
198825826609926144
198825826593144832
198825826739961856
198825826966446082
198825826987417600
198825827012587521
198825827000004609
198825827213918208
198825827092275200
198825827176169472
198825826974838784
198825827268444163
198825827641733120
198825827771748354
198825827792732160
198825828040179712
198825828090515457
198825828275064832
198825828480593920
198825828400906241
198825828358950913
198825828484775936
198825828157632513
198825828618997760
198825828803543040
198825828769988608
198825828518338560
198825828430249984
198825828866457602
198825829285892096
198825829193625601
198825829143281664
198825828832907264
198825829428494336
198825829571104769
198825829545943040
198825829780815872
198825829818572800
198825830011518976
198825830141542400
198825828266684416
198825829487218688
198825830481276931
198825830581940224
198825830430937090
198825830447710208
198825829919240192
198825830850363393
198825830594514944
198825831102038017
198825830972002304
198825830611292160
198825831303352321
198825831387238404
198825831181713408
198825831626317824
198825831680847876
198825831861190657
198825831483715584
198825831949283331
198825831408214016
198825832100270082
198825832112852992
198825832104476673
198825832070909952
198825832129626113
198825832284831744
198825832389672960
198825832528097280
198825832532279297
198825832549068800
198825832414855170
198825832662319107
198825832540684288
198825832628756481
198825832645537792
198825831315935232
198825832788148224
198825832817504256
198825832725225472
198825832792338433
198825832926552064
198825832758784000
198825832913969152
198825832951713792
198825833039790083
198825833081745408
198825832788135937
198825833215954945
198825832486150146
198825833337593857
198825832767164417
198825833350176769
198825835036295168
198825835040473088
198825835296337920
198825835518627840
198825835581554688
198825835476688896
198825835640258560
198825835627687937
198825835392794625
198825835808034816
198825835841589248
198825835690598400
198825836059697153
198825834876911617
198825835862564865
198825836412018689
198825836114227200
198825836567207936
198825836533649408
198825836667863040
198825835527024642
198825836885983234
198825836353306624
198825836500090880
198825837087293440
198825837146021888
198825837200547840
198825836768526336
198825837485752320
198825837594820608
198825837699674112
198825837678690304
198825837775159297
198825836508491777
198825837905186817
198825837699678209
198825838211383298
198825837523505154
198825838123286528
198825838429487105
198825838383337473
198825838660173825
198825838601437186
198825838177828864
198825838035206144
198825838748237824
198825838421094400
198825839184449536
198825838756630528
198825839343833090
198825836802093057
198825834713329664
198825839306084355
198825839469666305
198825839150891010
198825839612276736
198825839771660294
198825839318675456
198825839712944128
198825839956213761
198825840119783424
198825840103002113
198825839981379584
198825840342081536
198825839566139392
198825840753131520
198825840740548608
198825840669241346
198825840652468224
198825840560193536
198825840077832192
198825841000579072
198825841000579073
198825841038327808
198825840572768257
198825841193525248
198825840526635008
198825841449385985
198825841394843648
198825841591984128
198825840988000256
198825841038327809
198825838756634624
198825841059299328
198825841604571136
198825841763958784
198825841889775617
198825841940115458
198825841449377792
198825841575206912
198825841893974016
198825842351149056
198825842355347457
198825841822679041
198825842405687296
198825841797513217
198825842577653760
198825843122909184
198825843080957952
198825843097739264
198825843198398464
198825843173244928
198825843420704769
198825843412312064
198825843689140224
198825843663966208
198825843873681408
198825843852705792
198825843924021251
198825844100169729
198825844091797504
198825844184072194
198825844234399744
198825844360216576
198825844364423168
198825844423131137
198825844381188098
198825843907244032
198825844477673472
198825843613642753
198825844708360193
198825844662206465
198825844775464960
198825844855160832
198825844926447616
198825844922265601
198825844939042816
198825845341700096
198825845245227010
198825845383634944
198825845526233089
198825845677232128
198825845710790656
198825845702410240
198825845643685889
198825845756928000
198825845652066304
198825845228445696
198825845958250496
198825846331547649
198825846415425536
198825846490927105
198825846608367616
198825846511898624
198825846713221120
198825846939725825
198825846927142912
198825847338180609
198825847224938496
198825847447240706
198825847484981249
198825847501754368
198825847631790080
198825847879237634
198825847833100288
198825847870857216
198825847656947712
198825848189616129
198825848143491072
198825848294490112
198825848277704704
198825848042823680
198825848407719936
198825848533553152
198825848659386368
198825848210587649
198825848533549056
198825848776822784
198825848772632576
198825848667766784
198825848869093377
198825848978161664
198825849057853440
198825849015906307
198825849057841152
198825849280143361
198825848525164546
198825849485656065
198825849003315202
198825849783459841
198825849330475008
198825849754099712
198825849926074369
198825849963810816
198825849871536130
198825849905094660
198825849976406016
198825849955434496
198825849779273728
198825850374848512
198825848235761664
198825850471317504
198825850475520000
198825848042823681
198825850257424384
198825850777501698
198825850815258625
198825851662503936
198825851809308674
198825851981275137
198825852069355520
198825851704446978
198825852069347328
198825852341981184
198825852526530560
198825852388130817
198825852555902976
198825852073545728
198825852815945728
198825852711075841
198825852627189760
198825853017260034
198825853101150210
198825852736245760
198825853218594816
198825853336043521
198825853315059714
198825853289906177
198825852933382145
198825853566726144
198825853528965120
198825852622999553
198825853721919488
198825854028099584
198825853474447362
198825853948403712
198825853864517632
198825853243764738
198825854040670210
198825854262980610
198825853650608128
198825854359437312
198825853679976449
198825854422355968
198825853889687552
198825853688360960
198825853986160643
198825854258774016
198825854128766976
198825854426550272
198825854657249281
198825854627889152
198825854321700864
198825854619500544
198825854908895233
198825854250389504
198825855093448704
198825855751954432
198825855810666498
198825855814868994
198825855466745856
198825855412207616
198825856091701248
198825856179781632
198825856150417410
198825856259465218
198825856313999362
198825856246882304
198825856431435777
198825856368508929
198825856213319681
198825856339152897
198825856490156032
198825856628572163
198825856108474368
198825856104280065
198825855991029760
198825856238489602
198825856175575042
198825856913768449
198825856762781697
198825856792145921
198825856892813312
198825856972505088
198825857056382976
198825856670515200
198825856863449088
198825857291259904
198825857500983297
198825857257705473
198825857513558017
198825857438068738
198825857555496961
198825857341599744
198825857555509248
198825857668747264
198825857727467520
198825857823936514
198825857735864320
198825857928806402
198825857861697536
198825857849114625
198825858063015937
198825857358372866
198825858436313088
198825858499219456
198825858750881792
198825859996594179
198825860009181185
198825859963035648
198825859677831168
198825860252434433
198825859715567617
198825859963027457
198825860436992000
198825860093050880
198825860462166016
198825860072091649
198825860814475265
198825860906758144
198825860839641088
198825860835450880
198825860273410048
198825860856418304
198825861179392000
198825860713824256
198825861254881280
198825861066145792
198825861665918976
198825861603008515
198825861636554752
198825861548486658
198825861166809089
198825861753995264
198825861867245569
198825861829505025
198825861913387009
198825861502337025
198825862257315840
198825862429294595
198825861787549697
198825862324420609
198825862450253824
198825862391537665
198825862546726912
198825862592860160
198825862643200001
198825862680944641
198825862706114561
198825862689337344
198825861946941441
198825862701916161
198825862274088960
198825863075213312
198825863247175680
198825863318470656
198825863373012993
198825864081846272
198825864102809600
198825863935033345
198825864153141250
198825864086032385
198825864287358976
198825863763083265
198825864576761860
198825864408993792
198825864744534017
198825864744546304
198825864157331456
198825864744546305
198825864786485250
198825864505475072
198825864782282754
198825865080086528
198825864471908353
198825864522240000
198825865172353025
198825865142996992
198825864773910529
198825865658896384
198825865738588160
198825865478549504
198825865759563776
198825865893777408
198825865809895426
198825866040573954
198825866074132480
198825866048970752
198825866187386880
198825866166403072
198825866283843584
198825866422259712
198825866501955584
198825866623598594
198825866422263808
198825866485170177
198825866753622016
198825866761994240
198825866778783745
198825866275467265
198825866980106242
198825866522931200
198825866967531521
198825867017863170
198825867160469505
198825867181441024
198825866694897666
198825868334874624
198825868364226563
198825868473274370
198825867818975235
198825867340824576
198825868548775937
198825868678807552
198825868653633536
198825868653629441
198825868691386369
198825868720742400
198825868741713920
198825867886084096
198825868989186048
198825868662013952
198825868984987648
198825869018533888
198825869152759808
198825869123403776
198825869203083265
198825869312139264
198825869341507584
198825868976599040
198825869509263360
198825869022728194
198825869685440513
198825869660266496
198825869584773120
198825869731569664
198825869257613312
198825869928697856
198825869530247168
198825870163574785
198825870239080448
198825870247464960
198825870247473153
198825870377484288
198825870390075393
198825870478147584
198825870452985856
198825870012596225
198825869953875969
198825870616571905
198825870415241219
198825870465572864
198825870612373504
198825870964686848
198825870461382656
198825870943727616
198825871132475392
198825872638214145
198825872332042242
198825872671784961
198825872764059648
198825870276829186
198825872680161280
198825872856317952
198825872894083073
198825873007325184
198825873091198976
198825873275752448
198825873359638530
198825872747266048
198825872843743233
198825872889872384
198825873489674241
198825873539993600
198825873665822721
198825873758101505
198825873279942656
198825873997185025
198825873942650881
198825873963626496
198825874039119875
198825873934262272
198825873942654976
198825874018148352
198825874085265408
198825874102026240
198825874194305024
198825874320130048
198825874290778112
198825874676645888
198825874680852483
198825874810867712
198825875184164865
198825875209338881
198825874626322433
198825875305807873
198825875171581953
198825875645542401
198825875750400000
198825875767177216
198825875964309504
198825876056580098
198825875737812993
198825876190801920
198825876169834497
198825876195000320
198825875876229121
198825876765425664
198825876757037058
198825876815740928
198825877029650437
198825876975128576
198825877168070656
198825877340033026
198825877356806144
198825877663002624
198825877767860225
198825877390376960
198825877428121600
198825877595893761
198825878325702656
198825877549756416
198825878464106500
198825878543810562
198825878107594752
198825878678011904
198825878552190976
198825878250196992
198825878468296704
198825878954852352
198825879000989698
198825878426353664
198825879172956160
198825878145343488
198825879307161600
198825876085944321
198825879386849281
198825879827255296
198825879739174912
198825879894368257
198825879927918593
198825879298781185
198825879592378369
198825879982444544
198825879558828033
198825880083107840
198825880087310336
198825880208941056
198825880208949248
198825879797907456
198825879919538176
198825876572483585
198825876761231360
198825880070529025
198825878619291649
198825880678699010
198825880892620800
198825877679779840
198825881207189505
198825880917778432
198825878053072896
198825881651777536
198825880678694913
198825881660174336
198825881504989184
198825881769222144
198825881916026881
198825881932791808
198825881286885377
198825882096377856
198825881412698112
198825882272530432
198825882389983233
198825882406756352
198825882381590528
198825882331267072
198825882465476608
198825882419343362
198825882507423744
198825882700361728
198825882654228481
198825882708746240
198825882822000640
198825882847162371
198825882872332288
198825882876518400
198825883090423809
198825883061071872
198825883212054528
198825883065257984
198825882914275328
198825883316924416
198825882989756416
198825881098141696
198825883681832961
198825883136565250
198825883673436161
198825884101259267
198825883677638656
198825884222881795
198825884336132096
198825884302581762
198825884298387456
198825884210315266
198825885254692865
198825885560881153
198825885409869824
198825885523124224
198825885787357186
198825885812535296
198825885925785600
198825885095301120
198825883597942785
198825885254692864
198825885997072384
198825886093549568
198825886177427456
198825885900607488
198825885363732484
198825886005460992
198825885535698945
198825886450065408
198825885976100864
198825886324232192
198825886395531266
198825886227763203
198825885271457792
