198787383221682176
198787384127660033
198787384819716098
198787385432096768
198787385042026496
198787386342256640
198787386732314624
198787386677805056
198787388028358656
198787389613817856
198787390041628673
198787390104551424
198787389836103680
198787389496373248
198787391836790784
198787394986721281
198787396165304321
198787396106592257
198787395498426368
198787396869947393
198787398581227520
198787400409944064
198787402788110337
198787402486132737
198787403115282432
198787404197396480
198787404700717056
198787407225683968
198787407305392132
198787406680432640
198787407485747200
198787407783534592
198787408446230531
198787408207155200
198787409268310017
198787409268318210
198787410342055936
198787407171158016
198787410031673344
198787410916687872
198787411029929986
198787411059290116
198787412565049347
198787409004081152
198787413047390208
198787412737011712
198787413441642496
198787413840117760
198787416679657473
198787414959996928
198787418437074945
198787420072853504
198787420257394689
198787420957835265
198787421989642240
198787423910629376
198787425097617410
198787426754367488
198787427316408320
198787427740024832
198787430227259392
198787431414235136
198787434333470720
198787436871024640
198787437756022785
198787439127564289
198787439354060802
198787439920287744
198787440411017216
198787442596261888
198787447511990273
198787448006901762
198787448053039104
198787447394533376
198787448166293504
198787450217308161
198787450389274624
198787451706277888
198787452540948481
198787453845381120
198787455158206464
198787456194183168
198787455539875841
198787458706575360
198787459100835840
198787459427995649
198787461034418177
198787462338854912
198787462569533443
198787464410824704
198787463945273345
198787467430723585
198787467720134659
198787467204239360
198787468470923264
198787471373377537
198787468567388162
198787473491509248
198787475357958144
198787475211173889
198787476423311361
198787477169901569
198787477400584192
198787478717612033
198787478331727874
198787478625325056
198787482987409408
198787483452981248
198787483704627203
198787485625630720
198787486217015297
198787488486129665
198787489446629376
198787487592742912
198787491061448704
198787492806262786
198787494601437184
198787495452868610
198787496186871808
198787497675857920
198787498640551936
198787502256041984
198787503619182593
198787504571297792
198787505078808578
198787505632460800
198787506127384577
198787505754083328
198787507054325760
198787507725414400
198787508593635328
198787509092761600
198787510388793345
198787510107779072
198787510409760768
198787512737595392
198787512850853889
198787513534525440
198787514016866304
198787516499894272
198787518043394050
198787518773202945
198787519960186880
198787521965072384
198787523546329088
198787519679180800
198787524380983296
198787524750090240
198787525173714944
198787526150995969
198787527300235264
198787527837089792
198787530454347779
198787530513059840
198787531058315264
198787530626318336
198787531335155712
198787533381971968
198787534535409665
198787533029642240
198787536129232896
198787537295253505
198787537475612673
198787537576271872
198787537634988032
198787538163478529
198787539996389379
198787537622409220
198787540407422977
198787543762870272
198787544031297536
198787545000194048
198787545012768769
198787545872609280
198787546333974528
198787546254286848
198787549605535745
198787551673327617
198787551354560515
198787552382160897
198787553384595458
198787556316418048
198787556182196224
198787557671186432
198787558988193792
198787559554433024
198787564235276289
198787564776341505
198787564658888704
198787566420492288
198787566303064065
198787567464886272
198787567477469184
198787567913680897
198787566709899268
198787569251647489
198787569067110401
198787569985667073
198787570887442432
198787571445276672
198787572087005186
198787572821004290
198787572556767232
198787574591000576
198787575203364864
198787580098125826
198787581691953152
198787582212059136
198787581872324608
198787581918461952
198787582694400000
198787583990439936
198787583348707328
198787584489558016
198787584300810240
198787584070123520
198787585793982464
198787585424883716
198787586351824897
198787587526230016
198787587211669506
198787587631087617
198787587610128387
198787589300420609
198787589770182656
198787590047014912
198787593524097025
198787594392305664
198787594815938560
198787595914850306
198787595487035392
198787598938947585
198787598792138752
198787599282868225
198787600079798274
198787600088170496
198787598011998209
198787601463906305
198787601598124033
198787602134990849
198787602806091776
198787603720454144
198787604068564992
198787605318475778
198787605876310016
198787609554722816
198787610477477888
198787610141921281
198787613094719488
198787613178601472
198787614390751232
198787615938461696
198787616504680448
198787616982835200
198787616634707968
198787616546635777
198787617511325697
198787617502928896
198787617809104897
198787618702508032
198787620120166400
198787623265894400
198787623651774465
198787625262399489
198787626331934720
198787627418263553
198787629867737089
198787629783846913
198787631008591872
198787631230894081
198787632128475138
198787632858267648
198787632342368257
198787633034440704
198787633139286018
198787633072177152
198787634020106243
198787634242387969
