198828654791372800
198828654778793984
198828655097552896
198828655173042176
198828654908809216
198828655156269057
198828655126917120
198828655198220290
198828655336636416
198828655382761473
198828655588278273
198828655563128832
198828655659581440
198828655663775744
198828655781224449
198828655802195968
198828655965777920
198828655961579520
198828655949004801
198828655491817473
198828656083222528
198828655860916224
198828656087412737
198828656108384257
198828657588965377
198828657601560578
198828657748348928
198828657760931840
198828657739972608
198828657681235968
198828657890951169
198828658033569793
198828658151010305
198828658113261568
198828658335555584
198828658088091648
198828658448793600
198828658457186304
198828658511724545
198828658599792640
198828658654330880
198828658167775234
198828658931142656
198828658826297344
198828658746597376
198828658876628992
198828658754990080
198828658926948352
198828659023429634
198828659157639168
198828659224756225
198828659270889473
198828659384131584
198828659287654400
198828659396718592
198828659488980994
198828659509968897
198828658574630915
198828659749027840
198828659967131649
198828660134912001
198828660134920193
198828660428517376
198828659296055297
198828660629848065
198828660642422785
198828660130709504
198828660936032256
198828660801802240
198828660910866433
198828659992297472
198828661179301889
198828661217034243
198828660969582595
198828661766504448
198828661661630464
198828661804253186
198828661657452552
198828660361396224
198828661661642753
198828661821026304
198828661934268417
198828661066047489
198828661682606080
198828659782598656
198828660445282304
198828660923449344
198828660101349376
198828662211092481
198828662253027329
198828661372239872
198828662085267459
198828662378856448
198828662391447552
198828660889886720
198828661854584833
198828661665824769
198828662513090560
198828659166035968
198828661988802560
198828662693429249
198828658633342976
198828662546636800
198828662810886144
198828662240460800
198828662898962433
198828662643113984
198828663104479232
198828663142232064
198828663171596288
198828662802497536
198828662433390594
198828662097838081
198828662857011200
198828663389683712
198828663398080513
198828660554338305
198828663297409025
198828663481958402
198828660323659777
198828663502929920
198828660864724992
198828661946859522
198828665998544896
198828666069860353
198828666090823680
198828665579118592
198828665734316032
198828666279567360
198828666292154368
198828666304737280
198828666283753472
198828666430570496
198828666367643649
198828666489274369
198828666589945856
198828666585743361
198828666522828800
198828666837413889
198828666719973376
198828666933882881
198828667038736385
198828667114237952
198828667160371202
198828667298791424
198828667235860482
198828667332341761
198828667403632640
198828667504295936
198828667546251265
198828666359259136
198828667235868672
198828667609157632
198828667764355074
198828667357495298
198828667814686721
198828667734986752
198828668070526977
198828668087312385
198828668007628800
198828668162805760
198828667282010112
198828667625943042
198828668066349059
198828668179582978
198828668288634881
198828668234113024
198828668406083584
198828668280258564
198828668418654208
198828667026153472
198828668582240256
198828668699688961
198828670146711555
198828670184464384
198828670155096065
198828670218018817
198828670155100162
198828670343847936
198828670301913089
198828670465490944
198828670511611904
198828669823754242
198828670603898880
198828670306099200
198828670666805251
198828670712954881
198828670809415680
198828669920231424
198828670859743233
198828670956224513
198828670897491968
198828671182704640
198828671283380224
198828671446941696
198828671568588801
198828671648280577
198828670939443201
198828671686017024
198828671644078081
198828671723769856
198828672264830977
198828672151597056
198828672512311296
198828672638140418
198828672608768001
198828672730411008
198828672675889152
198828672826871814
198828672654901248
198828672831078400
198828672717828096
198828672814301184
198828672944308226
198828671736365058
198828672998842368
198828672885604354
198828673049174017
198828673212747778
198828673237913600
198828673317613569
198828673120481282
198828673170817025
198828674273914881
198828674303266816
198828674290679810
198828674387152896
198828674357792768
198828674433290242
198828674521378816
198828672365494272
198828674781425664
198828674127118336
198828674982748160
198828674865307649
198828674974351361
198828674835943424
198828674827563011
198828675343462400
198828675267969025
198828674596868098
198828675456700416
198828675582525443
198828675616079873
198828675616088064
198828675779674112
198828674244554753
198828675918073856
198828676039712768
198828675993567233
198828676249432064
198828676379451392
198828676492689408
198828676463333376
198828676689825793
198828676295573505
198828676702420994
198828676735959040
198828676941488128
198828676958265348
198828676996022272
198828676912123905
198828676769513474
198828676614328320
198828675112767488
198828677147009025
198828677306392576
198828677302206464
198828677289619458
198828677419634688
198828677390278656
198828677587415040
198828677612572673
198828678472417281
198828678602440706
198828677830684672
198828678686318593
198828678443057152
198828678686310400
198828678698909696
198828678753419265
198828679168671746
198828679126720512
198828678585655296
198828679252545537
198828679231578113
198828679319666688
198828679185448961
198828679311273986
198828679487430656
198828679479050240
198828679328055297
198828679575506946
198828679604871168
198828679076384768
198828679751680001
198828679768457216
198828679642615809
198828679915257856
198828679596478464
198828679533568001
198828680179499009
198828680242397184
198828680368238594
198828680133361664
198828680372436993
198828680376623104
198828679999131649
198828680435343360
198828680640872448
198828680632475648
198828680309506048
198828680775081986
198828680137543680
198828680959639553
198828680754118656
198828680699592705
198828680846381057
198828680909303808
198828681056096256
198828681152561155
198828681173532672
198828681194520576
198828682821902337
198828682930962432
198828682805121024
198828682993872898
198828682947723264
198828682981294081
198828682255667200
198828683207786496
198828683413307393
198828683262300162
198828683216158720
198828683144871939
198828683463634945
198828683492986880
198828683581075456
198828683476205570
198828683442663426
198828683631411200
198828683643994112
198828683677536256
198828683669143552
198828683501371393
198828683694317568
198828684004696064
198828684063420417
198828684063412225
198828684176670721
198828684247957504
198828684357021698
198828684457684994
198828684348633089
198828684461879296
198828684516392962
198828684528992256
198828684319264768
198828684654809088
198828684751290369
198828684675784704
198828684696756224
198828684268941312
198828684797423616
198828684923248640
198828684952612864
198828685099405312
198828685200072705
198828685460111361
198828685544001536
198828685221052416
198828685539819521
198828685762101251
198828686923927552
198828686928125952
198828687045562368
198828687079129089
198828687133650944
198828687087509507
198828687142043648
198828687238504448
198828687431434240
198828687448215555
198828687452409860
198828687628578817
198828687527919618
198828687716659200
198828687402090496
198828687968321536
198828687192367104
198828688085757953
198828688022847489
198828687955734528
198828687548878848
198828688194797569
198828688291282945
198828688303861760
198828688391938048
198828688211587073
198828688001871872
198828688408707072
198828688551317504
198828688551329792
198828687091712000
198828688605851650
198828688274497538
198828688698130432
198828688396132352
198828688802975745
198828688903651328
198828688903639040
198828688287088641
198828688605839361
198828689138524164
198828689151102976
198828689184665600
198828689100779522
198828689335664640
198828689243389952
198828689201430528
198828689536974849
198828689436315649
198828689637650432
198828691084677120
198828691151794178
198828691067895808
198828690006745089
198828691114041344
198828691504103424
198828691395051520
198828691768348673
198828691676073984
198828691659296768
198828691894185984
198828684352831488
198828691961286656
198828692066148355
198828692129071104
198828691575410688
198828691692855296
198828691441201152
198828692296835072
198828692137451522
198828692376518656
198828692489768961
198828692456222720
198828692288442368
198828685028102145
198828692728852481
198828692686905345
198828692800155648
198828692913401856
198828692791762945
198828692938567681
198828693056004096
198828693064388612
198828693135687680
198828693303472128
198828692720463872
198828693324443649
198828693257330690
198828693467041793
198828679973969920
198828692774985729
198828693462851584
198828693500608513
198828693546729472
198828693274099713
198828692527521793
198828693592879104
198828693672570884
198828693831950337
198828695237042176
198828695094431744
198828695438360578
198828695467720705
198828695497080832
198828695568388096
198828695803269122
198828695887163393
198828695299964928
198828696122032128
198828696168181760
198828696256258051
198828695929098240
198828695698407424
198828696247861249
198828696310779904
198828696323362816
198828696428216320
198828696595996672
198828694364618753
198828695086055424
198828693475430400
198828696235290625
198828691248254976
198828696663105537
198828696482750465
198828696860241922
198828696931549186
198828697107701762
198828694112968705
198828695304142848
198828696457580544
198828695941677058
198828697275478016
198828697271279616
198828697422282752
198828697434853376
198828697455828994
198828696629555200
198828697371938816
198828696956710912
198828696906366977
198828697577467904
198828697543913472
198828697422266368
198828697824919552
198828697732653056
198828697309028352
198828697808154624
198828697904615424
198828699427160064
198828699599110145
198828699532001280
198828699657834496
198828699498463232
198828699754315777
198828699959836672
198828699838189568
198828699968208897
198828699993391104
198828700152774659
198828700249235457
198828700253425665
198828700148568064
198828700324732928
198828700467331073
198828700450562048
198828700593176579
198828700584771584
198828700744167424
198828700869988353
198828700849020929
198828700966453249
198828700907741184
198828700991619072
198828701151019010
198828700790304768
198828700551233538
198828700786110467
198828700870000640
198828701062938624
198828701260062722
198828701297811456
198828701201338370
198828701390086144
198828701478158338
198828701448810496
198828701419438080
198828701486551042
198828701310398464
198828701612388352
198828701679493120
198828701595607040
198828701721432064
198828701872431105
198828702027612160
198828702136680449
198828702149251072
198828702119903234
198828702124093440
198828703634042880
198828703642435585
198828703755677696
198828703801815042
198828703701151744
198828703797612544
198828703646621698
198828703751475200
198828703575326720
198828703801802752
198828703948615680
198828704028311554
198828703659208704
198828704170905600
198828704103804929
198828704024100864
198828704183500801
198828704225427456
198828704284155905
198828704183500802
198828704628080641
198828704661647360
198828703894081536
198828704925888512
198828704892325888
198828705001381890
198828704993001472
198828705085259776
198828705211105285
198828705253031937
198828705370476546
198828705395642368
198828705370480643
198828705454358528
198828705525673984
198828705664090112
198828705676673025
198828705672470531
198828705584398336
198828705840246785
198828705966080000
198828706293235713
198828705609564160
198828706377109504
198828706318393344
198828706398076928
198828706393890816
198828705890582528
198828706544893955
198828706578436096
198828707861897217
198828707782197249
198828707698311169
198828707857711104
198828708012888064
198828707627016192
198828707975135232
198828707887054848
198828708293902337
198828708386181121
198828708549767168
198828708709154816
198828708524589056
198828708260364288
198828708323278850
198828708797235200
198828708814012419
198828708855943168
198828708948226048
198828708969193473
198828709002756096
198828709078249472
198828709162131456
198828709178904576
198828709212454912
198828709266993154
198828709397008385
198828709283762176
198828709485088768
198828709736751108
198828709766119425
198828709925502976
198828709095022593
198828709887754241
198828710105849856
198828709967441920
198828710323945472
198828710391058432
198828710416236544
198828710437203969
198828710533664768
198828710567215106
198828710575607808
198828710810488833
198828710760165379
198828710818877441
198828710789517312
198828710944706564
198828710957301760
198828710785327105
198828712018460673
198828712089751552
198828712140083201
198828712211390465
198828712370782209
198828712261718017
198828712471437313
198828712538554369
198828712496603137
198828712626618371
198828712714698753
198828712450469890
198828712945385475
198828712861503488
198828713004109824
198828713083801601
198828713142530048
198828712903442432
198828713352232961
198828713482268672
198828713566146560
198828713662623745
198828713599700992
198828713662623744
198828713763282946
198828713507434496
198828713893314560
198828713893314561
198828713884925955
198828714153353216
198828714207875075
198828714342092802
198828714392420353
198828714518257665
198828714287562754
198828714727968768
198828714522451970
198828714828644358
198828714711199744
198828714589556739
198828714778296320
198828714870579200
198828714849599488
198828714308550656
198828714790883329
198828714878976001
198828714769924096
198828715172564993
198828715139006464
198828715365498882
198828716254703616
198828716250509315
198828715998846976
198828716590239745
198828716615409667
198828716581859329
198828716707692544
198828716745428992
198828716787376130
198828716825133058
198828716527325184
198828715881398273
198828716682510337
198828716980310016
198828716971925505
198828716917395456
198828717156466688
198828716963536896
198828717412331520
198828717324242945
198828717173243904
198828717701726209
198828717768843264
198828717571715074
198828717911449601
198828717869514753
198828716770603008
198828718267965441
198828717991141378
198828718091796480
198828718221836289
198828718460907520
198828718494453760
198828717429104640
198828718511239169
198828718087610368
198828718679003137
198828718733537282
198828714002366466
198828714631507968
198828718599307264
198828718720950274
198828717890482177
198828717055803393
198828718850977794
198828718888718338
198828718892908545
198828719018745856
198828718037282817
198828719245246465
198828720390291456
198828720159600641
198828719845015552
198828720566435841
198828720524492800
198828720549675008
198828720646127618
198828720721625088
198828720730017793
198828720784556037
198828720616767488
198828720897789952
198828720998453248
198828721027825665
198828721216561153
198828721271087104
198828720650321920
198828721254318080
198828721317216256
198828721178804226
198828721220763648
198828721313034240
198828721363361794
198828721396924418
198828721195585536
198828721476616193
198828718397997058
198828721304637440
198828721900224512
198828721946370048
198828721841516544
198828721937989633
198828722135109634
198828722193842176
198828721568890880
198828722353217536
198828722323857409
198828720386080769
198828722609061892
198828722709729281
198828722751676416
198828722885894146
198828722948804609
198828722944610305
198828722894278656
198828722990755840
198828722462261249
198828723200475136
198828722571313152
198828724643307520
198828724819468290
198828725041774592
198828724827860994
198828725196947456
198828724752355329
198828724894965761
198828725314404352
198828725389901824
198828725255680000
198828725465391104
198828725498937344
198828725188562944
198828725519908866
198828725712859136
198828725725442050
198828725725442048
198828725838675968
198828725746417664
198828725729636352
198828726040006656
198828726107115520
198828726065172483
198828725549273088
198828726123888640
198828725729636355
198828724882378752
198828726379749379
198828726484602884
198828726438461440
198828726572695553
198828726597844993
198828726518157313
198828726492999681
198828726421692417
198828726857900032
198828726568497152
198828726530752512
198828726908239872
198828726669160448
198828726841118723
198828726623023105
198828727113744387
198828727147307008
198828727013097473
198828727331856384
198828727369609217
198828726337810432
198828727445098496
198828727369605120
198828729017958400
198828729311576067
198828729324142592
198828729265430528
198828729416421376
198828729110241280
198828729345130496
198828729437405185
198828729504514048
198828729521291264
198828729600974852
198828729575809024
198828729580011520
198828729609371650
198828729412231168
198828729294790656
198828729810681858
198828729877794816
198828730024607744
198828729974272001
198828729391267840
198828729965871104
198828730049757184
198828730163007489
198828730347556865
198828729689055233
198828730368532483
198828730381119489
198828730444034048
198828730544697344
198828730536304643
198828730636967937
198828730578255874
198828730532114435
198828730712469504
198828730762792960
198828730943148033
198828730943156224
198828731123511299
198828730913792001
198828729865224193
198828731215777796
198828731198996481
198828721409499137
198828731157053441
198828731278692352
198828731417100289
198828731496800257
198828731450671104
198828731584872449
198828733002555393
198828733040300033
198828732373401600
198828732247572480
198828733103210496
198828733103226880
198828732818006017
198828733174525953
198828733220667392
198828733367463936
198828733392617472
198828733468123136
198828732880924673
198828733510070272
198828733635887105
198828733585555456
198828733698801665
198828733715587073
198828733686218752
198828733694623745
198828733862379520
198828733887549441
198828734042734593
198828733883359232
198828733967245312
198828733837221888
198828733812047873
198828734231494656
198828734323752962
198828734365700097
198828734315368449
198828734432808960
198828734587998209
198828734386679809
198828734734794752
198828734747377664
198828734604783617
198828734810296320
198828735011627008
198828734684471296
198828735296843778
198828735368142848
198828735305224194
198828735317819392
198828735301038080
198828735502368769
198828735376523266
198828735636582400
198828735653351426
198828735707889664
198828737368829952
198828737368825856
198828737540792320
198828736437682177
198828736416722946
198828735179390976
198828736290881536
198828737729527809
198828734827077632
198828737695973377
198828737758887937
198828737549185024
198828737846984705
198828737834389506
198828737213632513
198828737788264449
198828737834389504
198828738006364161
198828738094448640
198828737821802497
198828738023137280
198828738211889152
198828738190909440
198828738299953152
198828737037484034
198828738576781312
198828738652274688
198828738572599298
198828738690035712
198828738857795584
198828738950070272
198828739017187329
198828738597765123
198828738660679681
198828739289808896
198828739356925954
198828739348537345
198828739017183233
198828739499532289
198828739734421504
198828739738615808
198828739772170240
198828739801513986
198828739780554753
198828740103512064
198828739814113280
198828740103520257
198828740149641217
198828740153843712
198828740325806081
198828741412130816
198828740816551937
198828741206605825
198828741235978240
198828741772836864
198828741592494080
198828741626044417
198828741768646656
198828741659594752
198828741814792193
198828741873516544
198828741747687426
198828741965774849
198828741403754496
198828741982556160
198828742024503296
198828741944819712
198828742230032387
198828742519431170
198828742666240001
198828742729150465
198828742880145410
198828742993387520
198828743005974528
198828742959824896
198828743182139392
198828743207297024
198828743282798594
198828743505088512
198828743467347968
198828743458947072
198828743765139457
198828743849021440
198828743895158784
198828743958069249
198828743937110017
198828744037773312
198828743781912576
198828744029384706
198828742695600129
198828743861608448
198828744104878080
198828744171991042
198828744222318592
198828744054550528
198828744209743874
198828743924523010
198828744327168002
198828743815479297
198828744524316672
198828745560297473
198828744977301505
198828745623220225
198828745455443968
198828745711300608
198828745765826560
198828745803563008
198828745912619009
198828746000711682
198828746055221248
198828746105556994
198828746105569280
198828746122342402
198828746231398401
198828746382381056
198828746487250944
198828746231398402
198828746667597827
198828746445291520
198828746759880705
198828746197839874
198828746629857280
198828746885697537
198828747045081088
198828747112194050
198828747196084224
198828747124785152
198828747288354816
198828747284152321
198828747087020032
198828747439349760
198828747384815617
198828747493879809
198828747661643776
198828747628089345
198828747552600067
198828747414188035
198828747703599106
198828747917500416
198828747858780162
198828747837808641
198828747867160577
198828747753926656
198828747888140289
198828747883941889
198828747502268416
198828748135608320
198828748093665281
198828748173357057
198828748265627648
198828749859471362
198828748303384578
198828749830107137
198828750178230272
198828749423255552
198828750337613824
198828750375370752
198828750400524289
198828750392143873
198828749742014467
198828750358593536
198828749960122369
198828750379556864
198828750165655552
198828750933213185
198828750505394176
198828750979334144
198828750991929344
198828751151316993
198828751105171457
198828751096778753
198828751193247744
198828750861905922
198828751499436034
198828751444914176
198828751621079040
198828751654633473
198828751616884737
198828751725920257
198828751759482880
198828751683993600
198828752023715840
198828752099221506
198828752057278465
198828752241819649
198828752216657920
198828752162144256
198828752317333505
198828752367665152
198828752501878784
198828752489299968
198828752506077184
198828752644476928
198828752019529729
198828752719986690
198828752778698754
198828752917110784
198828752879353856
198828753055518720
198828753143603201
198828754116681730
198828754125062145
198828754284462081
198828754284457986
198828754359943168
198828754494164996
198828754506743809
198828754640977920
198828754494164993
198828754674532352
198828754120880131
198828754712276992
198828754804543488
198828754754207745
198828754754220032
198828754901024769
198828754758418433
198828754947158016
198828754754207746
198828755144290304
198828754401902594
198828755135889409
198828755014258689
198828755140083714
198828755240759296
198828755387551745
198828754531909632
198828755425304576
198828755546943489
198828755140083712
198828755542740992
198828752728363009
198828755781816321
198828756117356545
198828755848933377
198828756213837825
198828756226412545
198828756209631232
198828756230606848
198828755664384002
198828756339654656
198828756545183746
198828756540985345
198828756369031168
198828756427751424
198828756851359744
198828756696170498
198828756851363840
198828756926865408
198828756960411648
198828758218715137
198828758256455680
198828758269042688
198828758067724288
198828758336147458
198828758600392704
198828758533287936
198828758671687681
198828758705258498
198828758722031620
198828758784937984
198828758818500608
198828758638141440
198828759099510785
198828757862203392
198828759158235136
198828759225335809
198828759288262656
198828758952706049
198828759279878144
198828759271481344
198828759388917760
198828759481204736
198828759653167106
198828759690907649
198828759309225984
198828759548297216
198828759581863936
198828759833526272
198828759904821249
198828759862874113
198828759929978880
198828760064212993
198828760118726656
198828760047423489
198828759980322816
198828760194220032
198828760278122496
198828760307478528
198828760433299456
198828760580112384
198828760924028928
198828760492015616
198828760341032960
198828760592683008
198828760978571264
198828761100206082
198828761163112448
198828761158926336
198828761188286464
198828762421407744
198828762450771969
198828762593361920
198828762752761856
198828762824052737
198828762857611266
198828762903740416
198828762589184001
198828763084111872
198828763176382466
198828763218329600
198828763239292928
198828763373518848
198828763436417026
198828763444805632
198828763193147392
198828763587411968
198828763293814785
198828762589171713
198828763717443584
198828763990069248
198828763935551491
198828763423846400
198828763600003072
198828764120100865
198828764170436608
198828764396916736
198828764329803777
198828764501782528
198828764526940160
198828764329811969
198828764120104960
198828764476608513
198828764669550592
198828764673736704
198828763860045824
198828764984123394
198828764963155971
198828764917022720
198828765084790784
198828764870873088
198828764308844546
198828765185449984
198828765193842690
198828765349031936
198828764887658498
198828765227388928
198828765403553792
198828763939737600
198828765617471488
198828766561189888
198828766489870336
198828766661836800
198828766833815552
198828766192087040
198828766695395328
198828765957193728
198828767030939649
198828767144198145
198828767022551040
198828767186137089
198828767295188992
198828767374884864
198828767421009920
198828767358091264
198828767311970304
198828767119020032
198828767572004865
198828767756562432
198828767072890880
198828768008224768
198828768410861568
198828768519929856
198828768654143488
198828768364724224
198828768767393792
198828768796749824
198828768985493505
198828768935153665
198828768905789440
198828769128095746
198828768750604289
198828769157451776
198828769354596352
198828768167600129
198828769451053056
198828769610432512
198828769799192576
198828769954377729
198828769971150848
198828769853718529
198828770080202752
198828770264752128
198828770285731840
198828768612200448
198828769702711296
198828769086156800
198828770273136641
198828770323476482
198828770340241408
198828770751283200
198828770734518273
198828770122141699
198828770830987265
198828770600292352
198828770952622081
198828769639804928
198828771057467392
198828771099426816
198828771124576256
198828767806881793
198828770860339202
198828771413987328
198828771376238593
198828771464331264
198828769094545408
198828770180870145
198828771401416704
198828771434958848
198828771703406594
198828771732758528
198828771804057601
198828771820843010
198828771917303809
198828771904724992
198828771552399360
198828772047323136
198828772206706688
198828772248662016
198828772261244929
198828772261249024
198828771636293633
198828772403851264
198828772357709824
198828772458377216
198828772483534848
198828772609372162
198828772697452545
198828772877799424
198828773104304128
198828773217550336
198828772764553216
198828773259485184
198828773242703872
198828773330792449
198828773108482048
198828773477593089
198828773351763968
198828773725044736
198828773636968448
198828775172091905
198828775176290305
198828775163691010
198828775415357440
198828775365025792
198828775453106177
198828775444713473
198828774886879233
198828775654428673
198828774907850753
198828775683784705
198828775310503937
198828775725744128
198828775822200832
198828775952232449
198828776107421696
198828776115810304
198828776174534658
198828776124203008
198828776354873344
198828775830601731
198828776463933442
198828776371650560
198828776468123648
198828776535228416
198828776585576451
198828776430387201
198828776623308802
198828776535240704
198828776010952705
198828776791097344
198828776640098305
198828776610738180
198828776732372993
198828776858189827
198828776904327169
198828776333910016
198828776925298688
198828777193750529
198828777248272385
198828777160196096
198828777420230657
198828777504112640
198828777457991681
198828777374105600
198828777571237889
198828777395068930
198828777286017024
198828777814507520
198828777860644864
198828779307671554
198828779332845568
198828779328651264
198828779362205696
198828779358007296
198828779437694978
198828778800164864
198828778946957312
198828779257339904
198828778896625664
198828779664187393
198828779701940225
198828780045860864
198828780121370626
198828780142338048
198828780515639297
198828780607897600
198828780670824449
198828780716961792
198828780737921024
198828780901515264
198828781111222273
198828781136388096
198828781102833669
198828781102833667
198828781044113408
198828781287374849
198828780725338112
198828781358690305
198828781543239684
198828781618724866
198828781786513410
198828781824262144
198828782113652736
198828782075904000
198828782113660928
198828782172385281
198828781648084992
198828781539049472
198828782348537857
198828782482763777
198828782411464704
198828782889607168
198828782365310977
198828782843478017
198828782948335616
198828783095128064
198828783057375233
198828783120285696
198828783216771072
198828783799779328
198828783611019264
198828783623610368
198828784256954370
198828783690711040
198828783833325568
198828784370196481
198828783938179072
198828784080785408
198828784340832256
198828784357613568
198828784483450880
198828784542162946
198828784512811008
198828784416325632
198828784777039873
198828784923844609
198828784923836416
198828783531343873
198828785074831361
198828785120976896
198828785225842689
198828784504414210
198828785271967745
198828785284550656
198828785301340161
198828785418776576
198828785578164224
198828785741737984
198828785884344320
198828785901121536
198828786224078849
198828786333134850
198828786307973120
198828785930481665
198828786458963968
198828786005979136
198828786488328193
198828786614149121
198828786664472576
198828786681249792
198828786588987392
198828786760949762
198828786907754496
198828787100680193
198828787318788096
198828787272654851
198828787243290624
198828787473985537
198828786584788992
198828787541086209
198828787406868480
198828787046170628
198828787767574528
198828787801141248
198828787922776064
198828787922780160
198828788044402688
198828787973111810
198828787998261248
198828788451258368
198828788358979584
198828788346400770
198828788203782145
198828788522557440
198828788619022336
198828788136681473
198828788593860609
198828788677750784
198828788602241024
198828788732276736
198828788677750785
198828788832944128
198828788753252353
198828789000704000
198828788921016320
198828789080395776
198828789369798657
198828789269147648
198828788187013120
198828789436907521
198828789512421376
198828789575323648
198828789726318592
198828789776650240
198828789843763200
198828789793427456
198828789235593216
198828789847953408
198828790053470208
198828789856350208
198828789642428416
198828790196088833
198828789864742912
198828790720368641
198828790749741056
198828790955257858
198828790883954690
198828791064313856
198828791148187648
198828791735398400
198828791844450305
198828791924133888
198828791848648704
198828791706025985
198828791945109505
198828792054161409
198828792209346561
198828792498749440
198828792054165504
198828791127212035
198828792653946880
198828792674910208
198828792616189953
198828792855277568
198828792762990593
198828792863666177
198828792913993729
198828793048207360
198828792943349760
198828792985296897
198828792070942720
198828793262125056
198828793228566528
198828793157259264
198828793459245058
198828792226127872
198828792511340544
198828793673158657
198828793044025347
198828793874493440
198828793404731393
198828793949995008
198828794268758020
198828794436526083
198828793983549442
198828794570739712
198828794310701056
198828794604290048
198828794239401984
198828794478477313
198828794075824128
198828794931445760
198828794981789696
198828795229253633
198828795279589379
198828795342495746
198828795367661569
198828795552215040
198828795627700224
198828795933884417
198828795975843840
198828796026163202
198828795929698304
198828796139409409
198828796391071744
198828796332359682
198828796332359680
198828795678035968
198828796533669888
198828796508504064
198828796953100289
198828797120884736
198828797267677185
198828797557080064
198828797804560385
198828797871652866
198828797548699648
198828797884235777
198828797997490176
198828797594845184
198828796890185728
198828798152671236
198828797649371136
198828798404337665
198828798341427201
198828798416924672
198828798047817728
198828797607419906
198828798567919616
198828798660190209
198828796231684098
198828798664380417
198828798156877825
198828798664384514
198828798806999041
198828798853124099
198828798907650048
198828799046062081
198828798957977602
198828799058657281
198828798773432321
198828799146733568
198828799339663360
198828799641657344
198828799654248448
198828799729737728
198828799826198529
198828799788457985
198828799457112064
198828800405020673
198828799759089664
198828800484712448
198828800581177346
198828800035921920
198828800816070656
198828800816058368
198828800786706433
198828800891551744
198828800782499840
198828801046757377
198828800845422592
198828800740569089
198828801130631169
198828801172578304
198828801101275136
198828801264844801
198828800665075712
198828801143209985
198828801382285312
198828801659125760
198828801487147010
198828801071919107
198828800635703298
198828801675894786
198828801654931456
198828801772367872
198828802112106496
198828802183405568
198828802384736256
198828802447646720
198828802594447361
198828802552504322
198828802061762562
198828802636390402
198828802737053696
198828802669940737
198828802917416960
198828802460237824
198828802967736320
198828803173265408
198828803135516672
198828802967744512
198828803353620480
198828803370389505
198828803278118912
198828803244556288
198828803462664192
198828803638837248
198828803647213569
198828804377030657
198828804423168000
198828803542351872
198828804309913603
198828804548997121
198828804611899393
198828804649664512
198828804465106944
198828804595130369
198828804448321536
198828804934873088
198828804880343040
198828805073272832
198828805052313601
198828805132001280
198828804758708224
198828804465115137
198828805287190529
198828804834201601
198828805404622848
198828805555634177
198828805027143681
198828805656297473
198828805706616832
198828805593374722
198828805907951617
198828806033780736
198828805413019648
198828806163795968
198828806226718720
198828806000218112
198828806277038081
198828806419644416
198828806629363712
198828806151225345
198828806105079808
198828806172196865
198828806797148161
198828806713249792
198828806876831745
198828806927171587
198828806964903937
198828807044603904
198828807090745346
198828806436425728
198828807304642561
198828807338201088
198828807367557122
198828807371763712
198828806440628224
198828808554545154
198828808508411904
198828808005107713
198828807963148288
198828808567128064
198828808642633729
198828808621670401
198828808839761921
198828808755871745
198828808831381504
198828808885911555
198828808646819840
198828808940429312
198828809145942019
198828809095610368
198828808768466945
198828809301139456
198828809234026496
198828809494077440
198828809494069248
198828809661857792
198828809519247360
198828809670242304
198828809649270786
198828809804464129
198828809401802753
198828810068692995
198828810131603458
198828810341322752
198828810408439808
198828810693648384
198828810815275009
198828810723008515
198828810072899584
198828810987245568
198828810945306624
198828811041783808
198828811075325953
198828811100504066
198828811276664832
198828811079520256
198828811427647489
198828811540905984
198828811721244672
198828812073566208
198828810894966785
198828810605572098
198828812279099392
198828812467847168
198828811813523457
198828812669157377
198828812602052609
198828812732071936
198828812706906112
198828809288552448
198828812211978242
198828812778221569
198828813159899137
198828813008904192
198828813164085248
198828812883070977
198828813298315264
198828813340254208
198828813499633665
198828813315084288
198828813575139328
198828813667414017
198828813612892160
198828813575127040
198828813734514690
198828813835182080
198828813390577664
198828812698521602
198828813981986817
198828814023921664
198828813898096640
198828814032310272
198828813990367233
198828814132973570
198828813826789376
198828814078459904
198828812962766848
198828814443360257
198828814468521985
198828814367854592
198828814531440640
198828814665658368
198828814145564672
198828814816649217
198828814778900481
198828814804074496
198828814795669504
198828814619508737
198828814447558656
198828814774706177
198828814967644161
198828814846013441
198828814564986881
198828814636290050
198828815231889410
198828816888627201
198828817073176576
198828816746020864
198828817136095232
198828817295474688
198828816385314816
198828817408724993
198828817232576513
198828817370988544
198828817521975296
198828817643618304
198828817601658881
198828817849126913
198828817865912321
198828817983356929
198828817991745536
198828817702326272
198828818197254144
198828818306318336
198828818436325377
198828818436329473
198828818365030401
198828818549579776
198828818499248128
198828817891069952
198828818675417089
198828818528608256
198828818448908288
198828818809618432
198828818922881024
198828818872545280
198828818599919618
198828819417792512
198828819547815937
198828819082252288
198828819686227970
198828819711410177
198828818981597184
198828819820445696
198828819552022528
198828819799482368
198828819866587136
198828819975634945
198828819916922880
198828819703017472
198828819942084608
198828819719782401
198828820076314625
198828819560402944
198828820143415296
198828821112299521
198828820705443840
198828820856451072
198828821133266944
198828821435265024
198828821514952706
198828820659310592
198828821640785920
198828821573668866
198828821607231489
198828821137457152
198828821204578304
198828821640790016
198828821837918209
198828821934383106
198828821921792000
198828822022467585
198828822131523585
198828822056017921
198828822152486913
198828822064406529
198828822232174593
198828822395764737
198828822509002752
198828822605463552
198828822676770817
198828822525788160
198828822664196098
198828822072791040
198828823196864512
198828822710329345
198828823092002816
198828822462869505
198828823314317312
198828823389810688
198828823276564480
198828823490473985
198828823284953091
198828823591129090
198828823654055936
198828822773252096
198828823746326528
198828823771492352
198828823410782209
198828823956045825
198828823427547136
198828823742119937
198828823872159744
198828824098648065
198828824065089537
198828825361129473
198828824979443714
198828825365319682
198828825470189568
198828825029771264
198828825596014593
198828825860259840
198828825797332992
198828825931550722
198828825403076608
198828825969307648
198828825726025732
198828826212564992
198828825461796864
198828826237743104
198828825965101056
198828826359369728
198828826539724801
198828827147898881
198828827189854211
198828826745257984
198828827185647616
198828827286315008
198828827235975168
198828826816561152
198828827437318145
198828827433111553
198828827542171648
198828827491844096
198828827428925440
198828827512811521
198828827638640642
198828827751874560
198828827160481793
198828827785445376
198828827890298881
198828827923841025
198828828267790336
198828828397809666
198828827798028288
198828828120977408
198828828611723264
198828828636884992
198828828079030272
198828828754329600
198828828712378371
198828828943069185
198828828477497344
198828828984999936
198828829031149569
198828829626732544
198828829593182209
198828829609951233
198828829467357184
198828829786112000
198828829899362304
198828829895172096
198828829974872064
198828829685460993
198828830067138560
198828830008418305
198828829949702146
198828830192971777
198828830285250560
198828830385897472
198828830402674690
198828830000029699
198828829962272768
198828830956335104
198828830734028801
198828830885031936
198828831044411392
198828831031828480
198828831153455106
198828831149273088
198828831182831616
198828831426101248
198828829144391682
198828831505780736
198828831480610816
198828831623229442
198828831656771584
198828830427844609
198828830805331969
198828831841325057
198828831841325056
198828832025878528
198828831363182592
198828832004898818
198828831220572160
198828832118153219
198828831694524417
198828832151707648
198828832243986432
198828832336252928
198828832076218370
198828832441122816
198828832415952896
198828832436928512
198828832659218432
198828833745547264
198828833825243136
198828833435172865
198828833888153601
198828833275772931
198828833854599168
198828834043330561
198828833686814722
198828833435172866
198828834072698880
198828833271582720
198828834190143489
198828834236276738
198828833691009024
198828834596990976
198828834861219842
198828834982858752
198828835024797696
198828835070951425
198828835167408129
198828835159023616
198828835209355265
198828834659897344
198828835356164096
198828834391461889
198828835100307456
198828835523932161
198828835452620800
198828834945118208
198828835502956544
198828835662348289
198828835733639168
198828834794110977
198828836023058433
198828836140490754
198828836283088897
198828835905613825
198828836660584449
198828836618637312
198828836652199936
198828836639617024
198828836819972096
198828836408926208
198828836962566145
198828836698337280
198828836677353474
198828837205839872
198828836962566144
198828837226819585
198828837231009794
198828837851770880
198828837990187008
198828837759483904
198828837222612993
198828837952434176
198828837788848128
198828837574938624
198828837520416768
198828838325727232
198828838371864577
198828838594162689
198828838812258307
198828838803881984
198828838761938947
198828838862589953
198828838992625665
198828838787096578
198828839139409922
198828839118454785
198828839223304192
198828838837436416
198828839386882048
198828839479156738
198828839412047872
198828839407849472
198828839433023489
198828839663702017
198828839827288064
198828840041201664
198828840171220992
198828840259301376
198828839554662401
198828840477409281
198828840712273921
198828840586461185
198828840229933057
198828840565481472
198828840246718466
198828840972320769
198828841005879297
198828840238329856
198828840926183424
198828840578060290
198828840989102082
198828840976527360
198828841249144833
198828841387573249
198828841446293504
198828841534361600
198828841672773632
198828842067042304
198828841563717633
198828841525968897
198828841685364737
198828842318708736
198828842780082176
198828842650046465
198828842205454337
198828842188681216
198828842834591744
198828842973007872
198828842973007874
198828843291770881
198828843132391424
198828843438575616
198828843052707840
198828843539234818
198828843799289856
198828843807674368
198828843216273409
198828843908341761
198828843258232833
198828843954487297
198828843908345857
198828843312758789
198828844000616448
198828844009013248
198828843694432256
198828843451162624
198828843782504449
198828844352937985
198828844331970560
198828844449398784
198828844428427265
198828844428435456
198828843958673409
198828844701065217
198828844277440512
198828844801728514
198828844269047809
198828844889817089
198828845007245345
198828844516524033
198828845267288065
198828845007245371
198828845233745922
198828845326008320
198828845250514944
198828844445212672
198828845338595328
198828846630449152
198828846592692225
198828846408142848
198828846525591553
198828846714331136
198828846705934336
198828846735294464
198828846173257728
198828846756270081
198828846848552961
198828846517194754
198828846898872321
198828846907260929
198828847108603904
198828847028899840
198828847108591616
198828846697558017
198828847477702659
198828847536422915
198828847146352640
198828847263780866
198828847800664064
198828847226028032
198828848329134080
198828848379478017
198828847813242880
198828848358502402
198828848140402688
198828848127811584
198828848551432194
198828848610160640
198828848685662209
198828848559816704
198828848429797376
198828848777920513
198828848337518593
198828849180585985
198828848677265408
198828849465786368
198828849365131264
198828849537089536
198828849008611328
198828849616789507
198828849461608448
198828849637756929
198828849767792641
198828849230917632
198828849742618624
198828850136879105
198828850103320576
198828850644398082
198828849616781312
198828850254319616
198828850858299392
198828849939755009
198828847435759616
198828850866700289
198828850841518083
198828850334007296
198828850468225026
198828850623414272
198828851256758272
198828849008607232
198828851558748160
198828851453886464
198828851227406336
198828851718127616
198828851441319936
198828851764273153
198828851458088960
198828851797831681
198828852020121601
198828852485693440
198828852586364928
198828852703801346
198828852699598848
198828852766707712
198828852754137088
198828852770910209
198828852796076032
198828852968042496
198828852900937728
198828853014175744
198828853106458624
198828852997394432
198828852783480832
198828853500723200
198828853584605184
198828853693644802
198828853773352960
198828853819486210
198828853991452673
198828854075326464
198828853819482113
198828853559431170
198828854251491330
198828854314405888
198828852905119745
198828854339567617
198828854708674560
198828854763208704
198828854805135361
198828854930976768
198828854989697026
198828855010668544
198828855073579009
198828855144873984
198828855170048000
198828855258136577
198828855316856832
198828855459459073
198828855249747968
198828855543332865
198828854880636929
198828855618846722
198828855765643265
198828855799185408
198828855803387905
198828855442685952
198828855748853760
198828855962779648
198828856092790785
198828856122150914
198828856294117377
198828856092790786
198828856298311680
198828855782412288
198828856419954689
198828856373817344
198828856608702467
198828855933407232
198828856285732864
198828856839376898
198828856671600640
198828857112002560
198828857313333248
198828857518858240
198828857170735104
198828857837625347
198828857841827840
198828857233649666
198828858147995649
198828858152198144
198828858563244032
198828858374500352
198828858613575680
198828858550652928
198828858705842177
198828858600992768
198828859330793472
198828859280470016
198828859263692802
198828859427274755
198828859586650112
198828858861035520
198828859641184258
198828859716673536
198828859913809920
198828859884449794
198828859838308352
198828859112697857
198828859578261504
198828860027052033
198828860345827328
198828860048023554
198828860245159937
198828860391952384
198828860480036866
198828860488425473
198828860542947329
198828860828172288
198828860765253634
198828860719112195
198828860685565952
198828861205647360
198828861310509056
198828861214040066
198828861419569153
198828861436342272
198828861587337217
198828861683810304
198828861616697344
198828861381816322
198828861125959683
198828861788651520
198828861897711616
198828861910286336
198828861847379971
198828861088202753
198828862099030018
198828862132592641
198828862233247745
198828861822222336
198828862526857217
198828862707220480
198828862531059712
198828862866595841
198828862971461632
198828862723997697
198828863143424002
198828863118249984
198828863013400576
198828863483158529
198828863273451520
198828863323770881
198828863256670208
198828863579627520
198828863206338564
198828863663521793
198828863747395584
198828863818694657
198828863864840193
198828863172788226
198828863986479104
198828863969705984
198828864208764930
198828861197271040
198828863906783236
198828864267501568
198828864393314306
198828863856443392
198828864544309249
198828863999049730
198828864196182018
198828863961313281
198828863999049731
198828864716292096
198828864145858560
198828864397524994
198828864456241154
198828864561086464
198828864972136448
198828864951160832
198828865035046916
198828864816939008
198828865299283971
198828865395769345
198828865500622848
198828865328652288
198828865248956416
198828865886494720
198828865987149824
198828865991352320
198828865995546624
198828865148301312
198828865307672576
198828866041683968
198828865366396928
198828866117181440
198828867295776769
198828867337715712
198828867539058689
198828867606159361
198828866679222273
198828867677454337
198828867685855232
198828867635527682
198828867656495105
198828867786514434
198828867773935617
198828867299966977
198828867853627393
198828867899768832
198828867899756544
198828867954278400
198828867769745410
198828868503736321
198828867664871424
198828868184969217
198828868092694528
198828868570849280
198828868679901185
198828868415660032
198828868604399616
198828868474384384
198828868591820800
198828869011259392
198828869254524928
198828869455839235
198828869409710080
198828869116104704
198828869564891138
198828869338406913
198828869862686721
198828870055624705
198828870084997120
198828870038847490
198828869946585088
198828870026276864
198828870089191425
198828870043054082
198828870160490497
198828869703319552
198828870265352192
198828869552316416
198828870328270848
198828870349242368
198828870504431616
198828870546358272
198828871401996288
198828871389421568
198828870999355392
198828870953222144
198828870475071490
198828871586557952
198828871498481664
198828871599128576
198828871397801984
198828871641075712
198828871624302593
198828870969999360
198828871397814273
198828871821443074
198828871569780736
198828871662051329
198828872039546880
198828871435563008
198828872106651648
198828872098267136
198828872131817472
198828872098263041
198828872140201985
198828872278605826
198828872043724801
198828872744189952
198828872643518464
198828872849039360
198828872727400448
198828872337342464
198828872798699520
198828872979070976
198828872974876672
198828872903565314
198828873104891904
198828873062944770
198828873226534917
198828873167806464
198828873117470721
198828873125859329
198828873276862465
198828873423650817
198828873373323265
198828873570455552
198828873717256192
198828873612398592
198828873918595074
198828873830498305
198828874015051776
198828874199597057
198828875671810048
198828875696971778
198828875755692033
198828875948638209
198828875952820224
198828876040908800
198828876166725633
198828875743117312
198828875462090752
198828875541790722
198828876292567041
198828876313530368
198828876024127488
198828876347092993
198828876435169280
198828876611334145
198828876716183554
198828876221259777
198828876691021824
198828876900741120
198828876560994304
198828876921712640
198828877114654721
198828877118849024
198828877081083904
198828877345341440
198828877496324097
198828877114650625
198828876888158208
198828877181763585
198828877634748416
198828877114650626
198828877840269313
198828877810900992
198828877739606018
198828877785731074
198828877789933568
198828877852844032
198828878058364928
198828877601181697
198828878058369025
198828874505785344
198828878112886784
198828878393909248
198828878549102592
198828878121279489
198828878884646913
198828877932535808
198828878884651008
198828878851096576
198828879803203586
198828879861915649
198828879798992897
198828879991930880
198828880042262528
198828880390402048
198828880625283072
198828880683995137
198828880717545475
198828880717557760
198828880751099904
198828880860155905
198828880398790658
198828881015357441
198828880491053059
198828880457510913
198828881132793856
198828881279590401
198828881334124545
198828881669664769
198828880050655233
198828882047143937
198828882097487872
198828882021990401
198828881388638209
198828882080698368
198828881422188545
198828882575638528
198828882646929408
198828882823086080
198828881355096067
198828883020230658
198828883032801280
198828883162841088
198828883246718976
198828883234140160
198828883422887937
198828883418681349
198828883506761729
198828883456442370
198828883523547137
198828883636785156
198828883624206337
198828883112501248
198828883108298753
198828883271876608
198828883573866497
198828884047826944
198828883582259201
198828884215603201
198828884492431361
198828884542754820
198828884538572800
198828884769255424
198828884718919680
198828884760862721
198828884957990912
198828884920254465
198828885100609537
198828884475658240
198828885176090625
198828885356462080
198828885226426368
198828885356453891
198828884991541249
198828885507444737
198828885851373568
198828885339676672
198828885046075394
198828885394206720
198828885977210880
198828885893316608
198828886044327936
198828885402591232
198828886174334976
198828886212083713
198828886207905792
198828886325338113
198828886308556800
198828886388256770
198828885876543488
198828886576988162
198828886556028930
198828886757351425
198828886799298560
198828886803496960
198828885964623873
198828886656688130
198828886333734913
198828886962872320
198828886992224257
198828887193563136
198828887059333120
198828886602166273
198828887390699522
198828887298420737
198828887378104320
198828888212766720
198828888342806529
198828888405708800
198828888330207233
198828888388943872
198828888456040450
198828888766414850
198828888644792320
198828888862900227
198828888799977473
198828889013878784
198828888711897089
198828889294909440
198828889294905344
198828889399767041
198828889592709121
198828889634648064
198828889781440515
198828889970188288
198828890112794625
198828890251198464
198828890104401920
198828890553196544
198828890574168064
198828889416536064
198828890523840513
198828890658062338
198828890846797827
198828890158927873
198828890393821184
198828891018768384
198828890993590273
198828890280570880
198828891299790850
198828890733559809
198828891383676929
198828891270426624
198828891530465280
198828891639517185
198828891849236480
198828891249446913
198828891748569088
198828891371081729
198828892042178561
198828891140403200
198828891786321920
198828892117680128
198828891765342210
198828892222529536
198828892293840899
198828892369326081
198828892511928320
198828892558069760
198828892730048512
198828892423852033
198828892721651713
198828892256083969
198828892881031168
198828892214145027
198828892570660864
198828892490969088
198828893145276416
198828893409513472
198828893346594816
198828892147023872
198828893334011904
198828893644406784
198828893644406785
198828893673750531
198828893522763777
198828893187223553
198828893350793219
198828893812162560
198828893963173888
198828894126751744
198828894055440384
198828894160306177
198828894202241025
198828894156111874
198828894143524865
198828894219022336
198828893795393536
198828894361620480
198828894428733441
198828894323867648
198828893870882817
198828894571347969
198828894579736578
198828894739107840
198828895179505664
198828895083044864
198828895301156864
198828895334703104
198828895573774338
198828895036911617
198828895695413248
198828895242428416
198828895959650304
198828895825428482
198828895892549632
198828896710438915
198828896089669632
198828896681066496
198828896802709504
198828896781737985
198828896697860097
198828896395866112
198828896949514240
198828896622350337
198828897075339264
198828896798507009
198828897192779776
198828896475561987
198828897503162369
198828897641574400
198828897670930432
198828897750614016
198828897880637440
198828897574453249
198828898216189953
198828898132303874
198828898501394432
198828898606252032
198828898623037441
198828898111336448
198828898509795328
198828898232967168
198828898933424128
198828898258124801
198828899025686528
198828899239604225
198828899218620416
198828898702725120
198828899453505536
198828899440926720
198828899520622593
198828899067641859
198828899889717248
198828899864551424
198828899948445698
198828899352850432
198828899126362113
198828900015542272
198828899864551426
198828900233654273
198828900229459968
198828900304945152
198828900212682754
198828899898097664
198828900585967616
198828900745347073
198828900850204674
198828901252866048
198828900657274880
198828901332557825
198828900686639104
198828901227708416
198828900866998272
198828901802311681
198828901823295488
198828901806505984
198828902007848960
198828901907185666
198828902595051520
198828902620205060
198828902565691394
198828902699909121
198828902007844866
198828902951550977
198828903190634496
198828902683131904
198828903194832896
198828902976716800
198828902523740160
198828902850904066
198828902825721856
198828903412928512
198828903584907264
198828903203213312
198828903127719937
198828903807193089
198828902741839874
198828903782039552
198828903106752512
198828904222429184
198828904188882945
198828904188878848
198828904167899136
198828904247607299
198828904318906369
198828904469897216
198828904360849409
198828904536997888
198828904939651074
198828904784478209
198828904943849473
198828905061285888
198828904440545280
198828904809631744
198828905476530176
198828905103241217
198828905082257408
198828905212297216
198828905916932096
198828905195511808
198828905115811841
198828905275195393
198828905413611520
198828906202152961
198828906319581184
198828905946292225
198828906319585281
