198824376819396608
198824377192693760
198824377305927680
198824378153177089
198824378685849600
198824378681655296
198824379986100224
198824380212588546
198824379780571137
198824380678144000
198824380996919297
198824380699119616
198824380833341441
198824382775308288
198824383475748864
198824383559639040
198824383836459008
198824384432046080
198824384360755201
198824383123427328
198824385572904960
198824386134941697
198824386168500224
198824386294333440
198824385287692288
198824385824567296
198824385430290434
198824386600517632
198824386634059777
198824386885718017
198824387284176896
198824387581984769
198824388211118080
198824387191914497
198824388538269696
198824387544236032
198824388504719360
198824388471173120
198824389637177345
198824389628801024
198824390362808323
198824389461020673
198824390270533633
198824390392164354
198824389783994372
198824390304088064
198824390455070720
198824390937415681
198824392174743554
198824392577400833
198824393152012289
198824394456432640
198824394607435776
198824395270139905
198824395295293443
198824395337248769
198824396582957056
198824396847185920
198824397035937792
198824397409222657
198824399107932160
198824398994681857
198824399036616704
198824396935282691
198824400580116480
198824401779703810
198824402429808642
198824401909714944
198824402773749761
198824402853433346
198824402996035585
198824402605969408
198824403847479299
198824404141088769
198824403943960578
198824404145274881
198824406036922369
198824403323207680
198824406133379073
198824406498291712
198824407320371200
198824406519267329
198824408008245248
198824407865638914
198824408486387712
198824408410898434
198824409467858944
198824408788377601
198824409987956737
198824410604515331
198824411321729025
198824412479356931
198824413569888256
198824413527949312
198824413540519936
198824414001901568
198824414127726593
198824413901242368
198824413578268674
198824414274535425
198824414731714561
198824414970773504
198824415109189632
198824414823989248
198824415998386176
198824415495069698
198824416635912192
198824416786911232
198824417013403648
198824418821156866
198824419026665472
198824419446095872
198824420838608896
198824421312561153
198824421744590848
198824422407282689
198824422721851393
198824422608601089
198824419517415425
198824422872846337
198824423388758016
198824422872846339
198824423267110912
198824423711707136
198824424227602433
198824424336666624
198824425301360641
198824425586573312
198824426106658817
198824426526081024
198824426983272449
198824427104894976
198824427281055745
198824429038477312
198824428493217792
198824429516623874
198824429218832384
198824429747318785
198824428644220928
198824431722840064
198824432280682497
198824433278926848
198824432846909440
198824432557494272
198824434033901568
198824433702535169
198824434516230144
198824435048906752
198824435342516224
198824435791310850
198824436084916224
198824435770343424
198824435560615936
198824436504338432
198824437095727104
198824437053792257
198824437397725184
198824437586468865
198824437049597952
198824437188005888
198824437896847360
198824438362423296
198824438760882177
198824439184490496
198824439998189568
198824440224690177
198824440484737024
198824440371486721
198824440442789889
198824441604608000
198824442959364096
198824442850312192
198824443101986817
198824442724483072
198824444603547648
198824448508436481
198824448613298176
198824449296973824
198824449531842560
198824449691230208
198824449229856768
198824450173575168
198824449401831425
198824450618179584
198824448873345024
198824449355681792
198824450714632194
198824452056817665
198824452040036352
198824451557687299
198824451561889792
198824452648218624
198824452774039552
198824453109579776
198824453281550339
198824452946001921
198824453411569664
198824453659049984
198824453646450689
198824454007164929
198824453818429441
198824454506295297
198824454510485504
198824454728589315
198824454703423489
198824454174949376
198824454946684928
198824455437418496
198824455986880512
198824456108515331
198824455907188737
198824455617781762
198824456699912192
198824456657965056
198824458214060032
198824458818035712
198824460067934208
198824460332171265
198824460579647488
198824460495753217
198824460537704449
198824460629979140
198824460520927232
198824462186053632
198824461787611136
198824460973916160
198824462181863424
198824463045890048
198824461829554176
198824463301754880
198824464216113152
198824464803311616
198824465138855936
198824464627146752
198824465784770560
198824464362913792
198824466795593730
198824467315699713
198824467756105729
198824467844182017
198824468422991873
198824468821458944
198824468892749824
198824468766924800
198824471103148033
198824471187030017
198824471677767680
198824471954595841
198824471904272384
198824471728099328
198824472214646784
198824473053511680
198824473162559488
198824473124814851
198824473460342786
198824473963671552
198824473963663360
198824473447772160
198824474559258625
198824475054182400
198824475934990336
198824475276480512
198824475725266945
198824476127936512
198824477054865408
198824477080035328
198824477604323329
198824477323296768
198824477545598977
198824479286235138
198824479433039872
198824480053788673
198824480657776640
198824481073012736
198824481551159296
198824481614077952
198824481978974209
198824481983184899
198824482310340608
198824481714749441
198824483136602112
198824483082092544
198824483086286848
198824483715428352
198824484160012290
198824484193566720
198824483593793536
198824481794424832
198824485204406273
198824485032427523
198824485539938304
198824485888069632
198824485745471488
198824485363785729
198824486877921280
198824487326724096
198824487238631425
198824488127823872
198824489625202688
198824489344172034
198824490317262848
198824490476646400
198824491219034112
198824491672010752
198824489168019456
198824492724797440
198824493014204416
198824492632514560
198824486039060480
198824493857243136
198824493928550400
198824495576924160
198824495778250752
198824495220404225
198824496122167297
198824495656615936
198824496243814400
198824496361246722
198824496323510273
198824496772292610
198824497200107520
198824497971859457
198824497585979393
198824498206736385
198824498450010112
198824498689089538
198824499905445888
198824498890407938
198824500064825344
198824501100810240
198824501352480768
198824500983377920
198824502069698560
198824502149386240
198824501990002690
198824502279421952
198824502514302976
198824503424458753
198824503294427136
198824504510787586
198824504393342976
198824503701291008
198824504800182273
198824503965523968
198824505148313600
198824504783421440
198824505634848768
198824505752293376
198824504112320513
198824506809270272
198824507354529793
198824507253862400
198824506779893762
198824508042379265
198824507832676352
198824508247904256
198824508193390592
198824507979481088
198824508772188161
198824508172406784
198824508742836224
198824508818333697
198824510001127425
198824509820780546
198824509762048000
198824510974210048
198824510735134720
198824510621880320
198824510869344256
198824511905349632
198824512073105408
198824512161185794
198824512270254080
198824511779512320
198824512144420865
198824512362520576
198824512517705728
198824513276878850
198824513880866816
198824513520152578
198824515424358401
198824517534101504
198824517743816704
198824518293258240
198824519866134530
198824519543164928
198824520616919040
198824520876965889
198824520721772544
198824521086668801
198824521988440065
198824521782927364
198824522433036289
198824523129294849
198824523771031553
198824523481628674
198824524047843330
198824524077215744
198824524605698050
198824524383391746
198824524446314497
198824523246747648
198824524693778432
198824525184512000
198824525469728768
198824525251620864
198824525335506944
198824525742354432
198824525784285184
198824527164219392
198824526681866240
198824527294234624
198824527449432064
198824528397344768
198824528653201408
198824528762241024
198824529429143552
198824530121207809
198824530704220160
198824531249479682
198824531484348416
198824532138663936
198824533204017153
198824533493415936
198824533707329538
198824533002694656
198824533963177984
198824532943970304
198824533292105728
198824534105792512
198824534449733632
198824534172909569
198824535326326784
198824535573807104
198824536572043266
198824536966316033
198824537423482881
198824537578676224
198824537767411712
198824538065211393
198824537788395521
198824538451091456
198824538413350912
198824539206070273
198824539243810817
198824539206074369
198824539625488384
198824538887307265
198824535846436864
198824537062780928
198824540485337088
198824540669878272
198824540862820352
198824541470998528
198824541911400448
198824542037217282
198824541768777728
198824542041415682
198824542678958080
198824542842519552
198824545816289280
198824546806153216
198824548479676416
198824548504846336
198824549117206528
198824549322719235
198824548890714113
198824549444370434
198824548941045760
198824549578571776
198824549637300224
198824551398907904
198824551977717760
198824551994490880
198824552292302849
198824553177296896
198824552917237760
198824553319907328
198824553437339649
198824553231810560
198824554079072257
198824553017905152
198824554712416256
198824555421245440
198824554989240320
198824555920359425
198824556029427712
198824557002498048
198824557501616130
198824558097219584
198824558172704768
198824558210449408
198824557774254081
198824558730547200
198824559170945026
198824559447773186
198824559472934912
198824559917539328
198824560794140673
198824561167433730
198824561184219136
198824560773181440
198824561624629250
198824561490395136
198824560911581185
198824561544921088
198824561817567232
198824562601889792
198824562652221441
198824563579170816
198824563797278720
198824563549802497
198824565139443712
198824565776973824
198824566372577280
198824566490009600
198824566225776643
198824566380969985
198824566963978240
198824567412752385
198824567622471680
198824567693783040
198824568306143232
198824568541036544
198824568700411904
198824569111445504
198824568700407809
198824567857364993
198824569988067328
198824570147454976
198824571518992385
198824572789866496
198824572550787072
198824573158952963
198824573402222592
198824575117705216
198824576363405313
198824576715735040
198824576224997376
198824577432944641
198824577516834817
198824578175336448
198824577760108545
198824578598961152
198824579093901313
198824578968064002
198824579660124160
198824579962118144
198824575792979970
198824578569605123
198824578741575682
198824580075372545
198824580641603585
198824580977131520
198824581572734976
198824581845356546
198824581308489729
198824582575165440
198824579467182081
198824583288193025
198824584470994944
198824584269664258
198824586094190592
198824585494409218
198824585456648193
198824586136125440
198824587805474817
198824587776098304
198824589046972416
198824588946325505
198824589122469891
198824588736606208
198824589336395776
198824589919399937
198824590368182272
198824590284300289
198824590410129410
198824591077031937
198824592293371904
198824592566001664
198824593002201089
198824586509430784
198824593316773888
198824594013036544
198824594084343809
198824594625396736
198824595309076483
198824594805751809
198824594788978689
198824596777082880
198824597213294593
198824597699821569
198824597670477826
198824598882623488
198824598467387392
198824596563165184
198824599729881088
198824600543576064
198824600103174144
198824600191254528
198824600895889408
198824601160138754
198824601122385921
198824601395019776
198824601978028032
198824602712023040
198824602439401472
198824603617988608
198824604876283904
198824605241184258
198824604649799680
198824605698363392
198824605840969729
198824606218469376
198824606361075714
198824606419783680
198824606679826432
198824607556444162
198824607808110594
198824607162187777
198824607787134976
198824607782936576
198824607896178689
198824608005242881
198824608084918274
198824608789573633
198824608693108736
198824609133510656
198824609389363202
198824608915402752
198824609724899329
198824610760888320
198824611390038016
198824611448754176
198824610744119296
198824610928672768
198824611679444993
198824612719628289
198824613009031170
198824612937740289
198824613185208322
198824614443495424
198824615538200577
198824615097806850
198824616653881344
198824617220128769
198824617379504129
198824617471774720
198824615911497728
198824618142867456
198824619053035521
198824619074011136
198824618331602944
198824615974420481
198824619157889024
198824619904466945
198824621867405312
198824621158576129
198824621984858113
198824621078888449
198824622559473664
198824622861467649
198824622320386048
198824622907588611
198824622882435072
198824623364771840
198824624421736448
198824624920866816
198824625348689921
198824625235443712
198824625738743809
198824624841170946
198824625893949441
198824626007195650
198824626573414402
198824626309177345
198824626904764418
198824627399704577
198824627580059648
