198798959085498371
198798959098073088
198798959270035456
198798959681077248
198798958053687297
198798961664999424
198798961790820352
198798961623044096
198798962088607744
198798961480433664
198798962562568193
198798963502092288
198798964630364160
198798965267906560
198798965104324609
198798965511168000
198798965368553472
198798966454894593
198798966882697216
198798968304566273
198798969181175808
198798970099744768
198798969961316352
198798970846330880
198798966706536451
198798971093790722
198798971668398080
198798971148312576
198798972217851904
198798972859596800
198798973224493057
198798970552717314
198798973463564289
198798974029807617
198798973622947840
198798974306615296
198798974403100673
198798975661391872
198798975195807745
198798976026288130
198798976525410304
198798977137782786
198798977154551808
198798976668012545
198798977074860034
198798976663818240
198798978828075009
198798979083927552
198798979725656064
198798979968942080
198798979947970560
198798979486593024
198798980753276929
198798980371578880
198798981244010498
198798981319507968
198798981449527296
198798982074474496
198798982477119491
198798982531653633
198798983689281538
198798983227912193
198798983718645760
198798984213573632
198798984515559424
198798984465227776
198798985639632896
198798986486882304
198798986780483584
198798986814029824
198798986650456064
198798987199913988
198798987405426690
198798986906320896
198798988244291585
198798986172313600
198798988802134016
198798990026874880
198798989288685569
198798990224003074
198798990765076480
198798992216293378
198798992371482624
198798991989800960
198798992916742145
198798993130668034
198798993520734208
198798993717870592
198798994577690624
198798995211026432
198798995659825155
198798996079247361
198798995538194432
198798996876177408
198798997190742016
198798997253668865
198798998948151296
198798999128518658
198798999564713988
198798999791206401
198799000235819009
198799001447964674
198799001850613761
198799001540231169
198798999656988674
198799002437812227
198799002601402369
198799002970497024
198799003129880577
198799001779318784
198799003620618240
198799004186836992
198799004107157504
198799003071164416
198799003939389440
198799004459483136
198799004367192066
198799005294149632
198799005755518976
198799007613599745
198799008850907136
198799008548917249
198799009748484096
198799009769459716
198799009228398592
198799010075643904
198799010176307200
198799010486697984
198799011405246465
198799011455569920
198799011526873088
198799012478992386
198799012168609792
198799012747411456
198799013162663937
198799013498191872
198799013842124803
198799014676791297
198799015167541250
198799016107057153
198799016476155906
198799016270639105
198799013926014985
198799017591836672
198799017054961665
198799019374415872
198799019475087361
198799019357634560
198799019575738368
198799019307315200
198799020091650050
198799019806425090
198799020167143424
198799021807108097
198799022025211904
198799022088130561
198799022130069505
198799022637596672
198799022755020801
198799023241568257
198799024076238850
198799023304486912
198799023782637568
198799025007378433
198799025821057024
198799027754647552
198799028148912128
198799028039856128
198799028681580544
198799029042298881
198799030145392641
198799029797257217
198799029604327424
198799031135252482
198799032007659520
198799032062185472
198799032443867138
198799032267718657
198799033546969089
198799033601507328
198799035031764993
198799035270823937
198799036113883137
198799035933523968
198799035820290048
198799036009029632
198799035879002114
198799036944367617
198799037162455040
198799037783228416
198799037862907904
198799038445916162
198799038441734145
198799038815027201
198799038097788928
198799039108628480
198799039607738368
198799036822724609
198799040127836160
198799035279224833
198799039909724161
198799040153001984
198799040572424193
198799040736006144
198799037036642306
198799041771995136
198799042749272064
198799042946416640
198799042665394176
198799043680411648
198799044007567360
198799044510883842
198799044347314178
198799044963868673
198799045030977536
198799044892561408
198799045332959232
198799045307801600
198799045593022465
198799046423486464
198799046788386817
198799046884855808
198799047019077633
198799047090380801
198799048277372929
198799048537407489
198799048948465666
198799049002987520
198799048516444160
198799048839409670
198799049640509440
198799049342722049
198799049107836929
198799050299031554
198799051163041792
198799051888672768
198799052496830465
198799053683830784
198799053864173568
198799053448949762
198799054724009984
198799054925344768
198799056124907520
198799056305270784
198799055697092608
198799056343011328
198799056791814144
198799057429340161
198799057454501888
198799057290932224
198799058670845952
198799058305953792
198799059421626369
198799059765575680
198799059849449472
198799059597795330
198799060914806785
198799060214358017
198799060885450754
198799061497806848
198799061963386880
198799061845942272
198799062441529345
198799062558969857
198799062747721728
198799063674650626
198799064467386368
198799063951486979
198799064643543041
198799064886804480
198799062579937282
198799067248209921
198799067285962753
198799067013328896
198799067696992257
198799068053520385
198799068233859073
198799068703621120
198799069504741376
198799069332770817
198799069789962241
198799069903204352
198799067835400192
198799071358623744
198799072050679808
198799072545611778
198799073422229504
198799074340782080
198799074428846080
198799074558873601
198799074332385280
198799076177879043
198799076194652160
198799077968846852
198799079738834944
198799079873056768
198799080380567552
198799080170856448
198799081383010304
198799081936658432
198799081626271744
198799082813272066
198799083312394241
198799083303993345
198799083744403456
198799084088336384
198799084709097475
198799084906233857
198799085107544064
198799085405351936
198799085250150400
198799085334044674
198799086084816898
198799086940459010
198799086869168130
198799087389253632
198799087724802049
198799088341364738
198799088651739137
198799088618180609
198799088802742273
198799088421052416
198799089343807490
198799090300100608
198799090925043714
198799091352875008
198799091763912704
198799089645797376
198799093047361536
198799092359495681
198799093278048256
198799093710065664
198799093915590656
198799094834135040
198799095501045761
198799096268603392
198799096763518977
198799096578977792
198799098193784832
198799098319601664
198799097765957632
198799098617413632
198799098361556992
198799097354919936
198799094737666048
198799099032633344
198799099896659969
198799100878131202
198799100194463744
198799100102184960
198799101746356225
198799102434213888
198799102430031873
198799103122096128
198799102241284096
198799103302438912
198799103403114496
198799103617024001
198799104653000705
198799104770445312
198799104296501248
198799105986793472
198799106188124160
198799105923874816
198799106431393792
198799106657886209
198799108004249600
198799107660333056
198799108801167360
198799109220610048
198799109338038272
198799109971394560
198799110764101632
198799112005619714
198799112563462144
198799112148238338
198799113788198912
198799114526408706
198799114622869504
198799114270547970
198799114476077057
198799114652225537
198799114945830912
198799116531286017
198799116900368384
198799117756018688
198799117554688001
198799115486900225
198799118167048193
198799118624243712
198799118875893761
198799119249195008
198799119836393472
198799119970611201
198799120633311233
198799121396666368
198799120922705921
198799121614782465
198799121635737601
198799122143260673
198799122147450881
198799121879019520
198799123669991425
198799123284107265
198799123388956672
198799124672425984
198799120314544131
198799125293178881
198799125494513664
198799125733572609
198799126475972609
198799125628719104
198799125813280768
198799126371115008
198799126526312451
198799126715043840
198799127847518208
198799127033815040
198799129114181633
198799129495875584
198799129231638528
198799130028548096
198799130099843073
198799130963873792
198799130942902273
198799131047763968
198799130913538049
198799130800291840
198799131454615552
198799132150857728
198799132243148802
198799133052633089
198799133673390080
198799134881349632
198799136580046848
198799136957534209
198799138752692225
198799138920476672
198799139281178624
198799138773676034
198799139344101376
198799140346535937
198799140493340673
198799140346540034
198799141147648002
198799141558693888
198799141688717313
198799142368182273
198799142661795841
198799143295135745
198799143592927232
198799143995584512
198799144456953858
198799144452751360
198799145346150401
198799144696020992
198799146814148608
198799147430715395
198799147883708417
198799148059865090
198799148466700290
198799149284593664
198799149406236672
198799149292978176
198799150240894980
198799147791421441
198799152166080512
198799152149315585
198799151977332738
198799152921063424
198799153030115328
198799153600544770
198799153768308736
198799153986404352
198799154988843009
198799155144044545
198799154481340416
198799156444278785
198799156540735490
198799157459296259
198799157308301313
198799158180716544
198799158193307648
198799158306553856
198799158730174465
198799159753572352
198799159837462533
198799159829069824
198799160839897088
198799160965730307
198799160596643840
198799162291130369
198799162786062336
198799163243245569
198799163113222144
198799163566198784
198799163813658624
198799163511676928
198799163742371840
198799163880775681
198799164463788034
198799165147463680
198799165134864384
198799165814345728
198799165847904257
198799167311712256
198799167127166976
198799169329176577
198799169048166403
198799169350144000
198799170356772864
198799170709102592
198799170218373121
198799170306445312
198799170470035456
198799170008649728
198799171405365248
198799171594096640
198799172143546369
198799175893258240
198799177105412096
198799177323520000
198799174521724933
198799177147367424
198799177143160833
198799178086891520
198799178112049154
198799178908971009
198799179148042240
198799179802361857
198799180490219521
198799180607651841
198799181102592003
198799180955779072
198799182138572801
198799181614292993
198799182050504704
198799182092443649
198799182222471168
198799178879614977
198799182457356289
198799182880980992
198799184122478592
198799185347227648
198799185796018176
198799184239935488
198799186362241024
198799186228031488
198799187524075521
198799188295815168
198799188518117377
198799186391609344
198799188685885440
198799188442611712
198799188409065472
198799190246166528
198799190678183938
198799191894528000
198799191504465920
198799192339120129
198799193152831488
198799192620150786
198799193446424576
198799195593912321
198799196227256320
198799195744894977
198799196533440512
198799196499886080
198799196843802624
198799197187735552
198799197217103872
198799197384880128
198799198366339073
198799198932574209
198799199356194817
198799199205195777
198799198999683075
198799199607865345
198799198630592513
198799200039874560
198799200329273345
198799200060846081
198799201126199297
198799200513830913
198799201516257281
198799201944088576
198799202761981952
198799203416276995
198799202862645248
198799203156234241
198799204175462400
198799204955590657
198799204523573250
198799205094002688
198799205739937794
198799205786062848
198799207342161920
198799208281669632
198799209577709568
198799209808412673
