198806508815925249
198806508996268032
198806509545725952
198806509470228482
198806509361180674
198806510141308930
198806509747056641
198806510418137088
198806510472663040
198806510413950977
198806510883713024
198806510057426948
198806511693217792
198806510078406656
198806511898730496
198806511294750720
198806511215050752
198806511475109888
198806512481738752
198806512523673601
198806512670474240
198806512951500800
198806513211547648
198806513618391042
198806513358340096
198806514247536640
198806514436288514
198806514444664833
198806514306265089
198806514155257856
198806515283537920
198806514901860352
198806515631652865
198806514859917313
198806515040264192
198806515908493313
198806515526803456
198806514780225537
198806516084654080
198806514947997696
198806516839620609
198806515241582593
198806516994818049
198806516894138368
198806516772519936
198806517267443712
198806517531684864
198806517267431425
198806516806074370
198806517867216896
198806515388383232
198806516592148480
198806517993062400
198806517774942208
198806518349561856
198806518508961792
198806518475399168
198806518282452992
198806518504755201
198806518496366592
198806519075192832
198806519159078913
198806518324404224
198806519570120704
198806518672523264
198806519658188801
198806519654006785
198806519742070784
198806519201017856
198806520723550208
198806521281384449
198806521331728384
198806521604349952
198806521696628737
198806521830850560
198806521126199296
198806522044751873
198806522602602497
198806521239449602
198806523382743041
198806523135275008
198806523726659584
198806523839909888
198806524074786816
198806523982520320
198806523227537408
198806524209020928
198806524301291523
198806523365965824
198806524699750402
198806523160432640
198806524871716865
198806525437943810
198806525496668161
198806525635076096
198806525781872640
198806525769285633
198806525865766912
198806525840596992
198806525874151425
198806526113230848
198806526331326465
198806525538603011
198806526507499521
198806526675267584
198806526901764097
198806526473945088
198806526637522945
198806527241498625
198806527254069248
198806527467995138
198806527497351168
198806527707066369
198806524024467456
198806527916777475
198806527904194560
198806527711252481
198806528294256641
198806528935997440
198806529321861121
198806529133117441
198806529221201920
198806529359613953
198806529447706624
198806529489645568
198806529481252865
198806529728716800
198806530575974400
198806530978623488
198806530869575680
198806530659856384
198806530974416896
198806530399809536
198806531549048832
198806531632939008
198806531830054912
198806531930718209
198806531733594112
198806532434038785
198806532564066305
198806532819918850
198806532970917888
198806532484378624
198806532970909696
198806533067386880
198806532983504898
198806533000278017
198806533126098944
198806532719259649
198806533075771392
198806533159665664
198806531955892227
198806533511979008
198806534275350529
198806534057234432
198806534141116418
198806534380199936
198806534732525569
198806534577332224
198806534795427840
198806534841569282
198806535399424000
198806534803832834
198806535525249026
198806535613321216
198806535873372162
198806535915323394
198806535961460736
198806535923699712
198806536104062977
198806535982428160
198806536452190211
198806536494125062
198806536615772161
198806536842248192
198806537253306368
198806536569622529
198806537249112064
198806536456380417
198806537341374464
198806537513349120
198806536020180993
198806536246661121
198806537857282049
198806537643360256
198806537899212800
198806537983107074
198806538071187456
198806538113134592
198806538775830528
198806537609814016
198806539031678977
198806539056848896
198806539149119489
198806539463704577
198806539459493888
198806538914238464
198806539346264064
198806540222873601
198806540394823681
198806540537430016
198806540407418880
198806540701007872
198806541049151488
198806540319334400
198806541091078144
198806541183352832
198806540491304961
198806539807637505
198806541686685696
198806541674086400
198806541128835072
198806541774753792
198806541854441473
198806542009634816
198806542257098752
198806542626209792
198806542928191489
198806543041441794
198806542601031680
198806543234379776
198806543276314625
198806543788032000
198806543997734913
198806544228421634
198806544169701376
198806544794664960
198806545008574467
198806544882728960
198806543951593473
198806545134403585
198806545218277376
198806545423806464
198806545511886849
198806545537048576
198806545801285634
198806545813876737
198806545327341569
198806546065539072
198806546279440384
198806546258477057
198806546497552384
198806544379424768
198806546082299907
198806546896011265
198806543133708289
198806547315425280
198806547332202496
198806547416100865
198806547734859779
198806547659358208
198806548661805057
198806548892491777
198806549014126592
198806549123174400
198806549685215232
198806549605527552
198806549110587393
198806549869764609
198806549932679170
198806549957844993
198806550003978241
198806549936873472
198806550125608960
198806550406627330
198806550746370049
198806550586986498
198806550364700673
198806550930915328
198806551065141250
198806551358734337
198806550972874753
198806551283240961
198806551400689666
198806551652343808
198806551920783361
198806552055001088
198806552046600193
198806552050798594
198806552075960322
198806551622987777
198806552361189379
198806552348598273
198806552461852672
198806552457658369
198806551933366272
198806552516370432
198806552742854657
198806552726093825
198806552814166017
198806553107767296
198806552902238208
198806552709300224
198806553262960640
198806553363611649
198806553778860033
198806553866928128
198806552994516992
198806554110205954
198806554156339200
198806553724321792
198806554324107265
198806553917272065
198806554114392065
198806554860978176
198806554902921216
198806555544666112
198806554932297728
198806555691450369
198806555263631361
198806554940674048
198806556182200322
198806556484173824
198806556601614336
198806556475801603
198806556731641856
198806556811341825
198806556584849408
198806556740026369
198806556987502593
198806554630291457
198806557469847553
198806557360787456
198806557457256448
198806557549535233
198806557297876992
198806557755056131
198806557872496640
198806557247553537
198806557079773187
198806557985751040
198806557859917825
198806558262562817
198806558283542528
198806558526803968
198806558711353346
198806558832984065
198806558178676736
198806558946246656
198806559684440065
198806559151763456
198806559860600833
198806559898349569
198806560137428992
198806560187744256
198806560095485954
198806560439410689
198806560531689472
198806560770756610
198806560770760706
198806560787542017
198806561198579714
198806561311830017
198806561467023360
198806561274073088
198806561387323393
198806561576075265
198806561731248128
198806561848705024
198806561446035456
198806562041626625
198806562465267712
198806562733699073
198806562662400000
198806562272329728
198806562956001280
198806563245408256
198806562704326656
198806563388014592
198806563710963712
198806563878748161
198806563971018753
198806563899715584
198806564193308673
198806563866148865
198806564109426688
198806564008767488
198806564184915968
198806564277202944
198806564340121600
198806564394647555
198806563752910848
198806564780507138
198806564772126721
198806564809867266
198806564633718786
198806563899715585
198806564482715648
198806564809867264
198806562364604417
198806565078302720
198806564826644480
198806564335910914
198806565426442242
198806562033254400
198806565560664064
198806565082509312
198806565711650816
198806565745197056
198806565850062849
198806565296406528
198806565887807489
198806565858455554
198806566131077120
198806566344982529
198806566445654016
198806566772805633
198806566953156608
198806566953160704
198806567309688832
198806567573913600
198806567917862912
198806567808806912
198806567964000256
198806568488288256
198806568538619907
198806568811241474
198806568572157952
198806566810554368
198806568890937344
198806568815435776
198806568953847808
198806568828026881
198806569046114305
198806569159368705
198806569104846850
198806569541050369
198806569473937409
198806569708830720
198806569872404482
198806569226473472
198806569289396226
198806570056957954
198806570191159296
198806570115665921
198806570375708674
198806570447028224
198806570572857344
198806570681909249
198806570589626368
198806570631561217
198806570396692480
198806570585423872
198806571013246977
198806571143270400
198806571181031425
198806571315232770
198806570858070016
198806571352997889
198806571541733376
198806571722084352
198806571327827968
198806571650785280
198806571810172929
198806572137320449
198806569645912064
198806572577730562
198806572057640961
198806571822747648
198806573181710337
198806573190098944
198806573114601472
198806573336903680
198806573278183424
198806573596934144
198806573575979008
198806573534031873
198806569713016832
198806573324308480
198806573504667650
198806573697613825
198806574251253761
198806564474335232
198806574582595584
198806574444191745
198806575002038273
198806575153025024
198806575052374016
198806568257589248
198806575580848128
198806576071573504
198806576235151360
198806575907995649
198806576486813697
198806575991889921
198806576977551361
198806576868491265
198806576650395648
198806577174691842
198806577229217793
198806577317294081
198806577413754881
198806577417957377
198806577195651073
198806577376018432
198806577623465984
198806576813969410
198806577636061184
198806577728327683
198806577963204609
198806577745113090
198806578294562816
198806578458132480
198806578613325825
198806578407809024
198806578751733760
198806578844024832
198806578726567936
198806577984184320
198806576306454528
198806579154391043
198806579179552769
198806579531890689
198806579355721729
198806579301187584
198806579817091073
198806576725893121
198806578135187457
198806579619958784
198806578835619844
198806580412686337
198806580605616130
198806580685324288
198806580941172736
198806581100544001
198806581297688577
198806581452873739
198806580567879685
198806581465464832
198806581368987648
198806581016670208
198806581910061056
198806581738086400
198806582430150656
198806582010724352
198806582585344000
198806582836998144
198806582908289024
198806583575183360
198806583566794753
198806583612932096
198806583092850688
198806583772327939
198806583453556739
198806584011407360
198806584384700417
198806584019795968
198806583638114308
198806584552468480
198806584648925184
198806584904785920
198806585064165377
198806584963502081
198806585160646657
198806581679366144
198806585240330240
198806585596841984
198806585886248962
198806585995309059
198806586175651842
198806586309869568
198806586465071104
198806586683170816
198806586964193282
198806586838355968
198806586985160704
198806586842550275
198806588356702208
198806588411224065
198806588155375616
198806585580072960
198806587857567744
198806588444786689
198806589086502912
198806588566417409
198806589321396224
198806589174591488
198806589258477568
198806589082320896
198806589656928258
198806589694676993
198806590118313986
198806589266853888
198806590311235585
198806590722277379
198806590403518465
198806590810370049
198806591028461569
198806591011692545
198806591154294784
198806591368204288
198806592047693825
198806591967997952
198806592341282816
198806592307732480
198806592504860676
198806592592949249
198806592760725507
198806592458727424
198806592978825216
198806592995602432
198806592957853698
198806593003986946
198806593180151808
198806591879905282
198806593687650304
198806593842847744
198806593641517056
198806594564263936
198806594773987329
198806594933366784
198806594996277249
198806595432480769
198806595625422851
198806595755458560
198806596237799424
198806596388790275
198806596116168704
198806596476866560
198806596669808641
198806596212621312
198806597080850432
198806597252825089
198806594123857920
198806597538033664
198806597353488384
198806597911318530
198806598053933057
198806598058131456
198806598469156865
198806598355910657
198806599035400192
198806599215742976
198806599240908801
198806599471595522
198806599534510080
198806598515302400
198806599500955648
198806598850850816
198806599639371777
198806599622598656
198806599425474563
198806600029442049
198806599882641410
198806599886848001
198806600331444224
198806600339824640
198806600625045505
198806600021061634
198806600285290498
198806600989949954
198806601086406657
198806601384202241
198806598745985024
198806600968966144
198806601543593984
198806600868306946
198806601912696832
198806601862356992
198806601891713026
198806602088857600
198806602416005120
198806602495692801
198806602713796609
198806602755735554
198806602579587076
198806602701209601
198806602587967490
198806603225513984
198806603477172225
198806603338760192
198806603556851716
198806603007410177
198806603254870016
198806603611389953
198806603649130496
198806603900780544
198806604165033985
198806604232138753
198806604274073600
198806604324417536
198806604487995392
198806604043399169
198806601732329475
198806604706091010
198806604630589441
198806604894846976
198806604945170433
198806604928385024
198806604886441986
198806605431713794
198806605523980290
198806605532381184
198806605536559107
198806605209407488
198806605746290688
198806605649813504
198806605792423938
198806605691760642
198806605888884736
198806605456879616
198806606178299904
198806606136356864
198806606371225600
198806606224441344
198806606383812608
198806606836801537
198806607063289856
198806607126216705
198806607080071168
198806606933270528
198806606304116736
198806607671472128
198806607679848448
198806607725993984
198806606954246144
198806607424012288
198806607872802816
198806607809880064
198806608334172162
198806608493543425
198806607642103809
198806608682303491
198806609076555777
198806608648740864
198806609135271939
198806609328218112
198806609290469376
198806609361768448
198806609739268098
198806609613422593
198806609940594689
198806610116755456
198806610028666880
198806610049642497
198806610422927361
198806610401964032
198806609810567168
198806610045435904
198806610779455490
198806610905280513
198806610511020035
198806610431311872
198806611169521664
198806611098214400
198806611026903040
198806611605721088
198806611089833984
198806611853197312
198806611706392579
198806611907719168
198806612041924609
198806611832209408
198806612188737537
198806612209709057
198806612356497408
198806612054507520
198806612603965440
198806613090504704
198806613094694912
198806612780138496
198806613233111041
198806612729806848
198806613547692033
198806613765795840
198806613975502848
198806613782577152
198806613941944322
198806614109716480
198806614264913920
198806614998908929
198806615015694336
198806615200247809
198806614910844928
198806615590318080
198806615359631360
198806615728734212
198806615833575425
198806615770660865
198806615766474755
198806615976181761
198806616215261185
198806616336908288
198806616248815616
198806616441757696
198806616462729217
198806614013247488
198806612113244161
198806616588554241
198806616567586816
198806616815058944
198806617012174848
198806617175760896
198806617200918528
198806616903131136
198806617268027392
198806617410637824
198806617360318466
198806617213509632
198806617570021377
198806616928296960
198806617494532096
198806617276416000
198806617683263488
198806617511297024
198806618408882178
198806618832510976
198806614101327872
198806618056568832
198806619214188545
198806619155472384
198806619277115392
198806619335831553
198806619688153088
198806620057239552
198806620162097152
198806620355035137
198806620631863298
198806620589932546
198806620644450304
198806620598304769
198806620984197120
198806620824809472
198806620443127808
198806621332307968
198806620980002816
198806620912893953
198806621718196224
198806621231656960
198806622158589952
198806622267654144
198806622309588993
198806622368309249
198806622439608320
198806622779351043
198806622439604227
198806620405383170
198806623156834305
198806622255067138
198806622598987776
198806622569631744
198806623555297281
198806623488184320
198806622896783362
198806623907627009
198806624121524225
198806624272531457
198806623475613698
198806624293494784
198806624478035969
198806625597923329
198806624960380929
198806625979613184
198806626558410753
198806626478723073
198806626633916418
198806626805882881
198806626944294912
198806626927513600
198806627225309184
198806627154018305
198806627267264512
198806627338551296
198806626977857538
198806627426639872
198806627191762944
198806627456000000
198806627497938944
198806627904798720
198806627711856640
198806628001263620
198806627917373440
198806628030611457
198806628135469058
198806628160638977
198806628114497536
198806627007213568
198806628290674689
198806628638797825
198806627942531072
198806628785586176
198806628957556736
198806629246963713
198806629054021632
198806629402165250
198806629439901696
198806629800615937
198806629842554882
198806630022905856
198806629884502016
198806630480084992
198806630664650752
198806630194872320
198806630194876417
198806631054712833
198806630912110595
198806631084077056
198806631058907137
198806631134404609
198806631432196097
198806631461552128
198806631297974273
198806631398641664
198806631839051777
198806631390253056
198806631918747650
198806632031985666
198806632023597057
198806632073924609
198806631700635651
198806632279453696
198806631260233730
198806632912781313
198806632342364160
198806633000878080
198806633177034753
198806632078118913
198806633458049024
198806633562914819
198806633550319617
198806632988278786
198806633361588225
198806634233995265
198806634263355393
198806633994924033
198806633781010433
198806633080553472
198806631788720128
198806634867326976
198806635056087042
198806634947026946
198806635521638400
198806635962040320
198806635609731072
198806636163375105
198806636184350721
198806634984771584
198806636876402688
198806637019013121
198806637849481217
198806637547499520
198806638449278977
198806636054327296
198806638491209730
198806638625435652
198806638814183424
198806638583480320
198806638902247426
198806638969360384
198806639187476480
198806639384608768
198806639359430656
198806639615279105
198806639560753153
198806639556558848
198806639753695232
198806639493656576
198806639963414528
198806639799836672
198806640491905024
198806640403808256
198806640860995586
198806641112649728
198806641288806400
198806641347534849
198806641741795329
198806641792122880
198806641901191168
198806642060558336
198806641582411776
198806642014425091
198806642136068096
198806642337398786
198806642274480129
198806639053254656
198806642450632705
198806642438045697
198806642035400704
198806642446450688
198806642375147522
198806643201417218
198806642068955136
198806642253504512
198806642438053888
198806643239157764
198806643390152704
198806643637620736
198806643692142593
198806644107382785
198806644568752129
198806644510048257
198806644602314753
198806644434546690
198806644853972992
198806644472287232
198806645202092032
198806645378269186
198806645344698368
198806645319532545
198806644795252738
198806645382463488
198806642563887104
198806644589723648
198806645239840769
198806645927714816
198806645285986305
198806645898354688
198806645915123716
198806645248237570
198806646212935680
198806645336322049
198806645583790080
198806646410067968
198806646531694593
198806646556856321
198806646833684480
198806647005659136
198806647097917440
198806647127289857
198806647320223745
198806647487995904
198806647307636736
198806647785783297
198806647953567747
198806647789989888
198806648100360193
198806648133918720
198806648289099777
198806648242974720
198806648205217793
198806648238772226
198806648213602304
198806648372989953
198806647819341824
198806645369872387
198806647953567746
198806648763060225
198806648855330817
198806648716935169
198806648662401025
198806649031491585
198806649056669697
198806649182498817
198806649442549761
198806649304129537
198806649392218113
198806649526435843
198806649371246592
198806649903923200
198806649916502019
198806650080067584
198806649622900737
198806650478526465
198806650575011840
198806650554023936
198806650713415680
198806650096852992
198806650876985344
198806650939912193
198806650780532736
198806649639669760
198806651128647680
198806651158016000
198806651149631489
198806649576755201
198806651309006848
198806651778764800
198806651367735296
198806651770384385
198806652089139200
198806652017840129
198806652479209472
198806652487614465
198806652026228736
198806652550512642
198806652902846464
198806653137727488
198806653183852544
198806653217411072
198806652944777217
198806653339054080
198806653318070272
198806652835725313
198806653347442688
198806653137727489
198806653502623746
198806653573926912
198806653645242369
198806653666201600
198806653578117120
198806653871722496
198806653989167105
198806653926256640
198806653364224000
198806654219862016
198806653313875968
198806654505066496
198806654626693122
198806654517653504
198806654614110209
198806654853201921
198806652500180992
198806655373291520
198806655788515328
198806655864025088
198806655813685248
198806655876599809
198806655939526656
198806655952105472
198806656069541889
198806656212144128
198806656371523584
198806655926943744
198806656258281472
198806656472195073
198806656648351744
198806657067794436
198806657109729280
198806657252335617
198806657290084352
198806657021640704
198806657126498304
198806657281695744
198806657503997953
198806657512382464
198806657373974528
198806658409963521
198806657545945089
198806658393178113
198806658565160961
198806658451914752
198806658930049024
198806658888114176
198806658997161985
198806659085246464
198806658917470208
198806659454337024
198806659265597440
198806659404005376
198806659919904769
198806658737123329
198806660616171520
198806660653907968
198806660729417728
198806660624556032
198806660582604800
198806660809105408
198806660880408577
198806660851052544
198806661035593728
198806661136261122
198806661211758596
198806661178200064
198806661148839936
198806660783931395
198806661505363969
198806661589250048
198806661257904128
198806661492772864
198806661329190912
198806661387923457
198806661362761728
198806662126120961
198806662226788354
198806662256148482
198806662767845376
198806662813978627
198806662994329601
198806663300521985
198806663547990016
198806663753510912
198806663128547329
198806663531216896
198806664139390977
198806664483323905
198806664625930241
198806664596570112
198806664126795777
198806664617533440
198806664902746114
198806664684634112
198806665112469504
198806665183772672
198806664533655552
198806664344907776
198806665305407490
198806665452208129
198806665414451201
198806665720635392
198806665737420801
198806666031013890
198806666198786048
198806666521739265
198806666748243968
198806666429476866
198806666936983552
198806667113136130
198806667167678464
198806667289296896
198806667293491202
198806666588852224
198806667641630720
198806667742289920
198806667134124033
198806668023312386
198806668023316480
198806668316913664
198806667985559555
198806668560175105
198806668904120320
198806668065247232
198806668816027649
198806669231276033
198806669067694081
198806669558431744
198806669101240323
198806669562613760
198806667016667136
198806667117334528
198806669814267905
198806670263062528
198806670493757440
198806670531502080
198806670686691329
198806670904786944
198806670988673025
198806671034822656
198806671236136960
198806671395520512
198806671768821760
198806670867054592
198806671835926528
198806671324217344
198806671777206272
198806672175661056
198806671387140097
198806672364408832
198806672569942019
198806672674783233
198806672855154691
198806671907229698
198806672582508544
198806673207463937
198806673261989889
198806673320718337
198806672741892097
198806673291358208
198806673496879106
198806673610125312
198806673438150657
198806674071486464
198806674415435778
198806673354276865
198806674495123456
198806674293784577
198806674788728832
198806674616762368
198806675401089025
198806675594031105
198806675564662784
198806675807936513
198806675669520384
198806675170398209
198806675929571328
198806675753414658
198806675858272256
198806676139286529
198806675644366848
198806675384315905
198806676147666944
198806676281892865
198806676348997633
198806676357390338
198806676453867520
198806676751646720
198806676911046656
198806676927823876
198806677192060928
198806677460496384
198806677535985665
198806677879930881
198806677988966400
198806678102220800
198806678211280896
198806678181916672
198806677561155586
198806678685237248
198806678685233152
198806678655864833
198806678693625856
198806678613929984
198806678836224001
198806679045943296
198806679134011393
198806679469555712
198806679528284160
198806679817695236
198806679209517059
198806679800905728
198806679956094976
198806680509751297
198806680648159232
198806680836915201
198806680937578496
198806681650601984
198806681763848192
198806681101144064
198806681952583680
198806681793216513
198806682174889986
198806681143087104
198806682053263361
198806682686603266
198806682585927682
198806682858557441
198806682837594112
198806682913091585
198806682925678592
198806682514620417
198806683106025473
198806683055697921
198806683382841347
198806683366076417
198806683546427392
198806682908901377
198806683911327744
198806684116856833
198806684133625857
198806684171370496
198806684079095808
198806684083302400
198806684846669825
198806685375139840
198806685429665794
198806685672943616
198806685790371840
198806685832318976
198806686063009792
198806685496778753
198806686251753472
198806686578900992
198806686335643648
198806686637629441
198806686708924417
198806686843154432
198806685794566144
198806685064757248
198806687241601025
198806687258390528
198806686641827844
198806687593922561
198806687765897216
198806687359045632
198806687862362115
198806687363239937
198806687950446593
198806687887527938
198806688055304192
198806688374079489
198806688478932993
198806688332124160
198806688655093760
198806688814477314
198806688931905537
198806689217134592
198806689170993152
198806689296814081
198806689485557760
198806689481359361
198806689582034944
198806688525074432
198806689875623936
198806689951125504
198806690060185601
198806690232152064
198806690357981185
198806689837887488
198806690689318912
198806690815156225
198806690781597700
198806690873880577
198806687581339649
198806687690407937
198806691167469568
198806691012292608
198806689997271041
198806691213623298
198806691557539841
198806691695964161
198806687254188032
198806691465281538
198806692044079106
198806692320903169
198806691750486016
198806692639670272
198806692736151552
198806692752928768
198806689191968768
198806693008785409
198806692853579776
198806692954255360
198806693134610432
198806693486936064
198806693340127232
198806693612765184
198806694250291200
198806694418071552
198806694715858944
198806694933966850
198806694741028865
198806695001071618
198806695168835585
198806695319830530
198806695252733953
198806695252721667
198806695231758336
198806695475036160
198806695873478656
198806690496380928
198806696016097280
198806695886077952
198806695957364736
198806695923818497
198806696062230531
198806696150315008
198806695537934336
198806696926261249
198806696972394498
198806697383440384
198806697626701824
198806697458925568
198806696968192000
198806697685434368
198806698226487296
198806698281025536
198806698557841408
198806698775945216
198806698532679680
198806699195383808
198806699254095872
198806699455418368
198806699409285121
198806699451232257
198806699056963584
198806699669323776
198806699354755072
198806700105531394
198806699769991168
198806692635480065
198806700403343361
198806700432703489
198806700621447168
198806700722110464
198806699920998401
198806699484786689
198806701099589632
198806700931825665
198806701418348547
198806701233815554
198806701821014017
198806701724549120
198806701598720001
198806701829390337
198806701883928576
198806701921681408
198806701800034304
198806702055899136
198806701506433026
198806701468684288
198806702362071040
198806702609530880
198806702810873856
198806703020589056
198806702869577729
198806702848618497
198806702936698880
198806703309987840
198806703477764097
198806703133835264
198806703440011266
198806703481962496
198806703528099840
198806703280627712
198806703301603328
198806703746187265
198806703645528064
198806702538244096
198806704081747968
198806704211755009
198806703779745792
198806704291446784
198806704446648320
198806704639582208
198806704060772352
198806704761212929
198806704866066433
198806704975130627
198806705201627136
198806704836722690
198806705193222144
198806704702492672
198806705461657600
198806705184841728
198806705830764545
198806706191482881
198806706262777856
198806705730097153
198806706090811393
198806706636075008
198806706904506368
198806707122618368
198806707227463680
198806707646902272
198806707588177921
198806707755958274
198806707600769024
198806707592372224
198806707831447552
198806708347338752
198806708171177984
198806708586422274
198806708473184256
198806708234092544
198806708506738688
198806708951322626
198806708703854592
198806708963901440
198806709106511872
198806709320433664
198806709567893505
198806709555310592
198806709773414401
198806708628365312
198806709865684992
198806709785989122
198806709899235328
198806710087987200
198806709525942272
198806709450440705
198806710532587522
198806710645821440
198806710754873345
198806710813597696
198806707571392512
198806710872322048
198806710842949633
198806709316239361
198806711316905986
198806711363047424
198806711467913217
198806711975411712
198806712067690497
198806712168366083
198806711555997696
198806712269029376
198806712453574658
198806712529072130
198806711845392384
198806711992193025
198806712709427201
198806712726196225
198806713015607297
198806712524881920
198806712789118976
198806713024004098
198806712533254144
198806713074323456
198806712847826944
198806713787351041
198806713938345984
198806713976107009
198806713460195329
198806714345197568
198806713883820032
198806713799938049
198806714332618752
198806714676543488
198806713460199424
198806714210975744
198806713695084544
198806715263746048
198806715423129600
198806715335049217
198806715548962816
198806715817402370
198806713179181057
198806715918069760
198806715389579264
198806716173914116
198806716345876483
198806716291362817
198806716282961922
198806716660457475
198806716807258112
198806716912115712
198806717100863488
198806717235073024
198806717046341633
198806717159587842
198806717558042624
198806717608366082
198806716941467648
198806717738401792
198806718099095553
198806717482549250
198806717641932800
198806718241701889
198806718237507584
198806718296231938
198806717939728384
198806718497558529
198806718430457856
198806718543699969
198806718526914560
198806718736629760
198806718908596224
198806718925385728
198806718245912576
198806719105740802
198806718988296192
198806719357390848
198806718824710147
198806719298666497
198806718048780288
198806719361593350
198806719499993089
198806719571312641
198806719613243393
198806719588077568
198806719973957634
198806719814574080
198806720372424706
198806719948795905
198806720007516160
198806721005764608
198806721425195009
198806721395826688
198806721538441216
198806721467125761
198806721681043456
198806721785905152
198806721882365954
198806721941078017
198806717709029376
198806722066923520
198806722557644800
198806722566041600
198806722742202368
198806722847059969
198806723396509698
198806723442638848
198806722947710976
198806722964488192
198806723425873921
198806724260528128
198806724264730625
198806724566728704
198806724503805952
198806724327641088
198806724784816128
198806724885495810
198806725049073666
198806725049065473
198806725208457216
198806725225230336
198806725049073664
198806725707567105
198806725359443969
198806726781321217
198806726064087040
198806727032971264
198806727053942784
198806727230111744
198806726844231681
198806727255269378
198806726374461441
198806727515308032
198806727360135169
198806727582416896
198806727636959232
198806727460798466
198806728207384576
198806728119287808
198806724499619840
198806728878465025
198806728991715330
198806728668753921
198806729050439680
198806729205616640
198806729574711296
198806729545351168
198806729797009408
198806729998352385
198806730136760320
198806730057064448
198806730468114435
198806730401005568
198806730401005569
198806731051110400
198806729939619840
198806730275160066
198806731378262016
198806731193716737
198806732108075008
198806731718008832
198806732200361984
198806732074532865
198806732456202242
198806732535894016
198806732586221568
198806732674306048
198806733085343746
198806733148270592
198806733198594049
198806733563506690
198806733571895296
198806733743849473
198806731227279362
198806733634809858
198806734385594369
198806734473662464
198806734607888384
198806734326874113
198806734398173184
198806734976991232
198806735065063424
198806735274782722
198806735245422592
198806735652261888
198806736507912192
198806735492878336
198806735941677056
198806736713420800
198806736994443265
198806736776343553
198806736432398336
198806737153822721
198806736864411649
198806737090920448
198806737317396480
198806737585844227
198806737585844225
198806737829117952
198806737917190144
198806738101739522
198806738282090496
198806738378555392
198806738688950272
198806738768637953
198806738462449664
198806738814775296
198806739020283904
198806738491813888
198806739204845569
198806739406168064
198806739469074432
198806739091595264
198806739506839552
198806739754291200
198806739733319680
198806739850760192
198806739779457025
198806740261814272
198806740375056384
198806740358279170
198806740182114304
198806741264244737
198806741436207104
198806741465563138
198806741004189696
198806741650128896
198806741612367872
198806741918547968
198806742006632448
198806742149242881
198806742283452419
198806742409297922
198806742639976451
198806741838860288
198806742770008065
198806742723858436
198806742279274496
198806743092953088
198806743147479040
198806743382372352
198806743524966402
198806743629836288
198806743520772098
198806743986352128
198806742455431168
198806744024104961
198806744300929024
198806744468697089
198806744351260674
198806744519024641
198806744229613568
198806744779063296
198806744762298368
198806744858767360
198806744825200641
198806744934264832
198806741637533697
198806744984596480
198806745206898689
198806745194315776
198806745257230338
198806745433374720
198806745156554752
198806745504681985
198806745353682944
198806745706012673
198806746037366784
198806746075119616
198806745471131650
198806746867838977
198806747278876673
198806747450847232
198806746985271296
198806747522142208
198806747614416896
198806747455033344
198806748004487168
198806744980398081
198806747899625472
198806748054831105
198806747249508352
198806747526332418
198806748285501440
198806748155490305
198806748503617536
198806748545556482
198806748793016321
198806748843352065
198806749023707136
198806749220847616
198806749199876097
198806749489278978
198806749527031809
198806749619302400
198806749803855872
198806749266984963
198806749409579008
198806749854179331
198806749367644160
198806749728342018
198806750105829376
198806750198108160
198806750340718592
198806750592372738
198806751238307840
198806751338958848
198806752005849088
198806751989088256
198806751498346497
198806752215576577
198806751456395264
198806752664363008
198806752567889923
198806752228151296
198806752366571520
198806752999915520
198806753205436416
198806753134129152
198806753247363072
198806752865693697
198806753599688704
198806753801019394
198806754035896322
198806753821995008
198806754400800768
198806754291748866
198806754400800769
198806754853785602
198806754509856769
198806754748936193
198806755088662528
198806755298390016
198806755944300544
198806755956891651
198806756053356544
198806756225335297
198806755713622016
198806756233723904
198806755361296384
198806756292444160
198806756502155264
198806756569260032
198806755961094144
198806756485373952
198806757286490112
198806757336813568
198806756879630336
198806757479428096
198806757680758784
198806757693341696
198806757643001857
198806757944999937
198806757890465792
198806758112755712
198806758335066113
198806756976111616
198806758574129152
198806758838374401
198806758972600322
198806758909677568
198806759266189312
198806759350087680
198806759324921858
198806759459127296
198806759815659521
198806759081644033
198806759865982976
198806759664660481
198806759983415296
198806759983423488
198806760222498816
198806760318967809
198806759790493697
