198775303504535552
198775303521316865
198775303496138752
198775309133295617
198775310089588736
198775309926010882
198775314678157313
198775315961614337
198775317287014400
198775320533413890
198775321896562688
198775318994096129
198775322911584256
198775323008057346
198775322416656384
198775322932543488
198775322710249473
198775325193285632
198775324442501121
198775325981818880
198775327156211712
198775327521116161
198775329207226368
198775330331295746
198775333468639234
198775333942599681
198775335813267458
198775337788768256
198775337818128384
198775342285066240
198775331400843265
198775343073591297
198775344348659714
198775346584240128
198775345351114752
198775351080534016
198775352355598337
198775352313655296
198775352150073346
198775352682741760
198775353563549696
198775354704400384
198775357065797632
198775355077689344
198775359028727809
198775360333168642
198775362694557696
198775362359013376
198775363487268864
198775362174464000
198775363290148864
198775364917526528
198775368054870016
198775369694855170
198775370357555201
198775373310341121
198775374409240576
198775374501523457
198775374757380096
198775374484750337
198775376388960257
198775374979661824
198775376506400769
198775376573505537
198775379077500928
198775379341742080
198775382164520960
198775386367197185
198775386434310146
198775387512258562
198775390062395392
198775390234349568
198775389198364673
198775392268595200
198775392557993984
198775392792870913
198775394881638401
198775399306633219
198775400170651648
198775401705779202
198775402305556482
198775402041323520
198775403576434688
198775405015080962
198775405480640513
198775406537617408
198775397284986882
198775407447781376
198775407431004161
198775406688604160
198775410295713792
198775409746251776
198775413458223104
198775414821367808
198775414506786817
198775417014992896
198775417392467968
198775417937739776
198775420676608003
198775420882128896
198775421137993729
198775420986986498
198775422673092608
198775423700713472
198775425764302849
198775427479769091
198775427739811841
198775428314443777
198775428041818112
198775429081993216
198775430025723904
198775430558392322
198775427773374464
198775431170756610
198775432559083521
198775432307425281
198775432835903488
198775432508735488
198775434085797888
198775435490885633
198775438754066435
198775439064444928
198775439676817409
198775441211916288
198775441950130176
198775443648815104
198775445146189826
198775445670469632
198775446358343680
198775446547079170
198775443447488512
198775447637606400
198775451353743362
198775453463494656
198775454700802048
198775451995488258
198775455573217282
198775456093315072
198775456751816705
198775460606382080
198775462779039744
198775462690947072
198775463613698048
198775466826547204
198775468881756160
198775468923691008
198775469758353408
198775470790152194
198775470647541761
198775471792594945
198775472274948096
198775472463675392
198775472723730432
198775473424179200
198775473151541249
198775474149801985
198775474187538432
198775477299712002
198775479090688000
198775480588054529
198775481288491008
198775482756509697
198775483851218944
198775486636232705
198775486728507393
198775487416385536
198775489287045120
198775489337360384
198775491489050624
198775493695246337
198775494399897601
198775494831898624
198775494961926145
198775495079366656
198775495695933442
198775496606097408
198775497755344896
198775502901743616
198775505414139904
198775507012173824
198775509205782528
198775510992568321
198775513131651072
198775513765003264
198775515157495808
198775515321085952
198775517099474945
198775518101901312
198775519309856769
198775516097024000
198775520412975104
198775522044547072
198775522405257217
198775527325175808
198775527732035587
198775529879502848
198775531330732032
198775531867602946
198775533167837185
198775533184618499
198775533893455872
198775534744895489
198775530353467392
198775536103866368
198775539429937152
198775539878731776
198775540818259968
198775541602594816
198775545805279235
198775547780792324
198775549936672770
198775549341089792
198775549517250561
198775548296691712
198775549903126530
198775550721007617
198775551484375040
198775551429849090
198775551547293697
198775553115963392
