198844006229221376
198844006803849216
198844007076466688
198844006812233728
198844007281991682
198844007386857472
198844008003420161
198844008468983808
198844005910450177
198844009056182273
198844009987321856
198844010855542784
198844010746478592
198844011711172608
198844011757305856
198844014282276865
198844013766381568
198844013950935040
198844015079194625
198844016572366848
198844016220057600
198844017256054784
198844017008586752
198844017998438400
198844017860034561
198844018166202368
198844018212343808
198844018594033664
198844018363351040
198844018443034624
198844020049448961
198844020112363521
198844020762476544
198844021077053440
198844023413284864
198844024071798784
198844022628950017
198844023958536193
198844024579301376
198844025246187520
198844025539805184
198844025959223296
198844026047307777
198844025594331137
198844026559012864
198844026311553024
198844026819051520
198844026714193922
198844027313983489
198844027708248064
198844027892805633
198844027838271488
198844028551303168
198844025615298560
198844028303839233
198844029008482304
198844028555497472
198844029205618688
198844028895240192
198844029268541440
198844029604081664
198844029599887361
198844030262583296
198844030111588353
198844030333894656
198844030812037120
198844030933671936
198844031923519488
198844032472977408
198844031894175744
198844034985365504
198844038462443520
198844039053848576
198844038764437504
198844039599099904
198844039540387841
198844040869986304
198844040840622080
198844037871054848
198844041713033216
198844042002448385
198844042690301954
198844042459627520
198844042920992768
198844042778378242
198844042690314240
198844043671764992
198844044930068480
198844045039120384
198844044988776448
198844045424996352
198844046213513217
198844045076865024
198844044154118144
198844047337603072
198844047094325249
198844047618613248
198844049745117184
198844050097455104
198844049938063360
198844051506724864
198844051951337473
198844051234099201
198844052173631488
198844054656647168
198844052236541952
198844055994634240
198844056061743104
198844056778981377
198844056867057666
198844056565071872
198844056728633344
198844057588473856
198844057617833984
198844055893970945
198844058104365056
198844058221813760
198844058980990976
198844058955825152
198844059744342016
198844060436402176
198844062038638592
198844061686304768
198844062323851264
198844062432894976
198844063380807680
198844063892512768
198844064634908673
198844065486348288
198844065998057472
198844066245509121
198844065851244546
198844066274881536
198844067684163584
198844067377983489
198844067562532864
198844068028104704
198844068644651008
198844070326571008
198844070561452032
198844071790383105
198844072960598016
198844074101440513
198844075137437697
198844076718702592
198844076420898816
198844076932599808
198844078941671425
198844079524679680
198844080451624960
198844083429584897
198844083303743488
198844084113252352
198844084159397889
198844084138418177
198844084650119168
198844084692058112
198844084914372608
198844084809506816
198844085103099905
198844085740642304
198844086621446144
198844086864723968
198844086906662912
198844087741329408
198844088202706944
198844088802476032
198844088810864641
198844089247088641
198844089171587072
198844089469382656
198844090496991232
198844090710888448
198844091230978048
198844091834966016
198844092053073920
198844093147787264
198844094133444608
198844094561259521
198844094229905408
198844094498340864
198844095479816192
198844095945388032
198844096503230465
198844096989769728
198844097941864448
198844097262391296
198844097849606144
198844097841209346
198844098373885953
198844098898178049
198844098818473984
198844099380510722
198844099950936064
198844100533944320
198844101184077824
198844101284741120
198844102064869379
198844102039715840
198844103222509568
198844103272824832
198844103646130177
198844104615014401
198844104279461888
198844104627593216
198844105634230272
198844105751658496
198844106217238528
198844107135778816
198844107198709762
198844107408424960
198844108079505409
198844107815260160
198844108431818752
198844108566044672
198844109325205504
198844109912424448
198844109497171969
198844109748846594
198844110944210944
198844111019708416
198844111489482752
198844112194121728
198844112781320192
198844113213325312
198844113150423040
198844111195881474
198844115008503808
198844115457286145
198844116463919105
198844116682027008
198844117462163456
198844117877391360
198844118338764800
198844114492588032
198844118791757824
198844119483822080
198844120259760128
198844119987126272
198844120448503808
198844120767275008
198844120792449024
198844120230395905
198844120909881344
198844121065062401
198844122667302913
198844122872807424
198844123690713088
198844123808141313
198844123652964353
198844123950755840
198844124043034624
198844124571512832
198844125024485376
198844125087412224
198844124793806848
198844125716553728
198844125938860033
198844126576386048
198844128019226624
198844128644169728
198844128702889984
198844128832925696
198844129495613440
198844129751470080
198844128858087424
198844129667588096
198844130355458049
198844130741338113
198844130200268800
198844130808434688
198844131475324931
198844132385501184
198844133035618304
198844132792336384
198844134088376320
198844133908033536
198844134444900352
198844134381981696
198844134990168065
198844135866777601
198844135552196608
198844137326395393
198844136269430784
198844137850667008
198844138689531905
198844139243175936
198844139612282880
198844139998150656
198844140086243328
198844140149153792
198844141180944385
198844141763969025
198844142590246913
198844142317600769
198844142749622272
198844143827558400
198844144431542272
198844145282990080
198844145249431552
198844145417207808
198844146025377792
198844146444795904
198844146574823424
198844146704850944
198844148332244992
198844149695393792
198844149963825152
198844149817024512
198844150089662464
198844150815264768
198844151100481537
198844151603806208
198844151205330944
198844152786591744
198844153256357888
198844153340235776
198844154195886080
198844155110244352
198844155265421314
198844155290591232
198844155626139648
198844156234301440
198844157127696384
198844157316444160
198844157500981248
198844157647785984
198844159333904384
198844159329710080
198844157127688192
198844160164380672
198844160306978816
198844160407646209
198844161250693120
198844162324443136
198844162408321025
198844162018258944
198844162886471680
198844163066822656
198844163368828928
198844163607887872
198844164169924608
198844164304150528
198844164153155584
198844164857806849
198844165080104960
198844165910573056
198844166032203776
198844166615207936
198844167164669953
198844167114338306
198844166833315840
198844166774587392
198844166950748161
198844167630229504
198844167584096256
198844167634432000
198844168146132992
198844167592484865
198844167663779841
198844168230014976
198844169597362177
198844169664475137
198844170205536256
198844170448801792
198844167529570305
198844170964709376
198844171161829376
198844173103808514
198844174538248193
198844175284842496
198844169865805825
198844175121260547
198844175121256449
198844175683289089
198844176455041024
198844176429875200
198844176392130560
198844177612673025
198844177369407489
198844177667198976
198844177637838848
198844178745135104
198844178598346753
198844179781128192
198844179974066176
198844180804550656
198844181131694080
198844180989091840
198844182964604928
198844183614734336
198844181567913984
198844183413391360
198844185116278785
198844184659116032
198844185858682881
198844186173251585
198844185846099968
198844186294890496
198844186630426624
198844187788050432
198844187913883648
198844187901296640
198844187892916224
198844187477671936
198844188777910272
198844188949872640
198844189323169792
198844189616779264
198844189277036545
198844190656954368
198844191101550592
198844191516786689
198844192489865216
198844192628285442
198844192921878528
198844193794306050
198844195396526080
198844193727188992
198844197598527490
198844197250412545
198844198173163521
198844199867645952
198844199330779137
198844199548891136
198844199511146496
198844200228372480
198844200782008321
198844200949776384
198844199439831040
198844200228368384
198844202539421696
198844202103214080
198844202640093184
198844202904322048
198844203898380288
198844204447838208
198844204112293888
198844205311860736
198844205399932928
198844206284939264
198844207530651648
198844207035711488
198844205827760128
198844208625360897
198844208205938688
198844208856039424
198844208793141248
198844209665540096
198844209988501504
198844210424709122
198844210667982849
198844208038162432
198844211917889537
198844211615903744
198844211741720577
198844212941299714
198844211796250624
198844213817917440
198844213956325376
198844214270898176
198844215030071296
198844213595619328
198844218477789184
198844218859458560
198844219400531968
198844216800059392
198844219828342784
198844219794792448
198844220952420352
198844218322587648
198844222479142912
198844222995038208
198844220369403904
198844223733252096
198844223812927488
198844224064602112
198844224362393600
198844225192865792
198844225754898432
198844226321129472
198844227088695296
198844227197730816
198844228669935617
198844229533966337
198844229643010048
198844231543029760
198844231572398080
198844231513673728
198844232360923136
198844232503529472
198844232700674049
198844233828925440
198844234864926720
198844235049476096
198844234919460864
198844235607318528
198844236156768256
198844236421005312
198844236924338176
198844237574455296
198844238052589568
198844239071821824
198844239763869697
198844239625461760
198844240065855488
198844241508700160
198844242318196736
198844242016219137
198844242716659712
198844243605864448
198844243144486912
198844244461498369
198844244289523712
198844244436320256
198844244784459777
198844245166133248
198844245740748801
198844245900148736
198844245967241216
198844247523336194
198844248391548928
198844248634834944
198844249041670146
198844247603023872
198844249242996736
198844249184280576
198844250333523968
198844250471936001
198844251042349056
198844250895552512
198844249549189120
198844250966867969
198844252048982016
198844252652965890
198844253152092160
198844247242313728
198844253005291520
198844253647011840
198844254246813698
198844254817222656
198844254586540032
198844255081472000
