198837966284664832
198837966368538626
198837966536318977
198837966674731009
198837966280458240
198837966746038272
198837966909612032
198837966611808256
198837966448230400
198837967068999680
198837967115137024
198837967186440192
198837967245160449
198837966586646528
198837967383576576
198837967274512384
198837967391956992
198837967043825665
198837967656198144
198837967622639617
198837967916236800
198837967215800320
198837967953985538
198837967928823808
198837968838987776
198837968985796608
198837968469884928
198837968457318400
198837969010962433
198837968822210560
198837969170341889
198837969124200448
198837969430384640
198837969459740672
198837969413603328
198837969442975744
198837969656885253
198837969518469120
198837969606553602
198837969837244416
198837969312940032
198837969262608385
198837969677848576
198837969946284034
198837969182932993
198837970227306497
198837970155999235
198837969354899457
198837970487353344
198837970646736897
198837970143416322
198837970831286272
198837970340560897
198837970558648322
198837970340548608
198837970789335041
198837970554466305
198837971338788866
198837971447844865
198837970810322946
198837971837915136
198837970583814145
198837971863093249
198837971720486914
198837972081192960
198837970873233408
198837972026671104
198837971661766656
198837972274122753
198837967979167746
198837971766620160
198837971141672960
198837972290912256
198837972588707840
198837973545000961
198837972886495232
198837973289148417
198837973914107904
198837973943459841
198837972903272448
198837973649850368
198837971791773696
198837974383865856
198837973746323456
198837973695995905
198837970399277056
198837972987154432
198837974195122176
198837973247197185
198837974006378496
198837973549191168
198837974203514881
198837973482094593
198837972655804416
198837974652301312
198837975084318721
198837975008817154
198837975084306432
198837974509682688
198837974597779457
198837975344361472
198837975365320704
198837974383869955
198837974018965504
198837974673268736
198837975432429568
198837975046557696
198837975570841600
198837974937501696
198837975893803008
198837975805730816
198837974354505728
198837975960920064
198837974941704192
198837975973507072
198837974010572802
198837975692492800
198837976338411522
198837976346787841
198837976158056450
198837975784763393
198837975457599488
198837976564903936
198837976699125760
198837977256955905
198837976397123585
198837977353420801
198837976577478656
198837977026269184
198837977475055618
198837977269547008
198837977177260033
198837977873518592
198837977923850242
198837978011930624
198837977592508416
198837978347487234
198837977894502400
198837978251001857
198837978154532865
198837978779488256
198837978775306240
198837978125189120
198837978741747713
198837978674626561
198837978313920513
198837979177955328
198837979177959424
198837979261829121
198837978733350912
198837979291201537
198837979425406979
198837979383463937
198837979396046849
198837978766905345
198837979563819009
198837979643527170
198837979832254465
198837979828068353
198837980037779456
198837979710631936
198837980083929088
198837980062953472
198837980545298433
198837979962277888
198837980239114240
198837980289437696
198837980771790849
198837979853234177
198837979928731648
198837981052796928
198837980692099073
198837981182832641
198837981249945600
198837981522567168
198837981786812417
198837981631610880
198837981073784836
198837981979754497
198837981535154176
198837981929406465
198837981426094080
198837981543538688
198837981744861186
198837978905321472
198837981937795074
198837982277533696
198837982285926400
198837981614845952
198837982407573505
198837982046859265
198837982499848192
198837982449504257
198837982306897922
198837982575333377
198837982675992576
198837982663417857
198837982772465664
198837982751502337
198837981287677952
198837982323683329
198837982516609024
198837983028322304
198837983288377344
198837981795192834
198837983267405825
198837983305150464
198837983288365056
198837983418396672
198837983590367233
198837983338704896
198837984076906496
198837983972032512
198837984206917632
198837984022372352
198837984412446720
198837984756367360
198837984869617664
198837983913320448
198837984613773312
198837984051740676
198837985129676800
198837983611326465
198837985339383810
198837985825931266
198837985549107200
198837985934983170
198837985532313600
198837985494568963
198837986002092033
198837985561690112
198837986220187648
198837986295693312
198837986329243649
198837986530574336
198837986060800000
198837983141564416
198837986253733888
198837986228576256
198837986681561089
198837986706731008
198837985695895553
198837986941603840
198837986371186689
198837986199220224
198837986408923136
198837987264561152
198837987184885760
198837987453308929
198837987264561153
198837987373629440
198837987608506369
198837986757050368
198837987553972225
198837988053094400
198837987679805440
198837987642060800
198837988501897216
198837988556406786
198837988640305152
198837988355080192
198837988095045633
198837988296368128
198837988262817792
198837988220866560
198837988787097600
198837988103438338
198837988908740610
198837988455751682
198837988724178944
198837989017796608
198837989005205504
198837989227499520
198837989001015298
198837989902778368
198837986895470592
198837989563043840
198837990167035904
198837990221545472
198837989789548545
198837990125092865
198837989890203648
198837990448037888
198837990599032833
198837989881823232
198837990326411264
198837990024413184
198837990712283136
198837990913605632
198837990309642241
198837990863278080
198837990968135680
198837990880051201
198837986996125696
198837991068811265
198837991567925248
198837991521787904
198837989978284033
198837991278522368
198837991668580354
198837991844757504
198837991735705600
198837991211401216
198837991161085952
198837992104787968
198837991756660737
198837992079634432
198837992171896832
198837991974772737
198837991286915072
198837992138358784
198837992415170561
198837991911866368
198837992520032256
198837992394194944
198837992364851201
198837992587149312
198837992557772801
198837992637480963
198837992553594881
198837992633274369
198837992784277505
198837992973017090
198837992654258176
198837994076114945
198837994143223808
198837993652494338
198837994252283904
198837994273247232
198837993954484224
198837994420047874
198837993694429184
198837994503946241
198837994441015298
198837994449420288
198837994512326656
198837994608795648
198837994160013314
198837994558472194
198837994751401984
198837994709450752
198837994898194432
198837994076127232
198837994587824128
198837995095343104
198837995200184322
198837994914988032
198837994763993088
198837995376353282
198837995439276032
198837994784948224
198837995133083650
198837994973696000
198837991630835712
198837995443466241
198837995846123520
198837995376349184
198837996152295425
198837996114546689
198837996097773569
198837995690926081
198837996215222273
198837995707699200
198837996420743168
198837995636400129
198837996215222274
198837996638834688
198837996064223233
198837996735307777
198837996517203969
198837996521394177
198837996949217281
198837996601081856
198837997028917249
198837998283014145
198837997544816641
198837997746135042
198837998572417025
198837998610161664
198837998874411008
198837998756954113
198837998777942016
198837998782136321
198837998605963265
198837998882791427
198837998941511681
198837998928932864
198837998966681600
198837998920544256
198837998438195201
198837998673068033
198837999428055040
198837999218335744
198837999612604416
198837999532916736
198837999042166785
198837999683907584
198837999801344003
198837999482572800
198837999805538306
198837999679713280
198837999964930048
198838000199794688
198837999272857603
198838000141078528
198838000162045953
198838000292077568
198838000015253505
198838000304656384
198838000468238337
198838000560517120
198837999990087683
198838000233353216
198837999960727552
198838000078168065
198838000300470273
198838000648589314
198838000292073473
198838000380149762
198838000363388928
198838000778608640
198838000317243392
198838000837328896
198838000745058304
198838002397618176
198838002498281472
198838002691223553
198838002712190978
198838002301145088
198838002246631425
198838002447958016
198838002364059649
198838002892550144
198838002947072001
198838002989019136
198838002955460609
198838002758320128
198838002481504257
198838002787696640
198838001386799105
198838002661867521
198838003454578688
198838002733170688
198838003391660032
198838002406002689
198838003421024256
198838003475550208
198838003181957120
198838003098066944
198838003693658112
198838003433615360
198838003236478977
198838003467165696
198838003798511616
198838003207127041
198838003395866624
198838003685261312
198838003886592003
198838003815284737
198838003689455618
198838004113088513
198838004113088512
198838003752370176
198838003785940993
198838004406681600
198838004066947072
198838003995643904
198838003920150529
198838004461223936
198838004641574912
198838004922589184
198838003949514752
198838003286814721
198838004964528128
198838006596112385
198838006315089923
198838006700965888
198838006541590529
198838006252183554
198838005404925953
198838006826807296
198838006810034176
198838006415761408
198838006101192705
198838006902308865
198838004297637889
198838006910685185
198838007011360768
198838007170727937
198838006549983232
198838007107813376
198838007107825664
198838006919069696
198838007489511424
198838007493689344
198838007401422850
198838007174926337
198838006981996544
198838007334309890
198838006742925312
198838007195906048
198838007409807361
198838007548227585
198838008059920385
198838007636299776
198838008148008964
198838007711805441
198838008265445376
198838008324161536
198838007447560193
198838008034754560
198838007799873537
198838008261255168
198838007883776002
198838008299012097
198838008483557376
198838008554860544
198838008257064961
198838008634548226
198838005845344256
198838008663900161
198838008152199168
198838008307388416
198838008110252033
198838010849140736
198838010412937216
198838010534567936
198838010618449921
198838010786222080
198838010941415424
198838011411185664
198838011092418561
198838011201466368
198838011243413505
198838011566366720
198838011746725888
198838011465695232
198838011889324033
198838011889332227
198838011528609792
198838011788664832
198838011889332225
198838011553787904
198838011608317953
198838012124205059
198838012149366786
198838011725758465
198838011973218304
198838012359081984
198838012401025025
198838012103233537
198838011914498050
198838012543639554
198838012061302784
198838012229070848
198838012384264195
198838012526862337
198838012245839872
198838013088894976
198838011734134785
198838012946292736
198838013000822784
198838013034364929
198838013453799424
198838013541879808
198838013151805440
198838013860651008
198838013441224704
198838013755789313
198838013688684544
198838013978083328
198838013692870656
198838013827104768
198838014166831104
198838015014092800
198838015072800770
198838013961322496
198838015081193472
198838015114752002
198838014917607425
198838015009886208
198838015139921921
198838015156682752
198838014934396930
198838015609675777
198838015374802944
198838016192675840
198838016276574208
198838016503066625
198838016771489792
198838016884748289
198838016964440065
198838017224474624
198838017228677120
198838017186742272
198838017329344512
198838017354514432
198838017316765698
198838017685856256
198838017539055619
198838017627127809
198838018138849280
198838017614548993
198838018302410753
198838018386313216
198838018306613248
198838018621181954
198838018864459776
198838018579234816
198838018214330368
198838018960920577
198838018600222720
198838017992044545
198838018528907265
198838017090260992
198838018910593026
198838019283877890
198838018864463872
198838019246141440
198838018902196225
198838018788958208
198838019598454787
198838018998681603
198838019783012352
198838017971068929
198838019841736704
198838018285641728
198838019309051905
198838019602653184
198838020235993088
198838020324069376
198838020391186433
198838019699130368
198838020386983936
198838020483461120
198838020655419392
198838020361822208
198838020709949440
198838019237756928
198838020256960512
198838020743512064
198838021058072576
198838021129383939
198838021372641280
198838021326512128
198838021133565953
198838021548818432
198838021724979201
198838021708201986
198838021183909890
198838021011939330
198838021267791875
198838022026960896
198838021909524482
198838022026956800
198838022052118528
198838022064705536
198838019493597184
198838021548818436
198838022270238721
198838022211514369
198838021699801088
198838022400245761
198838020781260800
198838021951455232
198838022647717888
198838023394308096
198838022916145154
198838023515930625
198838023541112833
198838023268478977
198838024036028416
198838024195411970
198838024216383489
198838024082165760
198838024656789506
198838024166060033
198838024283492352
198838024090566656
198838025051058176
198838025139130368
198838025252380674
198838025394995200
198838024870690816
198838025113976833
198838025491464194
198838025575337984
198838024593874944
198838025696972800
198838025680195587
198838025713750016
198838025705369601
198838025797644288
198838025818615808
198838025650835458
198838025961226240
198838026078654464
198838026108026882
198838025789251585
198838026053484544
198838025948635137
198838026284187648
198838025868951556
198838026393239553
198838025835380736
198838026640687106
198838026544230402
198838026795880450
198838026808475649
198838026221264897
198838026833641472
198838027026571264
198838026816847872
198838026611339265
198838026560995329
198838027244666880
198838027622162432
198838027596988416
198838027878014976
198838027588599810
198838027752177667
198838027278233600
198838027496341505
198838027898990592
198838027156590592
198838028024815617
198838027924156417
198838028087734272
198838027768967169
198838028129673216
198838027907379200
198838028339388417
198838028494581761
198838028435853314
198838028712689665
198838028565884928
198838028834316289
198838028532326401
198838028721061888
198838028876263425
198838029140508672
198838028146458624
198838029329248258
198838029337624577
198838028876255232
198838029325041665
198838029065003009
198838029736083457
198838029224386560
198838029643821057
198838029387972608
198838029937418240
198838029325049856
198838030117781505
198838030172291072
198838029543149569
198838029308276738
198838029878697984
198838030386208769
198838030386208768
198838030461710336
198838030591729664
198838029266325507
198838030251986944
198838030767882242
198838030499459072
198838031791308800
198838031896158208
198838031996821505
198838032026173442
198838031996821507
198838028356165632
198838031057293312
198838030965030912
198838032386887681
198838032445603840
198838031959072771
198838032546267137
198838031858401280
198838032516923392
198838032672104449
198838032693067776
198838032789549056
198838032789536769
198838032927952896
198838033016045569
198838032974086144
198838032269451264
198838033129291777
198838032957313025
198838033334812672
198838031514468354
198838033523544064
198838033456443392
198838033754226689
198838033762615296
198838033829732353
198838033808752641
198838033800368128
198838033162838017
198838033913614336
198838033896833025
198838033448058880
198838034207219712
198838033892646912
198838034282713088
198838034416934912
198838034714738689
198838034869915648
198838035050266624
198838034660200449
198838035213852673
198838034718932993
198838035251609600
198838035633291264
198838035738144768
198838035956244482
198838035700391936
198838035692011520
198838035503251456
198838036178546689
198838036149174273
198838036111437825
198838036170162176
198838036291780608
198838036627341312
198838036602163202
198838035914301440
198838036732182528
198838036983848961
198838037180973056
198838037248090112
198838036702822400
198838037180989442
198838037256482818
198838037323595776
198838037214531584
198838037453602816
198838037474586624
198838035910107137
198838037554274304
198838037571055618
198838037130641408
198838037638160384
198838037730439168
198838037763997696
198838037843677185
198838037843673089
198838037298421760
198838037684301824
198838038007255041
198838037424254976
198838037692678146
198838038242136065
198838038099529728
198838038070173696
198838038258917377
198838038074359810
198838038703517697
198838038267305984
198838038372155392
198838038506385410
198838038363766784
198838038976135168
198838039030673408
198838038724481024
198838040402202624
198838040054079488
198838040544813056
198838040054083584
198838040586756097
198838040695816192
198838040280567808
198838040842616833
198838040700006400
198838040410599424
198838041098469376
198838041291395077
198838041341734912
198838040897130496
198838040595144705
198838041467564032
198838040964235264
198838041555640320
198838041501114368
198838041505312768
198838041694052352
198838041589186560
198838041689853954
198838041983455232
198838041928937474
198838042092503040
198838042298032132
198838042306428929
198838042289651712
198838041668886528
198838042532904960
198838041979269120
198838041731801088
198838042163806208
198838041387868161
198838042092507136
198838042969128960
198838043082358784
198838043065593856
198838043224965121
198838042822320128
198838043224977408
198838042822316033
198838043396947968
198838043250139137
198838043224969216
198838043652796416
198838043543736321
198838043183034368
198838044026077184
198838044411969536
198838044382609408
198838044550377473
198838044680392704
198838044718145537
198838044177084416
198838044546187264
198838044982390785
198838044953022464
198838045116608514
198838044873334785
198838045183717376
198838044525215744
198838044961406978
198838044814610432
198838044684591104
198838045041098753
198838045351477248
198838045171122176
198838045108215808
198838045582172162
198838045070458880
198838045343105024
198838045854793728
198838044944642048
198838045708001280
198838046077104129
198838045888356352
198838045930299393
198838046328754178
198838046286815233
198838046077095936
198838046471364608
198838046026776579
198838046387482624
198838046022565888
198838046538469376
198838046597189632
198838046609768449
198838046827876353
198838046471368704
198838046320365568
198838047159226368
198838046987264000
198838046869827585
198838047377338368
198838046806908930
198838046819500032
198838046668492800
198838047528329216
198838048526569473
198838048069402624
198838048732086272
198838048656605184
198838047813533697
198838048786624512
198838048740487170
198838048170053632
198838048715325440
198838048966975489
198838048253952001
198838048971165697
198838048753074176
198838048945999874
198838048660795392
198838048434290689
198838048648200192
198838048832749569
198838049193463809
198838048765640704
198838049235415040
198838049503850496
198838049105391616
198838049549987840
198838049579352064
198838049029890048
198838049038282752
198838049826803712
198838049508032512
198838049793257472
198838050036518913
198838050187517953
198838049570951168
198838050225258497
198838050263015424
198838050401423360
198838050384642048
198838049663234051
198838049826816002
198838050082656256
198838050082664449
198838050653093888
198838050707619842
198838050875387904
198838051051540481
198838051022188544
198838050502098946
198838051319971841
198838051324174337
198838051143823361
198838052750241792
198838052800561153
198838052980920320
198838053018673153
198838053417132032
198838053043838977
198838053580709888
198838053161271298
198838053857542144
198838053794611202
198838053844959235
198838054025297920
198838054260187136
198838054260183040
198838054327304192
198838054293737472
198838053928845312
198838054369230848
198838054197272577
198838054599925760
198838054495072257
198838054830604288
198838054927077376
198838054906114048
198838055002578944
198838055212285952
198838054537019392
198838055107440640
198838054599929857
198838054910304256
198838054801252353
198838054893522944
198838055501697025
198838055577194500
198838055120019456
198838055220686848
198838055199703042
198838055459766275
198838055426211841
198838056013398016
198838055887577088
198838055279411200
198838056021794816
198838055967272960
198838056063729665
198838056424456192
198838056487358464
198838055824654337
198838056474783744
198838056147632129
198838057057792001
198838056902606848
198838056109879296
198838057192001536
198838056655126529
198838057351397376
198838057347203074
198838056751603712
198838057649192960
198838057640800258
198838057749848065
198838057913421826
198838057447866369
198838057791795200
198838057338814464
198838057653379072
198838058106355712
198838058341244928
198838057552723969
198838058114752512
198838058492248064
198838058446102528
198838058517401601
198838058035060736
198838057972150272
198838058299310080
198838059125587968
198838058429333504
198838058156703745
198838057439477760
198838058773262336
198838059125587970
198838059414986753
198838058706141185
198838059511455744
198838059494670337
198838059264000002
198838059083644928
198838059838607361
198838059230437377
198838059691814912
198838060274810880
198838059792482304
198838058982965248
198838059909914624
198838059939278850
198838060606160896
198838060794916864
198838059381436417
198838060434206722
198838061126270977
198838061000437760
198838060790726658
198838061029801987
198838061352763392
198838060715220994
198838061038178304
198838060975276032
198838061579247616
198838061549887488
198838062044819456
198838061914796032
198838061369524227
198838062296465409
198838061759610880
198838062191624193
198838061541494785
198838062590070784
198838062766227458
198838062745272320
198838062887866368
198838062845919233
198838060027351040
198838063101788160
198838062833344512
198838062615244800
198838063298904064
198838059586945024
198838063076622336
198838062715904000
198838063512813569
198838063168888834
198838063189852161
198838063558959105
198838062791397376
198838063613485056
198838063672197121
198838063668011008
198838063068229632
198838063688990720
198838063777067008
198838063361818624
198838062988537856
198838064112607232
198838064133574656
198838063810609152
198838063839981568
198838064443965440
198838064548818944
198838064573988866
198838065345728512
198838064859185153
198838064817254400
198838065253453824
198838065106653185
198838065693855744
198838065173766146
198838065844854784
198838065614168064
198838065081495554
198838065412837376
198838063974191106
198838063986782208
198838066121670657
198838066167812096
198838065647730689
198838065983258627
198838066021019648
198838065832271872
198838066515947521
198838066012622848
198838066327203841
198838066713083904
198838066759204865
198838066746626049
198838066348171264
198838066658541569
198838066755026944
198838067178643456
198838066515943426
198838067547746305
198838067140902912
198838067367391233
198838067547742208
198838067811987456
198838062422298625
198838068206252032
198838068147535872
198838068348846082
198838068449521664
198838068164296705
198838068407566337
198838068315303936
198838068998967296
198838068977999873
198838069011558401
198838069149970432
198838069066072066
198838068441120768
198838068948631553
198838069556805633
198838069720387585
198838069795893248
198838069821063168
198838069363879937
198838069749751809
198838069934309376
198838069946880001
198838067820363778
198838069653274625
198838070102081536
198838070093692928
198838069670068224
198838070093676545
198838070261452800
198838069670064128
198838069544239104
198838068709560320
198838069993017344
198838070697664512
198838070819303424
198838070584414208
198838070919958528
198838070932537344
198838070555066368
198838070978686976
198838071280664578
198838071322607618
198838071159037952
198838070123040768
198838071121297409
198838071108702208
198838071465226241
198838071612018688
198838071414898689
198838071393927169
198838071175811072
198838071888842753
198838072039837696
198838071540723712
198838072228593666
198838072119529473
198838072366989313
198838071721082881
198838071846899712
198838071767220225
198838071972728832
198838072534765570
198838072652210176
198838072715132930
198838073935675392
198838074015354881
198838073457512450
198838074061500416
198838074048921600
198838074493509632
198838074380255233
198838074447364097
198838074338316288
198838074426408960
198838075001020416
198838075156217856
198838075416264705
198838074204098560
198838075621769216
198838075584032768
198838075651145728
198838074946494464
198838075101687808
198838075294625792
198838075743420416
198838075881828353
198838075433029632
198838075944742912
198838074174734336
198838075806318592
198838075504336898
198838076108324864
198838075894398977
198838076234137601
198838076280283137
198838076280274945
198838076024434688
198838075542081538
198838076359974913
198838076569698304
198838076385148930
198838076087349249
198838076074758146
198838076439666689
198838076666155008
198838076599054336
198838076586467329
198838076955570177
198838077114945538
198838077161082880
198838077265940480
198838077395959808
198838076913614849
198838077026873347
198838078058668033
198838077542764544
198838078176112640
198838077475667968
198838078406791169
198838078385815552
198838077953802240
198838077941223425
198838078406791168
198838075193962496
198838078566187009
198838078146748416
198838078712983553
198838077966393345
198838078784282624
198838078968836096
198838078738141185
198838079182745601
198838079379869696
198838078742347776
198838079358898177
198838078515838976
198838079124025344
198838079518289921
198838079648309249
198838079686053888
198838079014969344
198838079778340866
198838076435472384
198838079774138368
198838079329546240
198838077802823680
198838079790919680
198838080029982720
198838079593787393
198838080113872896
198838080306810880
198838079849631744
198838079593783296
198838080340377600
198838079509897216
198838080428441600
198838080143245312
198838080193560580
198838080394887168
198838080705282048
198838081070174208
198838080587841536
198838080889827328
198838081040814082
198838082324279296
198838082353635328
198838082471075840
198838082252963840
198838082592706561
198838082684981248
198838082739519488
198838082403975171
198838083075047425
198838083020525568
198838082533998593
198838083154747392
198838082735316993
198838083226058753
198838083351871488
198838083372855296
198838083137970177
198838083469328384
198838083041505280
198838083712589824
198838082743713792
198838083209269249
198838083817451520
198838083221864448
198838084048125952
198838084157190145
198838083238625280
198838084241076224
198838083557396480
198838084186537985
198838084459175937
198838084425613312
198838083897131008
198838084509503488
198838084534677504
198838084484345856
198838084576620545
198838084006191104
198838084643725313
198838084484345858
198838084526284803
198838084526276608
198838085113479171
198838085004431360
198838083968446465
198838085134450689
198838085138657281
198838085201559552
198838085541314560
198838085138661377
198838086359203840
198838086384365570
198838086434689025
198838086564712448
198838086266912769
198838086623444992
198838086870896642
198838086619250688
198838087319683073
198838086849925121
198838087403581441
198838086862503937
198838087684595712
198838087047053312
198838087802036225
198838087713947648
198838087407771649
198838087831392257
198838087370014720
198838087403581440
198838088053698560
198838087630077952
198838088020144129
198838088187908096
198838088120811520
198838088410210305
198838087768477696
198838087978192896
198838088158543872
198838088452145153
198838088582184960
198838088703811584
198838088229855232
198838088871579648
198838088494104577
198838088917716992
198838088762523650
198838088590569472
198838088959668225
198838089093885953
198838088494100480
198838089169387523
198838088808669184
198838088942895105
198838089421033472
198838089366503424
198838089362325507
198838089504915457
198838089538473984
198838088905134081
198838090742251520
198838090616410113
198838091136507907
198838091136499713
198838090725466112
198838091316854784
198838090142453760
198838090842914817
198838090926796800
198838090880659458
198838091593695232
198838090918412288
198838090993909760
198838090977124352
198838091664994304
198838091891490816
198838091195236352
198838088485707776
198838091430100993
198838091795009537
198838092260573184
198838088557006848
198838091547541504
198838092243795968
198838091895681025
198838092533219328
198838092239601664
198838092554186752
198838092164120576
198838092218634240
198838092344471552
198838091438505985
198838092638068737
198838092982009859
198838092969426944
198838093015552000
198838093002964992
198838093040717824
198838092747112448
198838092457713665
198838093338509313
198838093372080128
198838092818432000
198838093309157378
198838093573406721
198838092113784833
198838093393043456
198838090280873984
198838091161665537
198838093401436160
198838094823305217
198838094798131200
198838094529703938
198838094177382400
198838094919778305
198838095003664384
198838094621970432
198838095280480256
198838094621978624
198838094831693825
198838095314034689
198838095435665409
198838095410495488
198838095544713216
198838095624421378
198838095402115074
198838095087542272
198838095884455937
198838095393730560
198838095540535296
198838095687331843
198838096039649280
198838096182247424
198838095733456897
198838096207417345
198838096182263808
198838095876071424
198838096341630976
198838096429727744
198838096580714498
198838096823980033
198838096987553792
198838097268588544
198838097495072769
198838097734139905
198838097973219328
198838097419571200
198838097985802240
198838097973231617
198838097214058497
198838097155325952
198838097654452225
198838098283597826
198838096798814209
198838095687335936
198838098799509504
198838098279411712
198838098669486080
198838098543648770
198838099214729216
198838099160215552
198838099156013057
198838098812080128
198838098703028228
198838099357335553
198838099554476033
198838099487375360
198838099206352896
198838099567054849
198838099281842176
198838099260866560
198838099822907392
198838099768393729
198838099952926720
198838099562856450
198838099378319360
198838099906805760
198838099416055809
198838100099743744
198838100217171968
198838099785162753
198838100280086528
198838099910995968
198838100556918784
198838100619829248
198838100867297280
198838099554484224
198838100980543489
198838101097988097
198838101144113154
198838101202833408
198838101194444801
198838100741459968
198838100330414080
198838101316083712
198838101546762240
198838101597110272
198838101060231169
198838101525807106
198838101416751104
198838101081210880
198838101777457152
198838102054285312
198838101932650497
198838102205276160
198838101655822336
198838101785853952
198838100670164992
198838102603739137
198838103081893888
198838102989611008
198838100825346048
198838103098671105
198838103044145152
198838103463575552
198838102016532480
198838102922506240
198838102943473664
198838103597780992
198838103014768641
198838103773941760
198838103627149312
198838103388069888
198838103010578432
198838103757168641
198838103849439232
198838103811702786
198838104008835072
198838104193384448
198838104159825921
198838104180789248
198838103601979394
198838104344375296
198838104344375301
198838104050774016
198838103933321216
198838103996239872
198838104419860481
198838104847683585
198838105028034560
198838105023852546
198838104377925633
198838104688308224
198838104625397760
198838105346801664
198838104814125057
198838105451671553
198838105204199424
198838105195819009
198838105531363330
198838105690746883
198838105661386752
198838105623633920
198838106181472257
198838106072416257
198838106131140608
198838105636212737
198838106273755137
198838106370220032
198838107720785921
198838107972440064
198838108152791040
198838108068921346
198838107787890688
198838107351691264
198838108307992576
198838108148609024
198838108366704642
198838106839990272
198838108295409664
198838106466693120
198838108563836928
198838108488335360
198838108689666048
198838107993423872
198838108781936640
198838108245069825
198838108819685376
198838108899381249
198838109025206272
198838108924559360
198838108425428992
198838109109100545
198838108333146112
198838109713072128
198838108953919491
198838109029400577
198838109759213568
198838109062963202
198838110031851521
198838110031843328
198838109994098688
198838109973127170
198838107628503040
198838110191230978
198838108630945792
198838110317064193
198838109847289856
198838110354812930
198838109767598080
198838110468055040
198838110128320512
198838110262530048
198838110077980672
198838110115725312
198838108639342592
198838110174461952
198838110996537344
198838111055249408
198838111541788672
198838111709560834
198838111202062336
198838111902498816
198838111411777537
198838111982198784
198838111608909825
198838111566958592
198838112321941504
198838112154173440
198838112598761472
198838112829444096
198838112615546881
198838112707809280
198838112795893762
198838111403376641
198838113181773824
198838112309358593
198838113571831809
198838113441808384
198838113634750464
198838113676697602
198838113613783041
198838113852850176
198838113739612161
198838113961914368
198838113626370049
198838113492152320
198838113987072000
198838114125488129
198838114280673280
198838114389725184
198838114255511552
198838114532339715
198838114473619460
198838114674933761
198838113613787137
198838114070970368
198838114712690688
198838114385526785
198838114607833088
198838114435862528
198838115195035650
198838115241181184
198838114838515713
198838115274731521
198838115060822016
198838115639640064
198838115392167937
198838116382019585
198838116461707264
198838115937427457
198838115891294208
198838115929042944
198838116709175297
198838115060817920
198838116759519232
198838116478496768
198838116562370560
198838117069881346
198838116377825280
198838116939857920
198838117283807233
198838117342515201
198838116793069569
198838117413830658
198838117443178497
198838117053108225
198838116763701249
198838117128605698
198838117631918080
198838117472550912
198838116658843648
198838117799702528
198838117556432897
198838117594177538
198838116885336064
198838117342527490
198838118001029120
198838116709179392
198838117489311744
198838117992636416
198838117673861121
198838118336577537
198838116658839552
198838118554664960
198838118873444352
198838118940553217
198838117476741120
198838118810533888
198838118739218433
198838117229273088
198838117866803201
198838119221559299
198838118428839937
198838119158644738
198838118667919360
198838119989129218
198838119624216577
198838120073015296
198838119863291905
198838119552921600
198838120291110913
198838119909437440
198838120379195392
198838120341442560
198838120496627712
198838120744091648
198838120043659264
198838120127541248
198838119544524801
198838121037705216
198838120991571969
198838120593100800
198838117887774721
198838121134161920
198838120853147648
198838121209659392
198838120895102976
198838121473908738
198838120995766273
198838121608134656
198838121616510976
198838121343889409
198838121662656514
198838121834610688
198838120777646082
198838121952051200
198838121578770434
198838122128211968
198838122027560960
198838122170155009
198838121784291330
198838121733959680
198838121759117312
198838122405044224
198838122312769536
198838122610569216
198838122413441025
198838122241470465
198838122757357569
198838122094661632
198838122237267968
198838122795106304
198838122669289475
198838123361353728
198838123030003712
198838124351193088
198838124179226625
198838123805941761
198838124544139265
198838124573499394
198838123101298688
198838124544139264
198838124682559488
198838124644806656
198838124611239937
198838124527357952
198838124313456640
198838124300869632
198838124950982656
198838125093593088
198838124883873792
198838125500448769
198838124879675392
198838125160697856
198838125592707072
198838125655629824
198838125252972545
198838125022281728
198838125320081408
198838125915668480
198838125806616578
198838125840187393
198838125223612416
198838126037307393
198838125487865856
198838125588525056
198838126276386816
198838125647245313
198838125676609537
198838126142173187
198838126515453953
198838126620327938
198838126033125376
198838126477721600
198838126389633024
198838127081693185
198838126305751040
198838127207526402
198838127249469440
198838127396270080
198838127316574208
198838127039741954
198838127463366656
198838127513714688
198838127488540673
198838128616800256
198838128742641665
198838128641970176
198838128004440064
198838128822333441
198838128260296704
198838128281272321
198838129061408768
198838129183039489
198838129111740416
198838128969129984
198838129241763840
198838128906215424
198838128730054656
198838129547952128
198838129719902208
198838129577312259
198838129883488258
198838129807982593
198838130294534145
198838129690550273
198838129875107841
198838130386812928
198838129879298049
198838130453909505
198838129703124992
198838130462294016
198838130017705984
198838130701369344
198838130726539264
198838131112423425
198838130630078464
198838130709762050
198838131280195584
198838131317948417
198838131397632000
198838131217268736
198838131431186432
198838131246645248
198838130965626880
198838131871592448
198838131854819328
198838132131631105
198838132135833601
198838132219711488
198838131812859905
198838132186165249
198838132030963713
198838132509122561
198838132215513088
198838132001611776
198838132022583296
198838132874027008
198838132492349440
198838133012434947
198838132563648514
198838133327007744
198838132693663744
198838132727218179
198838132836278272
198838133176012801
198838133595447296
198838133654159361
198838133880655872
198838134094569472
198838134056816640
198838134052618240
198838134128128001
198838134262341632
198838134056816641
198838134367191041
198838134161670144
198838134476247041
198838134321070080
198838134811787264
198838134979571712
198838135189291008
198838134954393600
198838135201873921
198838135982010368
198838135990386689
198838135784869888
198838136023941120
198838135298338816
198838135696789505
198838136325931010
198838135772295171
198838136330141696
198838136414015489
198838136497897472
198838135826812928
198838136476938240
198838136598577152
198838137059938305
198838137059946496
198838136955088897
198838137525510144
198838137139625984
198838137332563969
198838137156415490
198838137173184513
198838137391300608
198838137961717761
198838138125295616
198838137647140865
198838138532151297
198838137978494976
198838138469232640
198838138611838976
198838137701679104
198838138825736192
198838138829946880
198838138959953921
198838138678951936
198838139467468800
198838139639447552
198838139412942849
198838139643637761
198838139232595968
198838139765276672
198838139954003968
198838140285370368
198838139949826048
198838139836571648
198838140008542211
198838140172115968
198838140688023553
198838140729950208
198838140650270720
198838140880949248
198838140583157760
198838140226637824
198838137085116417
198838140520247296
198838137575833601
198838139333263361
198838141275217921
198838141291991040
198838140679618560
198838141556232194
198838141547855872
198838141577199616
198838141489131520
198838141552037888
198838141619154944
198838141279412224
198838141916954624
198838141849845761
198838141900177411
198838141208100865
198838141644308480
198838142130851841
198838141640122368
198838141698842625
198838142420254721
198838142009225216
198838142478991360
198838142512545792
198838142504153091
198838142692888577
198838142139252739
198838142160207874
198838142705479680
198838142172798976
198838142936162306
198838142508347392
198838142604804097
198838142785163265
198838143586287616
198838143305261056
198838143783419905
198838143930204160
198838143661776898
198838143967965186
198838143884075010
198838143175245825
198838143733071872
198838144320274433
198838144307703808
198838145029128194
198838145033322497
198838144886509569
198838144366415872
198838145087844353
198838145113006080
198838144878116865
198838145461141504
198838145381445633
198838145297563648
198838145108815872
198838145452748801
198838145813454848
198838145968635904
198838145108803584
198838145956052994
198838146077696000
198838146090278912
198838146182553600
198838145951870976
198838145578577920
198838146396463105
198838145763127297
198838146337734656
198838145943474176
198838146295799810
198838145628897281
198838146782339072
198838145968635906
198838146992054272
198838146820083713
198838147130470402
198838147189182467
198838147226943488
198838147264688129
198838147294035968
198838147549888512
198838147608612864
198838147310813184
198838147705077760
198838147994484736
198838148107730944
198838147554082816
198838147730243586
198838147394711552
198838147851894784
198838148392951808
198838148279701504
198838146534871041
198838148623646720
198838149235998720
198838149202444289
198838149152116738
198838149458300928
198838149819019264
198838149957431296
198838149546389506
198838150045503488
198838150230065152
198838149512839168
198838150246842370
198838149558968320
198838150313938945
198838150485909504
198838150343299072
198838149634457602
198838149806428160
198838146778148864
198838150502686722
198838150171344897
198838149915480064
198838150179721216
198838150183923713
198838149181489152
198838151115063296
198838151119241217
198838151467384832
198838150964051968
198838151429636099
198838151622574080
198838151316373506
198838151744200707
198838151756787713
198838151098273792
198838151849054210
198838151429636097
198838151924559872
198838151429632001
198838151450599424
198838151496740865
198838152172019714
198838152121688064
198838152234930177
198838151622557696
198838152390127616
198838152415297537
198838151870033921
198838152046182400
198838152796962817
198838152411103232
198838153493229568
198838153476440064
198838153681969153
198838153530974210
198838153841360897
198838153937817600
198838153224785921
198838153975578625
198838154038484992
198838154160115713
198838153551945728
198838154113990656
198838154202058752
198838153405153280
198838153375793152
198838153568722944
198838154411778049
198838153866522624
198838153535164417
198838153535160322
198838154709573633
198838154537615362
198838154533408768
198838155070275584
198838155175149568
198838155254824960
198838155074486272
198838155309355008
198838155292577792
198838154831204352
198838155200299009
198838155510693888
198838155154169857
198838153660997632
198838155464544256
198838154764107776
198838155468746754
198838155460362240
198838155749756928
198838155904942080
198838155108040705
198838155967860736
198838156169195521
198838156081102848
198838155892371457
198838155732975616
198838155888173056
198838155636506624
198838155988828162
198838156395675649
198838157716889600
198838157817548801
198838158023073792
198838157498793984
198838158111154179
198838158006296576
198838158295703552
198838157612036096
198838158568329216
198838158119550976
198838158463471617
198838158241169408
198838157943373824
198838144676790272
198838159025504256
198838159352664064
198838159398797312
198838157553311744
198838159268790272
198838159700803587
198838159583363072
198838159763718144
198838160371892224
198838160602562561
198838160669671425
198838160728403971
198838160237666304
198838160489328640
198838161022001152
198838160971665408
198838160988438529
198838161105891329
198838161156222976
198838161235918848
198838161001033728
198838161273663488
198838161156222977
198838160883580928
198838161512730624
198838159889547265
198838161500155905
198838161642754048
198838161303011328
198838161336582144
198838161714069504
198838161835700227
198838161898602496
198838161516920832
198838161907003392
198838161978302464
198838161898606593
198838161684692992
198838162133487616
198838161718255616
198838162213183489
198838162313846784
198838162418712576
198838157612027906
198838161659539457
198838162225774593
198838162594861056
198838163119157248
198838162095738880
198838163203031040
198838162502586369
198838163161100289
198838163387584514
198838163018489856
198838163106562048
198838163035258880
198838161743429632
198838162980737025
198838163517620224
198838163710554114
198838163731513345
198838163253379072
198838163224010752
198838163274350592
198838162972344320
198838163790241792
198838164125794304
198838163874119680
198838163412758528
198838163970588673
198838163702153216
198838163840573442
198838163899285504
198838164280971264
198838164138364929
198838164964651008
198838164989816834
198838165199527937
198838165258252289
198838165564440576
198838165736398850
198838166009032704
198838165920940032
198838166122274816
198838166235529217
198838166361346048
198838166596222976
198838159499472898
198838166667538433
198838167065985026
198838167070191618
198838166428450816
198838167086964736
198838167212797952
198838167292477441
198838167309266947
198838167456067584
198838167330238464
198838166965329920
198838167539945472
198838167573508096
198838167263133696
198838167435083776
198838167867097089
198838167477043201
198838168118755328
198838168047456257
198838168051662848
198838168190074880
198838168198455296
198838168345255937
198838167581896704
198838168315904000
198838168382996480
198838168429146112
198838168311693312
198838167938408448
198838168684994561
198838168181673984
198838168601116672
198838168315895808
198838168701771777
198838168408174594
198838168722739201
198838168861159425
198838168999571458
198838168261365765
198838169104424960
198838169234440192
198838169309937664
198838169549017088
198838170157195264
198838170132021249
198838168622071809
198838170278821888
198838170387890176
198838170043944962
198838170610188288
198838170736009216
198838170568245248
198838170756972544
198838170459181057
198838171063160832
198838170320781312
198838171012833280
198838171075756032
198838171214163968
198838170488545283
198838170601787393
198838171256094720
198838170857652226
198838171574874112
198838171021213696
198838170228494336
198838169314140160
198838171302240258
198838170140409856
198838169511268355
198838171537113088
198838171990106112
198838171943976961
198838171558092801
198838172019474432
198838171755220993
198838171826536448
198838171746836480
198838171981717509
198838172493418497
198838172459859968
198838172082372609
198838172531175424
198838172094963712
198838169456750592
198838172824764416
198838167330226176
198838169209274368
198838172837351424
198838172879294464
198838172388569088
198838172900274178
198838171923005441
198838174355693571
198838174242443264
198838174015950848
198838174343114753
198838174376660993
198838174544445440
198838174452166657
198838174057902080
198838174540234752
198838174749962240
198838174678650880
198838174741561344
198838174720602112
198838174447968256
198838174301167616
198838174351495168
198838175064539136
198838174280204288
198838175249076225
198838174796095488
198838175534292993
198838175303610368
198838175538483200
198838175882412032
198838175282634753
198838176108916736
198838176465424384
198838175878225920
198838176016629760
198838176402518016
198838176394133504
198838176629010432
198838176662568962
198838175869829121
198838176700317696
198838176847118337
198838176532537345
198838176264110082
198838176591249410
198838176624820224
198838176880660480
198838177425924097
198838176897437699
198838177052631041
198838177350418432
198838177191034882
198838177656606720
198838177342033920
198838177618870272
198838178097012736
198838178675822592
198838178436747264
198838178961031168
198838179049119744
198838179120414720
198838178562584576
198838179208499203
198838179204313088
198838178545803264
198838178097008640
198838178390618112
198838179342721025
198838179594383361
198838179401437184
198838177245560832
198838179690848256
198838176142475265
198838179288199168
198838179200106496
198838179846037506
198838179724410880
198838179900571648
198838179875389440
198838180307410944
198838179942498304
198838180647141377
198838180982697986
198838181087551488
198838181100138496
198838181087555584
198838180777168896
198838180903010305
198838180936548352
198838180785553411
198838181561516032
198838181808975872
198838181888671744
198838181964161024
198838181691531264
198838182719139843
198838182610083841
198838182748504064
198838183067254784
198838182303895552
198838182282919936
198838183327313920
198838182748495872
198838183679623168
198838183553794048
198838183662858240
198838184094871553
198838183906123777
198838184040333314
198838183885148160
198838184644321280
198838184614965248
198838184761757696
198838184254259200
198838183822237696
198838184799510528
198838185046978561
198838184711434240
198838185445429248
198838185596428289
198838185244106754
198838185197961218
198838185554493441
198838185533517824
198838185638379520
198838185420267521
198838185374134272
198838185642565632
198838184992456704
198838185470595072
198838186376568832
198838186477223937
198838186766630914
198838186397548545
198838186934403072
198838186896662531
198838187085414402
198838187093794817
198838186984751104
198838187257364480
198838185990688769
198838187676798976
198838186611441665
198838187672600576
198838187982995458
198838188012351490
198838187643240448
198838187626463233
198838187769081856
198838187815206912
198838186754048000
198838188498886656
198838187924262913
198838188687638528
198838188633112576
198838188389830656
198838188947681280
198838188222070787
198838189035749377
198838189266452480
198838189249675265
198838189476167680
198838189270642688
198838189648125952
198838188893151234
198838189627162625
198838189601992704
198838189799120897
198838189136429056
198838189996253184
198838189945913344
198838188373065728
198838190126280704
198838190243713024
198838190143057921
198838190201765888
198838190340194304
198838190256295937
198838190260486144
198838190709288961
198838190717673473
198838190700904448
198838190289846273
198838190990295040
198838191241953281
198838191158079488
198838190835105792
198838191464251393
198838191451680768
198838190973526017
198838191636226048
198838191044825089
198838191804006400
198838191111933952
198838191858524161
198838191049019392
198838191736893440
198838191980158976
198838191430696960
198838192064049152
198838192550588416
198838192441540609
198838191980158977
198838192802250752
198838192487669760
198838193095839745
198838193183924224
198838189375500288
198838193079058433
198838193221677056
198838193477517313
198838192609304576
198838193326534656
198838193758547968
198838193917919233
198838193779507200
198838193930518528
198838193955680256
198838194010206210
198838193905336320
198838194266054656
198838193691426816
198838194026975232
198838193326530560
198838194618372098
198838194530295808
198838194370920449
198838194341548032
198838194916175872
198838194358325248
198838194563858432
198838195201388544
198838195218165763
198838195255902208
198838195448856577
198838195750842368
198838195729874944
198838194521907200
198838195947978752
198838195629207552
198838195729858560
198838195788591106
198838196367396864
198838196489031680
198838196283523072
198838196321255424
198838196191232000
198838196329660416
198838195276877824
198838196614864896
198838197051072513
198838196853948416
198838196749082624
198838197374038016
198838197306933248
198838196090572801
198838197227233280
198838197185298433
198838197566976001
198838197260791808
198838198074474498
198838198317744129
198838197642465281
198838197743124482
198838197696995329
198838198418423808
198838198498103296
198838198359703552
198838196052836352
198838198040920065
198838198049325058
198838198586195970
198838198166757377
198838198670069761
198838198191919105
198838195633393665
198838198791700480
198838199106289664
198838199173386240
198838198586183680
198838198980444161
198838198770737155
198838199055949824
198838199278239744
198838199919980545
198838199831891968
198838199995478017
198838200125489152
198838200263901185
198838200238751744
198838200276488193
198838199282446338
198838200414904320
198838200612028417
198838200037412864
198838200612036608
198838200628805632
198838200112914433
198838200461045760
198838200263917568
198838200914030593
198838200867880960
198838200951779328
198838200674951168
198838200683335680
198838201534787584
198838200989523968
198838201262149632
198838201538973697
198838201778053121
198838201861931008
198838201849360384
198838201857744896
198838202105208832
198838202264600576
198838202012930049
198838202700808193
198838202981814273
198838202210070528
198838202444947456
198838202965032962
198838203061510146
198838203065712640
198838203451580416
198838203485134848
198838203128614914
198838203854233600
198838203388657665
198838204051365889
198838204261076992
198838204323987456
198838204365942786
198838204550492161
198838204680519680
198838204739235840
198838204156223490
198838204630179841
198838204344975360
198838204751822848
198838204831498241
198838204986691584
198838205007663104
198838204495966209
198838204697280515
198838205309652992
198838205389352961
198838205406121984
198838205351596033
198838205120905218
198838205867499520
198838205485821953
198838205502590978
198838206123356160
198838206081409025
198838205481627648
198838206219825152
198838206320488449
198838206295326720
198838206387589120
198838206156898304
198838206555373568
198838206794432513
198838206706368513
198838206517608448
198838206534393858
198838206895099904
198838206316285953
198838206450499586
198838206203035648
198838207058673665
198838206702166016
198838207209668608
198838206609883138
198838207138377729
198838207171932160
198838207838822401
198838208019169280
198838208170176512
198838208149209088
198838208291807235
198838207645884416
198838208296005633
198838207964643328
198838208350519296
198838208522502144
198838208522502145
198838208140812289
198838208522485760
198838208656703488
198838208790929408
198838208321167360
198838208463777792
198838208249864192
198838208396660736
198838208652509185
198838209147437056
198838209319415808
198838207813656576
198838209453637632
198838208782540801
198838208933527552
198838207616520192
198838209260695552
198838208765759488
198838209399111680
198838210011475968
198838209654956032
198838209604624385
198838209965326336
198838210107936768
198838209885634560
198838210506391553
198838210665775106
198838210447675392
198838210690957312
198838210032447488
198838210636414976
198838210800009216
198838210669969409
198838210804195329
198838210665783296
198838211294932992
198838211458502656
198838210837753856
198838210967764992
198838211139735554
198838212712611841
198838212729384961
198838212842622976
198838212179918849
198838213157208065
198838213262057472
198838213262049280
198838213513711618
198838213677289472
198838213245284352
198838213337559041
198838213756989440
198838213907972097
198838213983473665
198838213488549888
198838214168018945
198838214147055616
198838213266247680
198838214419685377
198838213710856192
198838214356774912
198838214482604032
198838214583263232
198838214025416705
198838214650380288
198838214373556226
198838214763622400
198838214973325313
198838214805561344
198838214230945793
198838214134464512
198838215157891073
198838215023656960
198838214868475904
198838214889447424
198838214738452482
198838215434706947
198838215556345858
198838214558093312
198838215724105728
198838215870918657
198838215912849410
198838215401160705
198838215795408897
198838216059658240
198838216168706048
198838216047067136
198838216198074370
198838216537812992
198838216512643074
198838216336486400
198838216776884225
198838216546201601
198838217057898497
198838217234063361
198838217208901634
198838215212417024
198838216860770305
198838217452163072
198838217586393088
198838217489911810
198838217682849792
198838217536045056
198838217515089920
198838217640910848
198838215820574721
198838217447964673
198838217502507010
198838217376661505
