198858350665011200
198858357266857985
198858357451390976
198858357950513152
198858359431102465
198858359657594881
198858359879909378
198858362924957696
198858364011290624
198858364082601985
198858363977732096
198858364980166656
198858364992753664
198858364980174848
198858362035765248
198858366594973696
198858367316398080
198858368033636352
198858369535197184
198858371405848576
198858371879804929
198858372521533441
198858372806750208
198858373578489858
198858371359711232
198858374446718976
198858374832586752
198858374673219585
198858375340101632
198858375826644992
198858377873473538
198858377936375809
198858380331335680
198858380780118017
198858381304410114
198858381920960514
198858382034206720
198858382856302592
198858382512365569
198858382529142784
198858383779045376
198858384836018177
198858385830068224
198858386106888196
198858389403598849
198858389990809600
198858390406045697
198858391806947329
198858392163459073
198858393237209088
198858393182674944
198858393291735041
198858393191059458
198858393119752192
198858392805183489
198858394596159488
198858397297287169
198858397561532417
198858398131957761
198858398794653696
198858398765297664
198858401055379456
198858402565328896
198858403471302656
198858404373086210
198858405090312193
198858407602700290
198858407585923073
198858407812415489
198858408399609856
198858404100452352
198858410219945984
198858410370936832
198858412371619841
198858412640055296
198858413273391104
198858413290164225
198858414644936704
198858415722864640
198858416553340929
198858416909856770
198858415945154560
198858417211838464
198858418440765441
198858418189119488
198858418503692289
198858419048947712
198858418914734082
198858420999290880
198858422110797824
198858422026911744
198858422739935232
198858423100641281
198858424749015042
198858424421851136
198858425684344833
198858427613724673
198858428502908928
198858430402928640
198858431799635968
198858432567189504
198858432823042048
198858433154392064
198858434236518401
198858434504949761
198858434483982336
198858434731446274
198858435616444416
198858436371419136
198858436874739714
198858437449355264
198858437856206849
198858438720229376
198858438892208128
198858440716718080
198858440137916416
198858442146983936
198858441639477249
198858442314752000
198858444659359745
198858444382535680
198858444600647681
198858444827148288
198858445347229696
198858445905084417
198858445686964224
198858446999793666
198858447364694017
198858448132255745
198858448413265920
198858448987881473
198858449201795073
198858450216824832
198858450372009986
198858450380394497
198858452855029760
198858454188822528
198858455648436225
198858454943805441
198858457187762176
198858457632346112
198858457653321728
198858459205218304
198858460484472833
198858462304800769
198858461654683650
198858462862655489
198858463089135617
198858465081425921
198858465534423040
198858465043689472
198858465475698688
198858466536849409
198858465874161664
198858466675273728
198858467333783553
198858468348801024
198858468877287424
198858468998905856
198858471532269568
198858471792320512
198858473100943363
198858473734275072
198858475047096322
198858477353967617
198858477781794816
198858478125727745
198858482034810881
198858481862852608
198858482437464064
198858482894643201
198858485797109760
198858485922938880
198858487479021569
198858488045252608
198858488070422528
198858488909275136
198858489278382080
198858489387433985
198858489295151105
198858490104643584
198858490884796417
198858491958525952
198858492361183234
198858493338460160
198858493812420608
198858492101132288
198858495083290624
198858495615967235
198858497755062272
198858498900103169
198858499491504128
198858500519112704
198858500917575680
198858500993056768
198858503786467328
198858504021344256
198858503702577152
198858505128644609
198858506449846272
198858505225125888
198858509150978048
198858511537549312
198858512275734529
198858513093623808
198858513374642177
198858514771357696
198858515316609024
198858515941556224
198858516495212544
198858516289687552
198858519162789888
198858519242485760
198858519171174400
198858520953757696
198858521016680448
198858521683562497
198858522849574912
198858523109638144
198858525320019968
198858525370368002
198858527538823168
198858528952287233
198858530663567360
198858531422732288
198858532278370305
198858533259837441
198858534128062465
198858534312607745
198858534572662784
198858535159873538
198858535000473600
198858535457656833
198858535155679232
198858535872901120
198858537168941056
198858537085059073
198858538188161025
198858538846654466
198858541887533059
198858542533455873
198858542101438464
198858543888211968
198858544047587329
198858544978726915
198858545633034240
198858544655773696
198858545519800321
198858545792434177
198858546396397569
198858546811637761
198858550955610112
198858551010148352
198858550913662976
198858551446339584
198858552692060160
198858553442828289
198858553660948480
198858554055204864
198858554675961856
198858555644854272
198858556429176833
198858556890558466
198858556970250241
198858558954151936
198858564029251586
198858563609821184
198858564910059520
198858565262393344
198858565618896896
198858566852018176
198858567485366272
198858567003025408
198858568072572929
198858568877879297
198858569838379008
198858570824032256
198858570748542976
198858570744344576
198858573005074432
198858573181227008
198858573772627968
198858575555203074
198858576322772992
198858576972890113
198858576733802496
198858576113041408
198858578046623744
198858578151481344
198858582077353984
198858583058808833
198858583511793666
198858585155977216
198858587081162752
198858587907428352
198858588335247361
198858591158026241
198858591225131008
198858591283843072
198858591225135104
198858592353402880
198858592881876994
198858595130023937
198858596027596800
198858596828721152
198858597592088577
198858597642403840
198858600351932417
198858601039806464
198858601224339456
198858601652174848
