198786376232218624
198786377146568706
198786376727142401
198786376462905345
198786377448554496
198786378014797824
198786378300010496
198786379545706497
198786382058094592
198786381802258433
198786381173100545
198786382238461953
198786382200709120
198786384356585476
198786384167833602
198786384453058561
198786386755723265
198786387393265664
198786388131459074
198786390610284547
198786391369453568
198786391113609218
198786392380284929
198786393072336897
198786393990901760
198786395022688257
198786394607452160
198786395643457536
198786395471482882
198786397308600320
198786398638190592
198786399288311808
198786400039092225
198786401788116992
198786402010398720
198786403591659521
198786404531187713
198786404652826624
198786404900286466
198786404979974144
198786405026111488
198786405151944704
198786405856575489
198786406401843200
198786406787715073
198786406284406784
198786407760793602
198786407341359105
198786409325273089
198786410835218432
198786412424871936
198786415625113601
198786415683833856
198786415658668032
198786415528656896
198786416208130048
198786416052928512
198786416241684480
198786415570587648
198786418183643136
198786417520939008
198786418816974848
198786420901543938
198786420809277440
198786421962719232
198786421920776192
198786422801567747
198786422604431361
198786425506902016
198786426836488193
198786428363223040
198786429214654464
198786430007382016
198786431550889985
198786431773184001
198786432884686849
198786433673203713
198786434512076801
198786435476750338
198786436114296832
198786437485830145
198786438773473280
198786438643462144
198786439956283393
198786439524261888
198786439985627138
198786441738846212
198786442527379459
198786444523880448
198786445937344512
198786446004469762
198786446478426113
198786446734278656
198786447170482176
198786449162764288
198786449385066496
198786449066299393
198786450043576320
198786449817092096
198786450890833920
198786452199444480
198786452555956224
198786453239635968
198786454493728768
198786455399694336
198786457018707970
198786459145211904
198786462530011136
198786464308400129
198786465080164353
198786463922528257
198786465075957760
198786465285685248
198786466090975232
198786467458330624
198786469517737984
198786470071369731
198786470499188737
198786472470519811
198786472755724288
198786473447800832
198786474567675904
198786475268112384
198786476161511424
198786476257968128
198786479680520193
198786480867508224
198786482679463936
198786482889175040
198786483858046976
198786484243931136
198786484143267840
198786484889845761
198786485242175488
198786486894735360
198786489730076672
198786489281298434
198786490954825728
198786491495874560
198786490992574467
198786491068063744
198786493408489472
198786493261692928
198786493962141696
198786495706972160
198786495761489924
198786494993940481
198786496818450432
198786497560846336
198786497393078272
198786495220416514
198786493647564801
198786499309862913
198786500387811328
198786499691544577
198786502128451584
198786505286758400
198786506381471744
198786505735536640
198786506989637633
198786508218580996
198786508520570880
198786509355233280
198786511167160321
198786513524363264
198786513402736640
198786514254168065
198786514925264899
198786515634098176
198786517097906176
198786518196830210
198786521682296832
198786523485839361
198786524106596352
198786523636842497
198786525281001473
198786526228910080
198786530020564992
198786531488563202
198786532532944897
198786533183074305
198786533619273729
198786534734954496
198786534185517056
198786533959024641
198786536408489984
198786537205399553
198786537100541954
198786538035875843
198786537884880898
198786540548268032
198786541789786112
198786542259544065
198786543702392832
198786548592934913
198786549758967808
198786550610395136
198786552866942976
198786554154594304
198786553714188288
198786554720825344
198786554041352192
198786554985066496
198786554662100993
198786556352405504
198786556113338368
198786556784427009
198786556306259968
198786556448866305
198786557795250176
198786557900107776
198786559288422403
198786560680931328
198786560378929152
198786563835039744
198786564145414144
198786564162203649
198786565554700288
198786566737510401
198786566225805312
198786566599098370
198786564925566977
198786570315251715
198786571019882498
198786571988762624
198786569174388737
198786571942637570
198786572185907202
198786573544853507
198786574052360192
198786574236921858
198786574312419328
198786575130308609
198786574945755136
198786575440678913
198786575813984256
198786580922638337
198786580876492801
198786581803442177
198786579299438592
198786582428401664
198786582583590913
198786582923329536
198786582612938754
198786585729318912
198786585658003456
198786588526903298
198786588799533059
198786589499981825
198786589965553664
198786590443700224
198786590452092928
198786590473060352
198786591077056513
198786591316131840
198786593144832001
198786593799159809
198786596382838784
198786596760326145
198786599394361345
198786599901863936
198786602468786176
198786603043393536
198786603454443522
198786605832601601
198786605815828481
198786607489363970
198786608017842176
198786608789598209
198786609645223936
198786610333093889
198786606591770624
198786611746586626
198786612128251905
198786614380605440
198786615441764354
198786615462739968
198786615412400128
198786615273992193
198786615890558978
198786615647285248
198786616767164417
198786619992571904
198786620533641216
198786619120173056
198786623272534017
198786623855534080
198786626833489920
