198834442947674112
198834442872168448
198834443069292546
198834443035750401
198834443446792193
198834443547455488
198834443992047617
198834444663144448
198834444583444482
198834445325828096
198834445367775232
198834445732691969
198834445673967616
198834445829148673
198834445925621760
198834444390502401
198834445590073344
198834445837541376
198834446605094913
198834447171325953
198834447280386050
198834448026976256
198834447242625024
198834447745945600
198834448324771842
198834449079746561
198834448781942784
198834449981521921
198834450564521989
198834450904260609
198834451579543552
198834452019949569
198834451214643201
198834451722141700
198834452783312897
198834453043355648
198834453672501250
198834453651537920
198834453689270272
198834453823496193
198834453747998722
198834454427471873
198834454544920577
198834454817554435
198834455077584896
198834455207612417
198834454737858560
198834455350226944
198834456214245376
198834455794819073
198834456386215936
198834456700784641
198834456453332993
198834456885338113
198834456847585281
198834457141198848
198834457044729859
198834457061507074
198834457451560960
198834457732587521
198834457740972032
198834457736773632
198834457757757441
198834457816469504
198834457162153984
198834458139435008
198834458697277442
198834456923090944
198834459548729344
198834459028623360
198834459800371200
198834459536146432
198834460085600258
198834460416950273
198834460391784448
198834460702158848
198834460551163907
198834461390012417
198834461436149761
198834461452943361
198834461461315584
198834461310324736
198834461700399104
198834461771694080
198834462723805184
198834463155818496
198834462681874432
198834463814336512
198834463113875457
198834463910801411
198834464942604290
198834465609494528
198834465848573954
198834467278819328
198834467966693376
198834468117676034
198834468201570304
198834468323196928
198834468490981378
198834468767793152
198834468943958016
198834469128511488
198834469078183937
198834469300477952
198834469380173825
198834469522784260
198834469636014080
198834469749272577
198834469271126018
198834469841539072
198834469929615363
198834469698940928
198834470244200448
198834470655242240
198834470294536193
198834471452151812
198834471464747010
198834471393435649
198834471913529344
198834471909335040
198834471963865089
198834472710438913
198834473482190848
198834473985515520
198834473893232640
198834473993904130
198834473855500288
198834474908270593
198834474954407936
198834475143143424
198834475394797568
198834475004735488
198834476065886209
198834476393050112
198834476766347267
198834477143826433
198834476913131521
198834475667431425
198834477093486594
198834477437423616
198834477663916032
198834478137884673
198834478184009728
198834478171439104
198834478515367936
198834479270330368
198834478980935681
198834479308091394
198834479043854337
198834480054673408
198834480197287937
198834480163721216
198834480516055043
198834480826421250
198834480604127233
198834479446495233
198834481854025728
198834481841446912
198834481933717504
198834481057112065
198834481753358336
198834482369925120
198834482248302592
198834480591536128
198834481468162049
198834483024244736
198834483619831808
198834483712114689
198834483758239744
198834484068618240
198834484676804608
198834484546772992
198834483858911232
198834484722933761
198834484383203329
198834485419192321
198834484924264449
198834485163339777
198834485972836354
198834486111244289
198834486136418305
198834485943472128
198834486358704128
198834486329356289
198834486539063296
198834487155625985
198834486916550656
198834486660694017
198834487260495872
198834486769758210
198834487944155136
198834487843504130
198834488095150080
198834487801552896
198834488325844992
198834487868665856
198834488736878592
198834489051459584
198834489185669120
198834489294721024
198834489328279552
198834489475088384
198834487973511168
198834488913043456
198834490225864705
198834490200690691
198834490284589056
198834491412856834
198834491207335936
198834491752587265
198834491878412288
198834491861635073
198834491840663552
198834492021026816
198834491769356289
198834492054568961
198834492125888513
198834492666953728
198834492054568960
198834493220593664
198834490875977728
198834494550183937
198834494768287744
198834494843789313
198834494709579777
198834494365634560
198834495368073216
198834495460343808
198834495493902336
198834495460343809
198834495720390657
198834496286625793
198834496328581120
198834497133879297
198834496706056193
198834497255522304
198834497226153984
198834497515556865
198834497867874304
198834497196789760
198834497838522368
198834498253750274
198834497557508098
198834498220208128
198834498606075905
198834498505420800
198834498207621121
198834498526388225
198834499096813568
198834499197480960
198834499272978432
198834499226836994
198834499281362946
198834499386212352
198834499847598081
198834500585791489
198834500778725377
198834501005225984
198834501315608577
198834501487570946
198834501705678849
198834501869248512
198834501915385856
198834501852475393
198834503664414720
198834503656022018
198834504331309057
198834504561983488
198834504880762880
198834504952053760
198834504931094530
198834505463758849
198834505027559424
198834506009034752
198834505392472064
198834506260680705
198834506101309441
198834507091148800
198834507267317761
198834507485429760
198834507850330113
198834508060037120
198834507854520320
198834507049213954
198834507892277248
198834507833540608
198834508458504193
198834508701761536
198834507779031041
198834508156510208
198834508143935489
198834509171531776
198834509117014016
198834508689190913
198834509708406786
198834509913915392
198834509578383360
198834510287224832
198834511780388864
198834511629393920
198834511612616704
198834511218348032
198834512162078721
198834512229179392
198834512212406273
198834511956549634
198834512233377793
198834512212393986
198834512497610754
198834512879288321
198834512761860096
198834513311309825
198834513244196865
198834513516830721
198834513466503169
198834514397630465
198834514615730176
198834513269362689
198834515127447552
198834515131637760
198834513663635457
198834514653478912
198834515534295042
198834515517505536
198834515978878976
198834516087934976
198834516092137473
198834516155039744
198834516121493504
198834514955472896
198834516150849536
198834516847099904
198834516771618816
198834517354627072
198834516922601473
198834517417541633
198834517568536576
198834517203628032
198834517685968898
198834517849538560
198834518256398336
198834518424158210
198834517912465410
198834519195926528
198834519342723075
198834518919086080
198834519502094337
198834519619551232
198834520194162691
198834519804084224
198834520047370240
198834520877842432
198834520949133312
198834520705863680
198834521121103873
198834522182270977
198834522199035904
198834521959960576
198834523025321984
198834523264389120
198834522475868161
198834522962399234
198834521888653313
198834524396847105
198834524166172673
198834524602372097
198834524023570434
198834524765954051
198834523763519488
198834525168607232
198834525621587968
198834525579657216
198834526259122177
198834526020042752
198834527580340224
198834527995572226
198834527525806080
198834527559360512
198834528108810240
198834528297558016
198834528373051392
198834528406605824
198834527769083904
198834528729575425
198834527760678912
198834528880562176
198834529128034304
198834529320968192
198834529404862464
198834529241280512
198834529874616320
198834530038198272
198834530218541056
198834530436653056
198834528662454273
198834530289844224
198834531036442625
198834530600230912
198834531262926848
198834531351007233
198834532013715458
198834532089212930
198834528893153280
198834532537999360
198834533129404416
198834533448171520
198834533536235523
198834534131830784
198834534308003844
198834534345752576
198834534492536833
198834534840668160
198834534899384322
198834535729872897
198834535390126082
198834536044441601
198834536862334976
198834536166072321
198834538242248705
198834538636521473
198834538963668994
198834539110473728
198834538460348419
198834539446022145
198834539873841152
198834538821074944
198834539320193024
198834540054183937
198834540029018112
198834539307601922
198834540217769984
198834539404075009
198834540574277632
198834540494602240
198834541585121281
198834542071648256
198834542096818176
198834542465925120
198834542843396098
198834542931480576
198834543212511232
198834543699042306
198834544219131904
198834544684695553
198834545263525889
198834545804591104
198834545490001920
198834545368371200
198834546010095616
198834547272597506
198834547234836482
198834547008339968
198834547574579204
198834547440353281
198834548417642496
198834548438597632
198834549323599872
198834549835313155
198834549873057792
198834550007267328
198834550082764800
198834550938406914
198834550313451522
198834550955184128
198834551882125312
198834551122952193
198834551311699968
198834552536440834
198834552104419329
198834552477716480
198834553664700417
198834553152995328
198834554105102337
198834554444840960
198834554486788096
198834554587451392
198834554621014016
198834554373545985
198834555002687490
198834555485040643
198834555732508672
198834555661201409
198834555917053953
198834555313074177
198834556411973633
198834556785274880
198834556831404035
198834557624135682
198834556277764097
198834557527670785
198834558270058496
198834557900947457
198834558597218305
198834555292106753
198834559050203136
198834559129890816
198834559498993664
198834558764982274
198834559566086146
198834560589508608
198834560052625408
198834561105412096
198834561130577921
198834561550008321
198834561956843520
198834562078474241
198834561457733632
198834562216890368
198834562367881216
198834562661486595
198834562841849856
198834562887983104
198834563559067648
198834562950889472
198834563374530560
198834565110972416
198834565094178818
198834565396172801
198834565119344641
198834566033711105
198834566545408002
198834566662864897
198834566776098817
198834566885150720
198834566327312384
198834567149391872
198834567753367552
198834567816294400
198834567971479553
198834567354912770
198834568185397249
198834568420261888
198834568764198913
198834569036832769
198834569221373952
198834569254932480
198834569351405568
198834569502400512
198834569460453378
198834569347211264
198834569611452417
198834569494020097
198834569363984384
198834569099743232
198834570676805633
198834572237094912
198834572434219010
198834573218553857
198834573352775682
198834573537320960
198834573919006720
198834574023860224
198834573398917121
198834574678167553
198834573881253890
198834575256985600
198834574724300800
198834575298932737
198834575533809665
198834575995183106
198834576032935937
198834576037134337
198834576515276800
198834576888565760
198834577136033793
198834576485924865
198834577752592384
198834577068920833
198834577748393984
198834576783708160
198834578155245568
198834578423676928
198834578901835777
198834578885058563
198834578872471552
198834579371597825
198834574359400448
198834579929448448
198834580013334528
198834580734750721
198834581183533056
198834581154172928
198834580638269441
198834581598765056
198834581498101761
198834582798344192
198834582555066368
198834584165695489
198834585415585792
198834585361055745
198834586128629761
198834586766155776
198834586246070272
198834587454021632
198834587697287168
198834587927986176
198834587852484609
198834587693096960
198834586325745666
198834588670377984
198834588729081858
198834588259328001
198834588783611904
198834588880089088
198834588888469504
198834589446311936
198834589446320129
198834589148528640
198834589953830912
198834590033518592
198834590402625536
198834591014985729
198834590503284737
198834591296012290
198834591275032576
198834591296008192
198834591740608512
198834591044349952
198834591790931968
198834592613023744
198834592684322816
198834592680120320
198834592675926016
198834592424271872
198834593045037056
198834593061801984
198834592860483584
198834593518981120
198834593422512128
198834593179238401
198834594362032129
198834594097803268
198834594416570369
198834595288985600
198834595876179971
198834595528060929
198834595939094528
198834596794732544
198834596803117056
198834596555665409
198834597507764224
198834597444861952
198834597679726595
198834598262747141
198834599093211136
198834599202258946
198834599248396289
198834599424569345
198834599445528577
198834599617507328
198834599969828865
198834600594780160
198834600716406785
198834600540250112
198834599961432065
198834602264104960
198834602347986945
198834602645782528
198834602696118272
198834603325276161
198834602750644224
198834603388178432
198834603430129664
198834603979587586
198834604201881601
198834604252200960
198834604264783872
198834603887296512
198834605086871553
198834606051557377
198834606286446593
198834606160613376
198834606693285890
198834606991085568
198834607192408064
198834607037222912
198834607255334912
198834607880278016
198834607930605568
198834608123555840
198834609096622081
198834609142763521
198834609537040384
198834609943879682
198834609851609090
198834611118276608
198834611562889216
198834611512545282
198834612183638016
198834612175241216
198834612468854784
198834613215440897
198834613316108288
198834613966213120
198834614226272256
198834614381449216
198834613890711552
198834615010603009
198834614863790081
198834615526490114
198834615497146368
198834615807512576
198834615606181889
198834615564238848
198834616277274624
198834616386334722
198834616923205633
198834616944177153
198834617090965504
198834617074204672
198834617120333825
198834616793186304
198834617472651264
198834617288110080
198834617988554753
198834617980162049
198834618269577216
198834618399600641
198834619368480770
198834618995187714
198834619955691522
198834619930509313
198834620219916289
198834619771125760
198834620328968192
198834620870037504
198834621947973633
198834622006702080
198834622468067329
198834622673592323
198834623311126528
198834623244017665
198834623378243585
198834623671844865
198834623919308802
198834624523280384
198834624540065793
198834624774946816
198834625534115840
198834625966116865
198834626318438403
198834626502991874
198834625911590912
198834626729492480
198834626431688704
198834627249573889
198834626616233984
198834627648040963
198834628205879297
198834628650471425
198834629812305921
198834629959098368
198834630005231616
198834630433054723
198834630693109760
198834630609219584
198834630672121856
198834631464849409
198834632819617792
198834633771728900
198834633419390977
198834634090483712
198834633645899777
198834632744120320
198834633843015682
198834634589614080
198834634497343488
198834635013230594
198834634862243841
198834635445248002
198834635856297984
198834637127155713
198834637076840449
198834637194280962
198834637114585089
198834637898919936
198834637999583232
198834637894729728
198834638062501888
198834637995380737
198834638892961792
198834638414807041
198834639161397248
198834639647936512
198834639262072832
198834638586777600
198834638595166209
198834640792977408
198834640960761856
198834641220796416
198834641615060995
198834641619263488
198834641757675521
198834642185498625
198834642420379648
198834642521030657
198834643032743937
198834642609115138
198834643087273984
198834643447975936
198834644928561153
198834645436084225
198834645935206400
198834646581116928
198834646761484288
198834648250454016
198834648225292288
198834647499685889
198834647872978944
198834648879603712
198834649206759425
198834648153989120
198834649760403456
198834649760411651
198834648980262912
198834649982713856
198834650049818624
198834651110965248
198834650582499328
198834651811422210
198834652465725442
198834652620918784
198834653229105152
198834652302159872
198834653480763394
198834651056443392
198834653946322944
198834653136826368
198834653858250752
198834654768410624
198834654659350529
198834654860689408
198834654797774848
198834655598878721
198834655082971136
198834655783432193
198834656173502464
198834656605515776
198834657821868034
198834658371309569
198834658899795969
198834659164037120
198834659231141888
198834659189198848
198834658979479553
198834659977723904
198834660120346624
198834659990323201
198834660556554241
198834660103561216
198834660938227712
198834661366050816
198834662880186369
198834662905356288
198834662687252481
198834662943105024
198834663517720576
198834664121712641
198834664213987328
198834664297857024
198834661168914434
198834664792801281
198834665459687424
198834665568747521
198834666248208385
198834666608918528
198834667670085634
198834667854626816
198834666948673536
198834668177604612
198834668034981888
198834668940951554
198834670073421825
198834670505439232
198834671533047808
198834672644530177
198834672816504832
198834673252696064
198834673265295360
198834673038794752
198834674016059393
198834674309660676
198834674422919169
198834674892673026
198834674896871425
198834674414534656
198834675240800257
198834675425357825
198834675425349632
198834675576356864
198834675228225537
198834675983192064
198834675916083200
198834676129996800
198834676985638912
198834676557819905
198834677308596225
198834677023391744
198834677472178176
198834678751432704
198834678478811137
198834678969548802
198834676964659202
198834679128932352
198834679468654593
198834679695151105
198834679942619136
198834680697593858
198834680785674240
198834680328495105
198834681037324289
198834680919896064
198834681251246080
198834681372876804
198834682304016384
198834683105128448
198834683163844609
198834683168043011
198834682954125312
198834683847512064
198834683423883266
198834683625226241
198834684216619008
198834683805581313
198834684602482689
198834684401172483
198834684220801025
198834684929650688
198834684795420673
198834685416177664
198834685923704832
198834686586404866
198834686976475136
198834686414438403
198834687274266625
198834687374934017
198834687509139456
198834687525916672
198834687022608385
198834687773380609
198834688150880256
198834689321078785
198834689757294592
198834689711153152
198834689706950656
198834690155753473
198834690088640513
198834690789085184
198834690537422848
198834691284013057
198834692450033664
198834693121126401
198834693217591298
198834693444087809
198834693397942272
198834693829963776
198834692018012161
198834693909643264
198834694048059392
198834694446514176
198834694220034048
198834694228426752
