198791158187573248
198791158007209984
198791161350074369
198791161186500608
198791161677234177
198791161698193408
198791161173913600
198791161505267712
198791165422739456
198791165204643841
198791164013453312
198791165347233792
198791165934436352
198791165947031553
198791166651670529
198791166093828096
198791167683469312
198791167670878208
198791167385681920
198791168753008640
198791168170000386
198791168153223169
198791169629630464
198791169868701696
198791170078408706
198791170158100480
198791171261214720
198791170191667201
198791172087480321
198791172402057217
198791173177999361
198791173488390144
198791175740727298
198791175711371264
198791176457945089
198791176483115008
198791178127294464
198791177116459008
198791178840313856
198791179100360707
198791179704352768
198791180148948994
198791180316721153
198791180639670272
198791180572573697
198791180463513600
198791180673236993
198791181373685760
198791181516275713
198791182921379840
198791182992674817
198791183235948544
198791184490053632
198791184334848001
198791185047891969
198791185538613248
198791185576374273
198791185647677440
198791186096459776
198791186138415105
198791186679463936
198791186935324672
198791187002433536
198791186981453825
198791187975512065
198791187686100992
198791187618996227
198791188654993408
198791188675969024
198791187325386753
198791188986347520
198791189225422848
198791190273994752
198791190148169728
198791190374649856
198791191741992961
198791191486140416
198791191813292035
198791191695863810
198791192840912897
198791192824131584
198791192824119296
198791193012871168
198791193126121473
198791193214201858
198791192471805953
198791193499418624
198791193717518337
198791194216640513
198791194283737088
198791194757705730
198791194417954816
198791194686398464
198791195726589953
198791195953078272
198791196942929920
198791197123284992
198791197022625793
198791197437857792
198791197760827392
198791197819547648
198791198335442946
198791198402560000
198791198167662592
198791196926160896
198791199287558144
198791199300136960
198791199723753473
198791199526629376
198791201040773121
198791200730394625
198791201908994050
198791202139676674
198791202559107072
198791202483617792
198791203507019777
198791205851635712
198791205843243009
198791206531112960
198791206669524993
198791207000879104
198791206501744642
198791207198011392
198791208053637120
198791208414359552
198791208452100096
198791208632463360
198791209727176708
198791212042428420
198791212830965762
198791212302467072
198791205042135042
198791213573349376
198791212713517056
198791214080868352
198791215649525760
198791215104270336
198791215490138113
198791216517758976
198791215586615296
198791217151094784
198791217658597376
198791217717329920
198791218291945472
198791218656837632
198791219512479744
198791216077344770
198791220808515584
198791220988887040
198791221144064003
198791221861298178
198791222029070337
198791221987115009
198791222536585216
198791223056662528
198791224264638467
198791224344313856
198791222729519104
198791222691770369
198791225887830018
198791226965757955
198791227326476289
198791227733315584
198791228249219074
198791229406846978
198791230950359040
198791230052765697
198791231508193280
198791232053452801
198791232099594240
198791232686784513
198791233290776576
198791233555009537
198791233475321856
198791234754576386
198791235262099458
198791235371155456
198791235295649793
198791235899629569
198791236298088449
198791236440702976
198791236889493505
198791237900308480
198791239414464512
198791238332317697
198791233542430721
198791239112470528
198791239297019904
198791239766769665
198791240144261121
198791240576274432
198791243550035968
198791243860418560
198791244976095232
198791244565057536
198791245877882882
198791246079209473
198791246574133248
198791246788042752
198791248369287168
198791248679673859
198791248314777600
198791249459822592
198791249845698562
198791249967329280
198791251422752768
198791251523420160
198791251028484096
198791252475518976
198791252685238273
198791253184352256
198791253587009537
198791254262288384
198791254702694400
198791256229412864
198791256636276736
198791256745316352
198791257143787520
198791256598511616
198791256774688769
198791256921481216
198791257819054081
198791258125238273
198791257550635008
198791258553065472
198791259001856000
198791259056377858
198791259140272129
198791259719090176
198791260201418752
198791259932995586
198791259899437057
198791260780232705
198791262135005185
198791261652647937
198791262663483393
198791262499897345
198791263120654338
198791263443632129
198791264693522433
198791264852901889
198791265108758528
198791265536589825
198791265612070913
198791266815848448
198791265213628417
198791266895527936
198791269709905920
198791269709914113
198791270322282496
198791270964011008
198791271576379393
198791272520089601
198791274088771585
198791273417678848
198791274210394114
198791274336231425
198791274969579520
198791274759847937
198791275279958017
198791275372220417
198791275690999808
198791277347741696
198791276458557441
198791277490343937
198791278773805057
198791278811553792
198791279050625024
198791278861885441
198791279772041218
198791279495229442
198791280065658880
198791282057940993
198791282531909632
198791282510925825
198791283173638146
198791283643392000
198791283777605632
198791283718889472
198791284184449025
198791284050247680
198791284142505985
198791285765713920
198791286508093440
198791287175004160
198791287103684610
198791288089358336
198791287552479233
198791288533942274
198791288563318784
198791289016299520
198791288991129600
198791289209225217
198791289490255872
198791289217617920
198791289439924225
198791290647883776
198791290178109443
198791291625152512
198791292233334784
198791293332234240
198791294280146945
198791294917677056
198791295450349568
198791297207762945
198791297157435392
198791295051898880
198791298080186368
198791297811759104
198791298461872128
198791299674017792
198791299623690240
198791301423046658
198791301112676352
198791301477580800
198791301754400768
198791301649534979
198791301729230849
198791302362574850
198791302698123264
198791302547116032
198791303067209729
198791303188848641
198791302798770176
198791304233230336
198791300647100416
198791305051111424
198791304610725888
198791302748450818
198791304833011714
198791305067900928
198791306686898177
198791307068571648
198791305923530754
198791305080471552
198791308138131456
198791308305895425
198791308318482433
198791308788236288
198791308993757185
198791305000792064
198791309673238528
198791310927339520
198791308612083712
198791310667300864
198791311606820864
198791311594237953
198791307362189313
198791312751869954
198791314115014656
198791314408615938
198791315830489088
198791316254097408
198791316728066049
198791312630222848
198791313829793796
198791316677738498
198791316853895169
198791316488982528
198791317118132225
198791316648370176
198791316627394562
198791318405783553
198791320326770688
198791321627000833
198791322038059008
198791321345994752
198791322570723329
198791322893692932
198791323896123392
198791323694809089
198791324827262976
198791325263474688
198791325355737088
198791325552873474
198791325393494016
198791325619994624
198791325997465600
198791327058624512
198791327188656128
198791327507415040
198791328434368512
198791329638125569
198791330401488896
198791330506358784
198791330929967105
198791331093557248
198791331483615236
198791331097747458
198791331936612353
198791333081653249
198791333748551680
198791333576581121
198791331441688577
198791335002640385
198791335254294528
198791335728259072
198791335602421762
198791336520978432
198791336915247104
198791337556975616
198791337741533185
198791337875746816
198791338660069376
198791339121451008
198791339683487744
198791339339558912
198791340107120642
198791341126336512
198791341747081216
198791342074232833
198791342401388546
198791343001186305
198791343026339841
198791343198322688
198791342292348931
198791344288829441
198791344347545600
198791344100085760
198791344334970880
198791344519520257
198791344074932226
198791345098334209
198791345492602882
198791345228349441
198791345765224448
198791348608962561
198791349212954625
198791349384904704
198791350752251905
198791350949380099
198791350982934529
198791351549165569
198791351586918400
198791351255576576
198791351943446528
198791352610336769
198791352572583937
198791353327566848
198791354267078657
198791355479228416
198791355303079936
198791355626033152
198791355378581504
198791355852529664
198791355978358784
198791356116762624
198791356838191106
198791356859158528
198791355235962880
198791357878370305
198791357949673473
198791358071324672
198791357991616512
198791359694508032
198791359291863040
198791360030060545
198791359967137792
198791360646619136
198791360881496065
198791361057669121
198791361963634688
198791362785718272
198791363142225923
198791363427434496
198791363553263619
198791363867848705
198791361326092290
198791364769624065
198791364606046208
198791365319069697
198791366183108610
198791366292160514
198791366006935554
198791367844036609
198791368070545408
198791368187981824
198791367718207488
198791368418668544
198791367844044800
198791369303658496
198791369765027841
198791370088005632
198791369798598658
198791369907646465
198791370410950658
198791370939432960
198791371778310144
198791371975430144
198791372382285824
198791372805910528
198791373141454849
198791373690908672
198791373481189377
198791374651408385
198791374743678978
198791375574151168
198791376027140097
198791376782106626
198791376899538946
198791376178126848
198791377105059841
198791376983441409
198791377209917443
198791376970842112
198791376371056640
198791378241728512
198791378669543425
198791378719883264
198791378858278915
198791379172864000
198791379919450112
198791379898470402
198791380833808386
198791381022543873
198791381496496130
198791381592977408
198791381781708802
198791381324546048
198791382423449601
198791383081951232
198791383581077505
198791383740456964
198791381475540993
198791385657249793
198791385942470658
198791385845997570
198791386730995713
198791386852626434
198791387125256192
198791387485966339
198791387632771074
198791387557265408
198791384747089920
198791387947339777
198791388152856577
198791388530348032
198791388324839424
198791389117558787
198791389486657536
198791389373415424
198791388886859776
198791389755092992
198791389461483520
198791390493294593
198791391176966146
198791392162615296
198791391764160512
198791392502366208
198791392942751745
198791393559314433
198791394750509057
198791394897313792
198791394662424577
198791397455835137
198791397602627587
198791399053856768
198791398294687744
198791399246802944
198791401738215424
198791401746612224
198791402430267392
198791401855651840
198791402723872769
198791403399159810
198791403801817088
198791404011536386
198791404783271937
198791404925894656
198791405001375744
198791407094345729
198791407148859393
198791406670708738
198791407736070144
198791407962558464
198791407987736576
198791408906289154
198791409132777472
198791409241825280
