198828151990788096
198828152271798272
198828151718158336
198828152787705857
198828152364089344
198828152934502400
198828153093885952
198828152678662144
198828153605586944
198828153265860610
198828154255712256
198828154578673665
198828154754826241
198828154259902465
198828153823703040
198828155744698368
198828155782447106
198828155883098112
198828155757273088
198828156369641472
198828155761471488
198828156684206080
198828155958591490
198828156428353537
198828157657292800
198828157741174784
198828158559072256
198828155778236417
198828156831006721
198828159506976768
198828159393738752
198828157867003905
198828159486001152
198828159645388800
198828158806532096
198828160064823297
198828160765272066
198828160731713537
198828160501035008
198828161058881536
198828160454889472
198828160740102144
198828161289560066
198828161952251904
198828161859993600
198828162166177792
198828162157785088
198828162900176896
198828163571257344
198828163743223808
198828164338810880
198828164988932097
198828165353844737
198828165077012480
198828164640808960
198828165550964737
198828165601296384
198828165592924161
198828166171734016
198828166867984385
198828166511472640
198828163726446595
198828167031570432
198828167123832832
198828167488733185
198828166897340416
198828167341940739
198828168075943936
198828168797368320
198828169032249344
198828169367781377
198828169699147776
198828169246146562
198828169673965568
198828170051461121
198828171087454209
198828171360088064
198828171456548864
198828171955679233
198828171934695425
198828172035375104
198828172140232704
198828172224110592
198828172521902080
198828172819697664
198828173041999872
198828172681293824
198828173285277696
198828173604036610
198828173717286912
198828174073802754
198828174002503681
198828174421921792
198828175227232256
198828174686158848
198828171716603906
198828175399202816
198828175483092994
198828175403397120
198828175483092992
198828175835410432
198828175952842752
198828176376471552
198828176015757312
198828176493903872
198828176900755456
198828177123061760
198828177970302976
198828178100338690
198828179065012224
198828175357255680
198828179341848576
198828179140521989
198828179815792640
198828180306526208
198828180734349312
198828181845848066
198828181757763584
198828181392855041
198828182294630401
198828181871013888
198828182730850304
198828182290448385
198828182919577600
198828183137685504
198828182449823744
198828183754248192
198828183615832065
198828184093990912
198828184475676672
198828185218068480
198828185218064385
198828185247428608
198828185192894465
198828185834622976
198828186031751169
198828186329550850
198828187256500224
198828187352969217
198828187201970176
198828187952758785
198828187617202179
198828188577710080
198828189143937024
198828189445926914
198828189773082624
198828189919875072
198828190049902592
198828190385451008
198828190255431681
198828190951682048
198828190515474432
198828190981033984
198828191316574208
198828191568248832
198828192600047616
198828192818151424
198828192851705856
198828192939778048
198828193145290752
198828192797175809
198828193241763840
198828194089009152
198828193975767040
198828194344865792
198828194768486401
198828194449727488
198828194969829376
198828194814627840
198828195385049088
198828195477336064
198828195468935168
198828195645112320
198828195171151872
198828195590569986
198828196475572225
198828195859013632
198828197012443136
198828196941148160
198828196697882624
198828197096337408
198828197192810496
198828197138280448
198828197289267201
198828197448650752
198828197830344704
198828197914222594
198828197993918467
198828197700317184
198828197637394432
198828198123941888
198828198623064064
198828198832779264
198828198706950144
198828198941835264
198828199000539136
198828199143161861
198828200057511936
198828198690177024
198828200665686016
198828200112033794
198828200166572033
198828200967667712
198828201345159168
198828201286447106
198828201890414592
198828201898807296
198828201991081986
198828202561511424
198828202486018049
198828202934796288
198828203383595008
198828203513618432
198828204071460864
198828203966607362
198828203769466880
198828204490891265
198828204646072320
198828204214059009
198828204516061184
198828204755136512
198828204973232128
198828205036150784
198828205023563776
198828205862432768
198828205988261888
198828206328000513
198828206118273024
198828206818738177
198828206999076864
198828207212986368
198828207699529728
198828207691145216
198828208047661056
198828207707918336
198828208228020224
198828208513220608
198828208655831041
198828209712799744
198828210459381760
198828210509709312
198828210698461185
198828210790731776
198828211029807104
198828211327598592
198828210719436802
198828211348582402
198828211151450112
198828211369558016
198828211461832705
198828212032249856
198828212032258050
198828212208418816
198828212090961922
198828212246167552
198828212485234688
198828212921446401
198828213160525824
198828213332492288
198828212913061890
198828214167154689
198828214079074304
198828214020358144
198828213999378433
198828214741770240
198828214423011328
198828214943088642
198828215098286082
198828215098286083
198828214997630977
198828214980841473
198828212434903040
198828216016846850
198828216511762432
198828216125890562
198828216151052289
198828216645988353
198828216092336130
198828216755040258
198828217283518464
198828216562106370
198828218466312192
198828218625687553
198828218579562497
198828218629885952
198828218688618496
198828219145781249
198828219082878976
198828218604720128
198828219774939136
198828219766546434
198828219925925888
198828220664123393
198828220316008448
198828220999663616
198828220777369601
198828219787522048
198828221058387968
198828220932558849
198828221771427842
198828221473619969
198828219070287873
198828222102781952
198828222861942784
198828222501240833
198828223382036480
198828223210078208
198828223965052929
198828224355119105
198828224518696960
198828224749383680
198828224795521024
198828224829063168
198828225042984960
198828225256890369
198828225454022656
198828225516941312
198828225038786560
198828225596637184
198828225315602432
198828225638580225
198828226250944512
198828226536148992
198828226531966978
198828227035283456
198828226968158208
198828227098189824
198828226695532544
198828227492462593
198828228637495296
198828228696215553
198828228637507585
198828229233090563
198828229602189314
198828229686071296
198828229270847489
198828230176800768
198828230390726658
198828230260703232
198828229975490561
198828231116337152
198828230776598529
198828230650761216
198828231590293504
198828231363805185
198828232206852096
198828232282357760
198828232248795136
198828232429146112
198828231913254912
198828232307523585
198828233981034498
198828234698268672
198828235033804802
198828236090781697
198828236224987136
198828236237582336
198828236174655489
198828236615057408
198828236321468417
198828236761870339
198828237068046336
198828237059661825
198828237181296640
198828237038698496
198828237332283393
198828237596540928
198828237927874560
198828237554585600
198828238120824832
198828237525237760
198828239454601216
198828240058589184
198828240507383808
198828240616423424
198828241853743107
198828241618870273
198828242562592768
198828242831024129
198828242810044416
198828243070107648
198828243590201344
198828244030595072
198828244227727360
198828243879591937
198828244085121024
198828245402136577
198828245825765376
198828247297953793
198828247105028097
198828247822249985
198828247662866433
198828247499280384
198828249122471936
198828248862433281
198828249235734529
198828249432866817
198828249839702016
198828249659351041
198828250250756096
198828250049429504
198828250779222017
198828250871496704
198828250640822274
198828251194458113
198828251316105216
198828251135750144
198828250691141632
198828251978805249
198828251790065664
198828251970404353
198828252473724929
198828253513920512
198828253287415808
198828253350330369
198828254113697793
198828254373756928
198828255590100992
198828255367806976
198828256772894720
198828256928079872
198828257007763456
198828256907104257
198828257276207104
198828256470900736
198828257590775809
198828258459009024
198828258823901185
198828258983292928
198828258198958080
198828259260108801
198828259318829058
198828259591458818
198828259616624642
198828259960569856
198828259792797696
198828261705396224
198828258576433152
198828259671162881
198828262108041216
198828262540054528
198828262967885825
198828262548439041
198828262703644672
198828263127261185
198828263609602049
198828263815135232
198828263878045696
198828264444276736
198828264385560576
198828264905641985
198828264435888130
198828264591077376
198828265719345153
198828262590386176
198828266512068608
198828266579169280
198828267543867392
198828268508549120
198828269204815872
198828269326438400
198828269427101696
198828270949642241
198828270970613761
198828270807031809
198828271822045184
198828273080336385
198828273348771840
198828273873068032
198828274091180033
198828275135553537
198828275026505728
198828275445923840
198828275341082624
198828275647262721
198828276247052289
198828276658081792
198828276762935296
198828276913934336
198828276385456130
198828276301570048
198828276372873216
198828277224316929
198828277480161282
198828278155448321
198828278180618240
198828279451484161
198828280487485440
198828280202276864
198828281066307585
198828281578008576
198828281439592448
198828281292787712
198828281716424704
198828282030989313
198828282207145984
198828282421063680
198828282974699520
198828283561902081
198828284161703937
198828284253970433
198828284690186241
198828285126381568
198828285243830274
198828285684228096
198828286271434752
198828286426628096
198828287022219264
198828287940771840
198828288263729152
198828288670564352
198828288695734272
198828288523771904
198828287659753472
198828289496846336
198828289740120066
198828290411204609
198828290830639104
198828291258466304
198828291229093888
198828291447193600
198828291522691074
198828290964852739
198828288565723136
198828292210569218
198828292395118594
198828291979874304
198828292575461377
198828292273479680
198828292789379072
198828292890034179
198828292588048385
198828292780982272
198828292931993602
198828293510807553
198828293812793345
198828294454513664
198828294420967425
198828294915895297
198828295058489344
198828294962020352
198828295448559616
198828295079460867
198828295683448832
198828296241291264
198828296618782721
198828297126285312
198828296765583361
198828298229391361
198828298191646720
198828298569134080
198828297965158400
198828298434908160
198828298875318275
198828299718373378
198828301064740866
198828301278658560
198828302281093121
198828302490796034
198828302616625152
198828302939590656
198828303015084033
198828302541139970
198828303728123904
198828304466317312
198828304491495424
198828304512458752
198828305103851521
198828305376477184
198828305363894272
198828305422622720
198828305535873024
198828305762353156
198828305447784450
198828305540063232
198828305779146752
198828306055958528
198828305879805953
198828306248908800
198828306320195587
198828306223734784
198828306425057280
198828307469443072
198828307238752258
198828307502989314
198828307612049411
198828308253777920
198828308262158337
198828308375420930
198828309482708994
198828309587558402
198828309818249216
198828310590009346
198828310841663488
198828311873470464
198828312049618945
198828311818936320
198828312397754369
198828312150278144
198828312011882496
198828312229982208
198828312531968000
198828314348101632
198828314176143360
198828314574585859
198828314645897216
198828314809475072
198828314754957312
198828315098873856
198828315715436545
198828316059377664
198828317057613825
198828316961148928
198828317716123649
198828317313466371
198828317145702401
198828317560930305
198828317846159360
198828318496268288
198828318148132864
198828318643068928
198828319578402818
198828319620341760
198828319620345857
198828317565124611
198828320018796544
198828320991883264
198828321168044032
198828321784602626
198828322443104257
198828323915304962
198828323827224576
198828324368297984
198828324838060032
198828325098106880
198828325047767041
198828325446238208
198828324938711041
198828326352203776
198828326956183552
198828326587076609
198828326654197760
198828327765688320
198828327857958912
198828328197701633
198828327862145024
198828329099468802
198828329162387458
198828328893939713
198828329481150464
198828329703452673
198828329514708993
198828328797474817
198828329879617536
198828329292414977
198828330160627712
198828326868090881
198828330189979648
198828330580054016
198828331251154944
198828332060655616
198828332031295488
198828332186480640
198828331435700224
198828332509446144
198828332559769600
198828332832403456
198828333000163328
198828332865949697
198828332668821504
198828333851611136
198828333939703808
198828334292013056
198828334296215552
198828334522712064
198828334346539008
198828333964861441
198828334065528832
198828334950514689
198828334749192192
198828334359126017
198828334497529859
198828332907900928
198828335277686784
198828336045228032
198828336351428608
198828336485634048
198828337324498945
198828337584549889
198828338113028096
198828338322735104
198828338591182848
198828338800893953
198828338989633536
198828339253870592
198828338763137025
198828339354537984
198828339618775041
198828339992080385
198828339203555332
198828340046594048
198828340457648128
198828341476868096
198828341657223168
198828341439107072
198828341686566912
198828341812412417
198828341560745984
198828342294753281
198828342454136832
198828342714187776
198828340101120000
198828343234269184
198828343301382151
198828343427207169
198828343515291649
198828343590789120
198828343431409664
198828343972470786
198828343976660993
198828344165412865
198828343737597952
198828344245096448
198828344479989760
198828344916197376
198828345000067072
198828345327230978
198828344547082242
198828345075568640
198828345377570817
198828343188127744
198828345834737664
198828346388381696
198828346044465152
198828346472271872
198828347722182657
198828348011585536
198828348410048512
198828348800114689
198828348586201088
198828349089513472
198828349177597954
198828349567664128
198828349173415936
198828349735452673
198828349496365056
198828351006314496
198828351530606593
198828351308304384
198828351790661632
198828351857758208
198828352763736064
198828352533053440
198828353279635456
198828354198183936
198828353959100416
198828354307235840
198828354617618433
198828354785386496
198828353988472832
198828355116744704
198828355133517825
198828355410337792
198828355456471042
198828355167064064
198828355607474176
198828356039479296
198828356018507776
198828356102389761
198828356026904576
198828356739923968
198828356442140673
198828356987400192
198828357612347394
198828357247442944
198828357205491714
198828357859803139
198828358266658816
198828358480576512
198828359025823744
198828359097139201
198828359256506368
198828359726276610
198828359864680448
198828360066007041
198828361278164992
198828360674193409
198828361500475392
198828361743745026
198828361907318784
198828362033152000
198828362037342209
198828362200924161
198828362502905859
198828362238664705
198828362553245698
198828363094306818
198828363400478721
198828364302258176
198828364730073088
198828364755238913
198828364998520832
198828365338247169
198828365472481280
198828365908680705
198828365459881985
198828366097420288
198828366181318656
198828366479097856
198828365506019328
198828366890139649
198828367280218113
198828367666098176
198828367309574146
198828368047771648
198828368236519425
198828367619948545
198828368320413696
198828368689504257
198828368580444160
198828369364783106
198828369402531840
198828369855512576
198828370002325506
198828369972957186
198828369561927680
198828369188622336
198828370350452736
198828370941845506
198828370589519873
198828371403223041
198828371550027776
198828371847815169
198828372019777536
198828371994624002
198828372653125633
198828373366153217
198828373504561152
198828373986914305
198828373630390272
198828374171459586
198828374246952960
198828375018708993
198828374607671296
198828375626887169
198828375735943168
198828376323129345
198828376499306496
198828376839041024
198828376843223041
198828376956481536
198828377921175552
198828377619185664
198828376822259712
198828378260914176
198828378244132865
198828379007496192
198828378965549056
198828379313672193
198828379665997825
198828379062009856
198828379653406720
198828379502411776
198828379808600065
198828379829571584
198828379926036481
198828380404203520
198828381003976704
198828381205315584
198828381473746945
198828382279053312
198828381868015616
198828383298260992
198828382442631169
198828384149700608
198828383772213249
198828384388784129
198828384023883776
198828384040660992
198828384049053697
198828384552366081
198828384783044608
198828384690782212
198828384808214528
198828384955011073
198828385756135427
198828385814847488
198828385940672513
198828385282162688
198828386129428481
198828385944866819
198828386829860864
198828387270270976
198828387429654528
198828387555475456
198828387026997250
198828387698085888
198828387807141888
198828388805378049
198828389031882754
198828389690384384
198828390088851457
198828389572935680
198828389593923585
198828390474715136
198828391238074368
198828390868979713
198828392064368641
198828392018231296
198828392253104128
198828392236326913
198828392479600640
198828392026619904
198828391997251585
198828393012273152
198828392920006657
198828393125527553
198828393804996609
198828394627084289
198828395071680512
198828395059101697
198828395675656192
198828395742773248
198828395650490368
198828395562405888
198828397319815168
198828396736823298
198828397919612928
198828398087385090
198828398385180672
198828399404400640
198828398410334210
198828399567962112
198828399286947840
198828400448782337
198828397437259777
198828401358929920
198828401379913729
198828401669316608
198828402734673920
