198814311102169088
198814310573674497
198814311441903620
198814311110553602
198814311597080576
198814311051837441
198814311701950464
198814312083632129
198814312234631168
198814313253847040
198814313258029057
198814313463545856
198814313429991424
198814314130444289
198814314860249088
198814314944147456
198814314847674368
198814315359383554
198814314910588929
198814315082547200
198814315875287040
198814315200004096
198814316890296320
198814316751888385
198814315892056064
198814316932235264
198814317091631104
198814315225161728
198814316898697216
198814316546375681
198814315900448770
198814317544607744
198814318257643521
198814317997592576
198814318878404609
198814316936437760
198814318073094144
198814319469793282
198814319285256193
198814320237359104
198814320740679680
198814320887480320
198814321596317696
198814321684385792
198814322015735809
198814321600499712
198814323328565248
198814322791690240
198814323630551040
198814323689271296
198814323857043456
198814323936735232
198814324523933700
198814324494569473
198814324381335553
198814325048229888
198814325136310272
198814324632985600
198814323588595714
198814325631234048
198814325765439488
198814326126166016
198814326520426496
198814326533005314
198814325635432448
198814327363469312
198814327308943361
198814327292174336
198814326864351232
198814328617570304
198814328353333249
198814328479166464
198814328663707648
198814329037008897
198814327623520257
198814330064605184
198814329280266240
198814329410293760
198814330668593155
198814330710540290
198814331155132416
198814331968819200
198814332203708418
198814331985596417
198814333604601858
198814333982085122
198814333852069889
198814334376361984
198814334485397504
198814334485409796
198814334707703809
198814335496228864
198814336146341888
198814334430871553
198814333306806272
198814336658051072
198814336439959552
198814336322510849
198814336775499776
198814337224286208
198814337597587456
198814337786322944
198814337694056448
198814337689845760
198814338344173568
198814338126061569
198814338797158402
198814339036217344
198814338931372032
198814339455664128
198814339640205312
198814339694731267
198814339426304001
198814340055441408
198814340302913537
198814340730724352
198814340349046786
198814341028519937
198814341947068417
198814342471368706
198814342848847872
198814343247302656
198814343155036160
198814343901618176
198814343796768768
198814344325242880
198814343922597888
198814345055047680
198814344488816640
198814343759003648
198814345528999936
198814345709355008
198814345428340737
198814346091048963
198814346195902465
198814346716004352
198814347714240512
198814347798134784
198814347265454081
198814347986870272
198814346963456000
198814346774724609
198814348272091137
198814348112707585
198814349110939649
198814349224185856
198814349735899138
198814349052227584
198814349643616257
198814350440538112
198814350046273539
198814350096609281
198814350377619458
198814351933714433
198814352084713473
198814351514279937
198814352621580288
198814352734822401
198814352915169280
198814353351376896
198814353439473665
198814353686933504
198814353737256960
198814354060218368
198814354118942721
198814354081198080
198814354391580673
198814354894893056
198814354110550017
198814354953617410
198814355343675393
198814355549192192
198814355352076288
198814355930882048
198814356954300416
198814357226930176
198814357235314688
198814357776384000
198814357315006464
198814358636204034
198814358925623298
198814358929809409
198814358556524544
198814359277936640
198814359504437248
198814359915479040
198814360326516737
198814359647027202
198814360167129088
198814360582369280
198814360469118977
198814360716574721
198814360511057920
198814361077297152
198814361240870913
198814361396051968
198814361618362370
198814361949712384
198814362113286145
198814362192986114
198814363719704576
198814363879096321
198814363619045376
198814364709556225
198814366102073344
198814366534082562
198814366538268674
198814366542479360
198814366592794625
198814367029018626
198814366458589184
198814367297454082
198814368182439936
198814368123723778
198814368572522497
198814368694157312
198814368916455424
198814369142947841
198814369281359873
198814369553989633
198814368941621248
198814369948254208
198814369516228608
198814370501894145
198814370023739395
198814370355085312
198814370749366275
198814371458191361
198814371386896384
198814372607426560
198814372146057216
198814372720685056
198814372632604672
198814372737454082
198814373182062592
198814373479841793
198814373630853121
198814373731516417
198814373379194880
198814374150942720
198814373911863296
198814374134153217
198814373777645568
198814373039452160
198814375405035520
198814375312769024
198814375740583936
198814375262420992
198814376503943170
198814376583626752
198814375493107713
198814377141473280
198814377405722625
198814377703510017
198814377468641281
198814378211020800
198814377628008448
198814378349432832
198814378357829632
198814378789838848
198814379062472705
198814378433318912
198814379167322113
198814379414794240
198814379586756609
198814380400451584
198814380513689602
198814380597579776
198814381004427264
198814380773744640
198814381197365253
198814381415473152
198814381805547521
198814382350794754
198814382875099138
198814383709765634
198814383789441024
198814383957213184
198814383961419776
198814384414392320
198814384628318208
198814384120803331
198814384619929601
198814384926113795
198814385353928704
198814385119043587
198814385446195202
198814385559441408
198814385366507520
198814385723015168
198814385446195200
198814386083733505
198814384875782144
198814386163417089
198814387241369601
198814386683510785
198814387300081664
198814387329445888
198814387224588290
198814387925024770
198814387614658560
198814388164112385
198814388466089984
198814388591919105
198814388944248832
198814388398985216
198814389145567232
198814389502099456
198814389531451394
198814390609395712
198814389565005824
198814390110261250
198814391230148608
198814390718431233
198814391725072384
198814391783784448
198814391947366401
198814391968333824
198814392324866048
198814392341630976
198814392530370561
198814392639430656
198814393230819328
198814393369247744
198814393767690241
198814393755119616
198814393914507264
198814394346508290
198814394463956992
198814395411865600
198814395114065923
198814395193757697
198814395730640896
198814396368166913
198814396372365313
198814395906793472
198814396682731520
198814397366419456
198814396485611523
198814397781639168
198814397861343232
198814398503071746
198814399698452481
198814400726040576
198814400788955137
198814401330028545
198814401132896256
198814401346809856
198814401069973505
198814401627815936
198814401271312384
198814401980145664
198814402219225088
198814402261164032
198814402391191552
198814402881921024
198814402986778625
198814403364270081
198814403427184640
198814403339091969
198814403708190720
198814403611729921
198814404194738176
198814404102455296
198814404110848000
198814403712401408
198814403909517316
198814404454776833
198814404928733184
198814404760961024
198814404400250880
198814405197185024
198814405016813568
198814405276860417
198814405570461696
198814405822132224
198814406291890176
198814406602268672
198814406677762048
198814407097200640
198814407386599427
198814407449518080
198814407743115266
198814407801835522
198814408082866176
198814407839584256
198814408372256768
198814408468733953
198814409282420739
198814408837828609
198814409714434048
198814409487953921
198814410263891969
198814409915772928
198814410595246080
198814408439382016
198814410620403712
198814411010490368
198814411115347969
198814410964340736
198814411903877120
198814412130361344
198814411484430336
198814411455082496
198814412247805954
198814412214251520
198814412658847744
198814412860162049
198814412814041090
198814412751110145
198814412994379776
198814413652889601
198814413917143040
198814414751801345
198814414982488064
198814415146070017
198814414797930497
198814415481602049
198814417180303360
198814417155133440
198814417717178368
198814417310326786
198814417637478400
198814417817829376
198814418656698371
198814418715422720
198814418547654656
198814419256475648
198814419466199041
198814419378126848
198814419755601920
198814419986300930
198814420049215488
198814420057600000
198814420095336448
198814420745465857
198814421135532033
198814420560912384
198814421273944064
198814421592707073
198814421877915650
198814421756280832
198814422477701121
198814422813249537
198814423538876416
198814423564042241
198814423861825536
198814423354318848
198814424897822721
198814425598275585
198814426953035777
198814427217281025
198814427657678850
198814428706254849
198814428794335232
198814428764979201
198814429654159361
198814430123929600
198814429721268226
198814429511548929
198814431537397760
198814431801651200
198814431944257536
198814432506281986
198814433064136704
198814433441628162
198814433705865216
198814432959275008
198814433760395265
198814434339209216
198814434393726976
198814435429724160
198814435576524800
198814435391971328
198814435765256193
198814436243410944
198814436264394753
198814437086461952
198814436876759041
198814437157769216
198814436658655232
198814437417828352
198814436776091651
198814437761744897
198814437329739776
198814438504136704
198814438764199936
198814438671908866
198814439586267137
198814439301062656
198814439787593728
198814439598866433
198814439854702592
198814439653384192
198814440827797504
198814440496435202
198814440576135169
198814441213661185
198814441259794432
198814441830227969
198814442018967553
198814442555842560
198814440504832001
198814441763119104
198814442606174208
198814442715226112
198814442367102976
198814442526474240
198814443331780608
198814442643922944
198814441050095618
198814444028047362
198814444569100289
198814441989619712
198814445085011968
198814445684793346
198814446745944064
198814447194742784
198814447500922880
198814447517700098
198814447660306434
198814447878414336
198814448138465281
198814448109096960
198814448419471360
198814448604024833
198814448155242496
198814449879105537
198814450353049600
198814450097197056
198814450772492289
198814451112226817
198814452072718337
198814452689285121
198814452735426561
198814453150658560
198814453024825345
198814453758820352
198814453742043136
198814453469429760
198814454190845952
198814454727708672
198814456174747648
198814456166354944
198814456736780291
198814455583350784
198814456740986881
198814456703234048
198814457164607488
198814457319796736
198814457219125248
198814458066378753
198814457781170176
198814458712301568
198814458997514240
198814459232403456
198814459555360769
198814459014291456
198814459769257984
198814461241466880
198814461426008066
198814461396660224
198814462227124225
198814463435096065
198814462956929025
198814463862910977
198814462986297344
198814463934201856
198814464127143936
198814464240386048
198814464567558145
198814465024733186
198814465649688576
198814465502883843
198814465788084224
198814466194931717
198814465997807616
198814465632899073
198814467050577921
198814466719236096
198814467721662464
198814467906220033
198814468971573248
198814467721658371
198814469353250817
198814470183727104
198814469932072961
198814470993219585
198814471534292992
198814472066965504
198814471538479104
198814472868069378
198814474193485824
198814473576914944
198814474428354561
198814473786634240
198814474445131776
198814473966985216
198814474633879555
198814474352865282
198814475195912193
198814475330125824
198814475430801408
198814475493703680
198814474990395392
198814475711823874
198814476370329600
198814476340965376
198814476634554369
198814476684894208
198814476894605312
198814476143837184
198814476567453696
198814477305659393
198814477712498688
198814477737660417
198814477934800896
198814477607632896
198814475690844161
198814478584913920
198814478878523392
198814479088222208
198814478920466432
198814479293743104
198814479486697472
198814479880962048
198814478538772480
198814479843205120
198814480828866560
198814481160208384
198814480610762753
198814481315401730
198814481248292865
198814482590474241
198814482963775492
198814482615631872
198814482456264704
198814482896650241
198814483689381890
198814483085410304
198814483588722688
198814484658266112
198814484935081984
198814484444348416
198814485782331393
198814486075936768
198814486814134273
198814487430705152
198814487103553537
198814488357642241
198814486835105792
198814488051449859
198814488865148928
198814487762051073
198814489162956800
198814488978403328
198814489397829632
198814490010189824
198814490123448324
198814490219905026
198814490706444291
198814490190561280
198814490903576577
198814491792777216
198814492027658240
198814492568719362
198814493642461184
198814492564529152
198814494300971008
198814493827006464
198814494108033027
198814494732984320
198814494506487810
198814494372282368
198814494909136896
198814494972051456
198814495387287554
198814496104525824
198814496075165698
198814496842719232
198814496632999936
198814497392168960
198814497387982849
198814497891299329
198814498218459138
198814498684014594
198814499153788930
198814499220893696
198814500139442177
198814500315611137
198814499468353536
198814500558880770
198814500563066882
198814500600807425
198814501078958081
198814500906999808
198814501066379266
198814502060429313
198814502291116032
198814503255805952
198814503721377794
198814503473917952
198814506175041536
198814505633988608
198814507227820032
198814507894702080
198814508221874176
198814508637106177
198814508590956545
198814508934901761
198814509119455232
198814508981026817
198814509769568256
198814509882802176
198814509446606850
198814510256107520
198814511552139265
198814511929638912
198814512177098752
198814512139350016
198814512646860800
198814513087266817
198814513334730752
198814513204690945
198814513741574145
198814513494102016
198814513712209921
198814514257465344
198814513951277056
198814515167641600
198814515595444224
198814514991476737
198814515876474880
198814516019068928
198814515452850176
198814515821940736
198814517076045824
198814516421730305
198814517428363264
198814517281566721
198814518095265792
198814518229475328
198814518653108224
198814518686662658
198814518195912707
198814519198363649
198814519328374785
198814519370330113
198814519764590592
198814520565706753
198814520641200128
198814521182257152
198814521039659008
198814521509416960
198814521551368192
198814521559752705
198814521400377345
198814522352480257
198814521895305217
198814523006787585
198814523996635136
198814523916947456
198814524600627200
198814524252499969
198814524990689281
198814524768399360
198814525796007937
198814526236401664
198814526576132096
198814525846339584
198814527041716225
198814526521622529
198814527083659264
198814527746347008
198814528421629954
198814528748781569
198814528354521088
198814529289850880
198814528455184384
198814529189183488
198814529679933440
198814530367787009
198814531227615233
198814531336667136
198814530820775937
198814530799800320
198814531684794368
198814530766245888
198814531491860480
198814531198267393
198814532112621568
198814531642859521
198814532024537089
198814530397159425
198814532079075328
198814532712402945
198814533110874112
198814533400276994
198814535077990401
198814534922801152
198814535426125824
198814535388381184
198814536407580673
198814536340475904
198814536831213568
198814536894128130
198814537867210752
198814537279995904
198814535921053697
198814538651549698
198814538332774400
198814539402313728
198814539872083969
198814539200991232
198814539851120641
198814539733671936
198814539914022912
198814540299911170
198814540706746368
198814541218459649
198814541608517633
198814541910511617
198814542199922688
198814541478494210
198814542204121088
198814542388670464
198814542636138497
198814543374323712
198814544305471490
198814544510980097
198814541893742592
198814544808771584
198814545190469632
198814545341456385
198814545442115586
198814545970597889
198814546700406786
198814546125787138
198814546922700801
198814547073695744
198814547111448577
198814546687832065
198814547417636865
198814548118077440
198814548080340993
198814548311015425
198814548747231232
198814548042596352
198814549443489793
198814549867110401
198814550202658816
198814551024742400
198814551783899136
198814552048156672
198814550655635458
198814552568242176
198814551549022208
198814552828293122
198814553004449793
198814553386127360
198814554216611843
198814554350813186
198814555185496064
198814555701379073
198814555953053697
198814555974008832
198814555080630272
198814556045316096
198814556242452480
198814556745760769
198814556473139200
198814557144231936
198814557446217729
198814556842242048
198814557832097794
198814558180225024
198814558343794688
198814558322831360
198814557555269632
198814559090393088
198814558859706369
198814558188613632
198814559530786816
198814560403206144
198814560499666944
198814561242058752
198814561254653953
198814561393065985
198814561585999872
