198798705078448128
198798708308049921
198798708089958401
198798708006072320
198798708203192321
198798709134327809
198798709222420480
198798709100777473
198798710182907906
198798710631706625
198798710375849984
198798711927750657
198798713282510848
198798713307664384
198798714477883392
198798714213634048
198798714301726720
198798712984715265
198798713320247296
198798714142330880
198798713005686784
198798713307664385
198798715262205953
198798716797337601
198798717057368064
198798717279678464
198798717086736385
198798717904621568
198798718911262722
198798719066451969
198798718986756097
198798720035332096
198798719947255808
198798720484114434
198798721738223616
198798722040217601
198798723298496513
198798722757439488
198798724049281025
198798723961196544
198798723642433537
198798725160775680
198798725353701376
198798725672476673
198798725324353536
198798725852827648
198798726851080193
198798726557483009
198798725278216192
198798728314888192
198798729459929088
198798726851076096
198798730315575296
198798730495930368
198798730755981312
198798730961485825
198798730483339264
198798732437897216
198798732601462784
198798733587120128
198798734992228352
198798735478767618
198798736112099328
198798736082739200
198798736556699649
198798733251579904
198798736430870528
198798735701053441
198798737466867713
198798737005477888
198798738746126337
198798738720956416
198798737861120000
198798738951647233
198798739345899520
198798739496894464
198798739622723585
198798739438186496
198798740226703360
198798738058264576
198798741392719872
198798741334011904
198798742047031296
198798742189641729
198798743179505664
198798742567124994
198798743603118083
198798743376629762
198798743833821184
198798744869806080
198798745536708608
198798745066934272
198798746040016896
198798746308460546
198798745733840898
198798747231207425
198798745935155200
198798747675791360
198798748627898370
198798748946677760
198798749751967746
198798749936517121
198798749634543617
198798749605183489
198798750402088960
198798750678913024
198798747516411905
198798750716669952
198798751480025088
198798751396143106
198798751865913344
198798752570548225
198798752138543104
198798753942093824
198798754915164161
198798755305234434
198798752763478016
198798756802605057
198798756823572481
198798757079429120
198798757352054786
198798757192675328
198798759319187457
198798758962675712
198798759667302403
198798760963354624
198798762100006912
198798762813046786
198798762217455616
198798763748364288
198798764763381760
198798764381716482
198798765778415616
198798766193647618
198798765715496961
198798766394978306
198798767040892928
198798767204474880
198798766688583680
198798767883956224
198798767602937856
198798768425013248
198798767732953088
198798768072704001
198798769192566785
198798769679106049
198798769993695233
198798770706726912
198798771331674112
198798771520417792
198798771734327296
198798772690624512
198798772942286850
198798772661272577
198798775039426562
198798775312064513
198798775920246785
198798776163504131
198798777103024130
198798778063527936
198798778403262464
198798778361315329
198798773344927744
198798778986266624
198798779195990017
198798780664004608
198798782060691458
198798782706622464
198798782954094593
198798783591612418
198798784149463040
198798785151909889
198798785663614976
198798785911062529
198798786712174595
198798787416817664
198798787861417985
198798788230524928
198798788431843328
198798791132987393
198798791464329218
198798793158823936
198798794144489472
198798793787969538
198798793964130306
198798792785530880
198798795293728769
198798796589776897
198798797474758658
198798797931941888
198798797852254208
198798798305234944
198798798372343809
198798799014068224
198798798741446656
198798798900830208
198798799542550528
198798799748079616
198798799974563840
198798800582742017
198798800591138816
198798800092008448
198798800754708480
198798800821825537
198798801694228480
198798800851177472
198798798946967552
198798802906390528
198798802709266433
198798802600198144
198798802658922497
198798802625380352
198798803153858561
198798803338403840
198798803741057024
198798803527143427
198798804168876032
198798804462469121
198798805007740929
198798805120991232
198798805058060291
198798805578166276
198798806228287489
198798806454779904
198798806337331200
198798806396051456
198798806983249920
198798807662727169
198798809592107008
198798809348849664
198798809197854720
198798810040909825
198798812234530816
198798814029688832
198798814121967616
198798813606060033
198798814545584129
198798815925501953
198798815975849984
198798816143605761
198798816714039296
198798817787785218
198798817162821635
198798817833922560
198798817825529856
198798819318710273
198798819754909696
198798806559637505
198798820333719552
198798820245647360
198798821642350594
198798823429128193
198798824964227072
198798825064898562
198798826197352448
198798826226728961
198798826440634370
198798826478374913
198798826277060608
198798827157848065
198798827828936706
198798827174641665
198798827992522753
198798828659408896
198798828047040513
198798826168008708
198798827917017091
198798828407758848
198798831524134914
198798831981314049
198798833793241088
198798833461899264
198798832404934656
198798833948438528
198798834447556609
198798834162335744
198798835080892416
198798835282219008
198798835638743040
198798836200767488
198798836028801024
198798837509390338
198798837354209281
198798838096601089
198798838318891008
198798838390206464
198798838478274560
198798839690444801
198798839644295168
198798839547834369
198798840944541696
198798841955368960
198798842869719040
198798842672582657
198798843385614337
198798842764853249
198798843209457666
198798844107042816
198798844761346048
198798844107038720
198798843419164672
198798844664872960
198798844161556483
198798846946574336
198798847441502210
198798847215009792
198798847424733185
198798848141955074
198798847273746432
198798848502665217
198798848888537088
198798848938885120
198798849458970624
198798852176883714
198798851711320064
198798852197855232
198798853900734464
198798854924152832
198798855310028800
198798853422579714
198798856044036097
198798856195018753
198798856320856067
198798855997882368
198798855968534529
198798856459264001
198798858237652992
198798858187309060
198798857897910272
198798857902104576
198798859751792640
198798861077196800
198798860989108226
198798860750045186
198798861513396227
198798860636798976
198798863300182016
198798863899963392
198798864029990912
198798864604594176
198798864545886209
198798864642351104
198798864931766272
198798865812553728
198798865208582144
198798865690923008
198798866131320832
198798866924044288
198798868459163652
198798867905527808
198798868387860480
198798868832460801
198798869151236096
198798869264482304
198798870661173248
198798870862499841
198798870094946305
198798871424536576
198798872263397376
198798873303584768
198798872779309056
198798873441996800
198798875878891521
198798877141377024
198798877246226432
198798878160584704
198798878865231872
198798878621966338
198798879670542337
198798879976722432
198798879972540416
198798879943176192
198798881235025921
198798881595719681
198798882325528578
198798882317148160
198798883311198208
198798878961696769
198798883718045697
198798884162637827
198798884615622657
198798884556902401
198798884074561536
198798885345435648
198798885089587200
198798885840367618
198798885173469184
198798886263980035
198798886272376832
198798886175916032
198798883604799489
198798886570168320
198798886918299648
198798887216103424
198798888059158528
198798887467753472
198798888205942785
198798888436633600
198798887815888896
198798887778123779
198798889845927936
198798890064019456
198798891435560961
198798891871764481
198798892987449346
198798892601573377
198798893155229697
198798893801152512
198798893864058882
198798893822132224
198798897542471680
198798897819303936
198798898125488128
198798898335195136
198798897823485953
198798899203424257
198798899257950208
198798899224379394
198798899694149632
198798900482670593
198798901455753216
198798901287985153
198798902181363712
198798902776954880
198798903615823872
198798904614064128
198798905339678720
198798905666830336
198798907000627200
198798907113869313
198798907478777857
198798908007251968
198798907558469632
198798908367978497
198798908690927616
198798908628017152
198798908938399744
198798911740186624
198798911761170432
198798911949901824
198798912713277440
198798913170440192
198798912432246785
198798913510191104
198798913396948992
198798914315493376
198798915619930114
198798915703803906
198798915733176322
198798916152606720
198798917033398273
198798915926110209
198798916840472576
198798916899180545
198798914831400960
198798918094569472
198798917461217280
198798918493028353
198798918677569537
198798919864561664
198798920590168064
198798921047355393
198798921600991233
198798921017991168
198798921936551936
198798922012037121
198798923278716928
198798923119345664
198798924688015361
198798925044523008
198798925174542338
198798925195522048
198798925233274882
198798926302806018
198798926885822466
198798927875682304
198798929041690624
198798929507266561
198798930161582080
198798931365339137
198798929087823873
198798932107739136
198798932783013889
198798932103544832
198798932992724993
198798934037110784
198798934792081408
198798934632697857
198798935614160896
198798935563841536
198798935303782401
198798935706435585
198798937044422656
198798938155917313
198798935458988033
198798938319486978
198798938202046464
198798937266724864
198798938894106626
198798939724587008
198798939602960384
198798940655714304
198798940106268673
198798941901434881
198798944111828992
198798944409632768
198798944996823042
198798945118453760
198798945256878081
198798945818918912
198798945944735744
198798947093987328
198798947265937408
198798948037693440
198798949707038720
198798949887389696
198798949874798592
198798949426012160
198798951099535361
198798950877237249
198798951636410368
198798951716110336
198798952454299648
198798952378806272
198798952567554048
198798952831795202
198798952882122752
198798954203324416
198798953762922496
198798954534682628
198798955650359296
198798956224983040
198798956300468224
198798957026091008
198798957592317952
198798957730742273
198798958150160384
