198824880156852224
198824880664363009
198824881041846272
198824879871639554
198824881486446592
198824882518245377
198824882547593216
198824882862178304
198824882832805890
198824886121148416
198824886435708928
198824886624468994
198824887761108992
198824886192439296
198824887975030785
198824888105046017
198824888113430528
198824889271074816
198824888746770434
198824888943902721
198824890323836929
198824890990723073
198824891275948034
198824892072857601
198824891976396801
198824892408414210
198824892433571840
198824892089638912
198824893041741827
198824893587013634
198824893805105153
198824894476189697
198824895445078017
198824895772233728
198824895688343552
198824896300720128
198824897449951235
198824897131188224
198824898997665792
198824899366752257
198824899521949699
198824899211567104
198824899614216192
198824900046241792
198824900851535872
198824902776725506
198824902571204608
198824902806081536
198824903137435648
198824902730579968
198824903334567936
198824904186003456
198824904748040193
198824904982933504
198824905217810432
198824905477857280
198824906249605121
198824905876312064
198824905528197120
198824906673242113
198824907340124160
198824906765516801
198824908267061248
198824907893784579
198824907835060224
198824908803948545
198824909131087875
198824909554720769
198824910448099328
198824910800420865
198824910951419904
198824910938845186
198824911907729409
198824913472200705
198824913514143744
198824913619005440
198824914801790976
198824914457866241
198824914298486785
198824915800031233
198824917012185088
198824917242871808
198824917158998016
198824917586821120
198824919402942464
198824920241815552
198824920187277313
198824919969177601
198824920539598848
198824920690597888
198824920753512449
198824920971620352
198824921034534913
198824921261027328
198824920082427904
198824921575596032
198824922192158720
198824922389291009
198824922955517953
198824922355732482
198824923395932162
198824924423524354
198824925333692417
198824925472096256
198824925790871553
198824926625533952
198824926738788352
198824924297699328
198824927598624771
198824927900606464
198824929129537536
198824929356029952
198824929725120513
198824929624465409
198824929687388161
198824930446553091
198824929775456256
198824931088277504
198824930853400577
198824933122506754
198824932635971586
198824932451426304
198824933307056128
198824933529362433
198824934120763392
198824933810372609
198824935685238784
198824935853015042
198824936406650880
198824935823646720
198824935861387265
198824937807544321
198824938579308544
198824938902274049
198824939002937345
198824939661430786
198824939632074752
198824939661443072
198824939778871296
198824940659671040
198824940663881728
198824941209124864
198824941204934657
198824941720842243
198824941444014080
198824942672949248
198824943536975872
198824943704752128
198824944065449984
198824945009164288
198824944593932289
198824945294389248
198824945164357632
198824946280046593
198824946338775040
198824946607194113
198824946359738369
198824947488002048
198824948628860929
198824948750499840
198824948620460033
198824949018931200
198824949459324929
198824950117842945
198824949677441024
198824950201724928
198824951254499329
198824951996887040
198824952177233920
198824952420515841
198824952772829184
198824952714113024
198824953183870977
198824953871745024
198824954903531520
198824954148569088
198824955398467585
198824955415248897
198824955599785986
198824955377496065
198824955889192961
198824956522541056
198824956564475906
198824956975521793
198824956941959169
198824957566926849
198824957336223744
198824957923438592
198824958636470272
198824957998927872
198824960704249856
198824960922365954
198824961492795393
198824962235187200
198824962696560640
198824963552198656
198824963749322753
198824963820617728
198824964521074688
198824964714016768
198824963124379648
198824965653544960
198824966022639616
198824965628366848
198824966341410818
198824966379151361
198824966282690560
198824966978945024
198824967855550464
198824968702787584
198824969034153985
198824970338578432
198824971051610112
198824971462656002
198824972192456704
198824972007907329
198824972200849409
198824972381208577
198824973018726401
198824973123596289
198824972976783360
198824973253623808
198824974641934336
198824974167982082
198824974851649536
198824975090728962
198824976269328384
198824976504205312
198824976684556288
198824976877502465
198824977787650048
198824978085453825
198824979066912768
198824980023230465
198824980065161217
198824980534931457
198824981856141312
198824982166507520
198824982573367297
198824982636273664
198824982887940098
198824983949099008
198824983970054144
198824984133640193
198824984376918016
198824984645345280
198824985236738048
198824985249320960
198824985291272192
198824985626804225
198824985970741248
198824985551310848
198824986042048512
198824985840713729
198824986117545984
198824985689722881
198824986482450433
198824986536972288
198824987153539072
198824986490834944
198824987497472000
198824990219571200
198824990756438019
198824990525755392
198824991700172801
198824993444995074
198824993877008384
198824993948315648
198824995118518272
198824994829111297
198824995370176513
198824996099985410
198824997496684545
198824997479919617
198824997886771200
198824997018533888
198824998490750976
198824999178608642
198824998834671616
198825000931835904
198825001489661952
198825001070231552
198825001833611264
198825003142217728
198825003121262593
198825002857005057
198825004253724672
198825004660563969
198825005218398209
198825005415534592
198825007135195136
198825007604973569
198825007546253313
198825008435429376
198825010289319936
198825011014934528
198825010499031041
198825010981371904
198825011799269377
198825011308535809
198825011648266241
198825012361306112
198825012587806720
198825013338583040
198825013422460928
198825013640564737
198825014173241344
198825016194891776
198825016610136064
198825017201528832
198825017423822850
198825017893601280
198825019621642240
198825020657647617
198825020473098241
198825020515041280
198825019034439680
198825020628283392
198825022406672384
198825024025669632
198825024579317760
198825025447538688
198825025111990273
198825025762107392
198825026705829888
198825027062333440
198825026907160576
198825028043812864
198825027997671425
198825028614242305
198825028412899328
198825028639404032
198825028844916736
198825029205622785
198825029474070529
198825029176266753
198825030006747136
198825029658619904
198825030518452224
198825031281811456
198825030849806338
198825031533465600
198825032108089344
198825032598827008
198825033588686848
198825034121359361
198825034490454016
198825034993766401
198825036348538881
198825036348534785
198825036872814592
198825037317419008
198825037208367105
198825038080782338
198825038839951360
198825038483423233
198825039217438722
198825040962265088
198825041562054657
198825041251672064
198825042388324352
198825042015043584
198825042275078145
198825043239780352
198825043327852544
198825044087025664
198825043831160832
198825044741324800
198825044972015617
198825045966077952
198825046595215360
198825046947545088
198825047182417920
198825047291473920
198825048956616704
198825049011130368
198825048952406016
198825048465870849
198825050110042115
198825049841610752
198825049669632000
198825050705633282
198825051481571329
198825051557085185
198825051775172608
198825052496609280
198825052626628608
198825052387545088
198825053650038784
198825054094635010
198825055189352449
198825055055126529
198825055587803137
198825054451138560
198825056825114624
198825057382961154
198825057332625410
198825057835945985
198825058238603264
198825057752068097
198825059014557696
198825058439921664
198825059270406145
198825059668865024
198825059874390016
198825060205723648
198825061212372992
198825060897783808
198825058288930819
198825061799559169
198825062311280640
198825062374191104
198825062491623426
198825063733137408
198825063460503552
198825064479727618
198825065322778624
198825065318584320
198825066027421696
198825066081947648
198825066883063808
198825067331858432
198825067004702720
198825068028116992
198825068283969536
198825068514648064
198825071068979201
198825071018643456
198825071987523585
198825072818008065
198825072813813760
198825074369892354
198825074705448962
198825075103903744
198825075095511040
198825075640774656
198825075460411394
198825072616685568
198825076085370880
198825076450271232
198825076450263040
198825076181843968
198825077360427009
198825077477867520
198825077121359872
198825077746315265
198825076995526657
198825078509678592
198825079910567936
198825080095125504
198825079839264768
198825080803954689
198825081080778756
198825079491141633
198825079990255616
198825081064001537
198825082347454464
198825081659604992
198825077716955136
198825083693838336
198825083370876928
198825084343951361
198825084750807043
198825085044404224
198825085698703361
198825085803573248
198825086759878658
198825086533378048
198825086889893888
198825086768267266
198825087372230657
198825087095410689
198825088324349952
198825088890580992
198825090035617792
198825089960120320
198825090874474497
198825091524599810
198825092074053633
198825091830779904
198825092325707776
198825093856632832
198825094238314497
198825094238306304
198825094259286016
198825094599032832
198825094636765185
198825095668576257
198825095601455106
198825096754905090
198825096691982338
198825096838774784
198825097199484929
198825098139025408
198825098105458688
198825099388923904
198825099707691008
198825099267293185
198825098701053952
198825100223582208
198825100206817280
198825099577655296
198825101184090112
198825101658030080
198825101976813568
198825102291369985
198825102291374081
198825102035525632
198825102803091457
198825103537090560
198825103142821888
198825103285424128
198825103906189313
198825103847473152
198825104841510912
198825104891838465
198825104996708352
198825105076404225
198825105198022656
198825106657648640
198825107240648704
198825107110629376
198825107785908225
198825107689439232
198825109987926018
198825110440914945
198825109866295296
198825111770513409
198825112001191936
198825111342682112
198825111363657728
198825112240263168
198825112621948931
198825114324840448
198825115037868033
198825115595714560
198825114815569920
198825115780268033
198825116136775680
198825117751582721
198825117646725120
198825118477205506
198825118884044801
198825118976323584
198825118473011200
198825118766608385
198825120687599619
198825121081864192
198825122885419008
198825122927362048
198825123401302017
198825123275476992
198825124009480197
198825123279679489
198825124709924864
198825124877697024
198825124877713408
198825125422960642
198825125200658432
198825125649461248
198825123946561536
198825125729148928
198825126433800192
198825126593179648
198825126794493952
198825127327182848
198825129197834240
198825130380640256
198825130682621953
