198777821823377408
198777822427361281
198777823631122434
198777824243494912
198777826663596032
198777826151907328
198777826877509634
198777827812851712
198777828173545472
198777829469589504
198777830522359808
198777831587717120
198777832195887104
198777833559048192
198777834603425792
198777835207405568
198777834897018881
198777835916247040
198777837019340802
198777838231498753
198777838768357377
198777839204569089
198777838910971904
198777838881607681
198777839573663744
198777840559329281
198777840156684289
198777841620484096
198777842459357186
198777842929111042
198777844258701312
198777844770414592
198777845676384258
198777845915459585
198777848276856832
198777848784355329
198777849312845826
198777849581289473
198777850470477824
198777851732963331
198777852634730497
198777854136299520
198777859957981184
198777861677654017
198777862277447682
198777865406394368
198777866601766913
198777867373510656
198777868438876161
198777869336453120
198777871311962112
198777873786609665
198777875162349569
198777875116199936
198777878266122240
198777879427956736
198777875380436993
198777880925306880
198777881726423040
198777882779193345
198777883139899392
198777884062662659
198777885539057665
198777889150345218
198777890161168386
198777890538663936
198777891172003840
198777890786127874
198777891956330496
198777891763404800
198777892266721282
198777892530958336
198777894632304641
198777895802511360
198777896079343616
198777896330989568
198777896331001856
198777894187712512
198777898616881153
198777899111817216
198777899468337152
198777899912929280
198777901380939776
198777902236581889
198777904275005441
198777905180975104
198777904878989312
198777905457799169
198777905755590657
198777907269738496
198777906825138177
198777907898892289
198777909421424640
198777909891186688
198777911933808640
198777911984144387
198777913154355201
198777913447952384
198777913124990976
198777913632505856
198777913695404032
198777916530757632
198777916186836992
198777917709365250
198777919869419521
198777920179810304
198777922159525889
198777923627528192
198777923472334848
198777924160192513
198777924135030784
198777924202139648
198777924189556736
198777924478976002
198777924416049155
198777925091336192
198777925053591553
198777926345437185
198777927398199297
198777926836162560
198777927817637888
198777927901515777
198777929545691137
198777930418106368
198777930300665856
198777930166444032
198777932116787200
198777933253455874
198777933542858753
198777933534470144
198777934725652482
198777933622546432
198777938387275776
198777938508922880
198777938898976768
198777940413136897
198777940878688256
198777940455071746
198777941503651841
198777942413803520
198777941704974337
198777944439660544
198777944477405184
198777945249157120
198777948407472128
198777948168396801
198777948390699008
198777949330227202
198777951448334338
198777951020515329
198777951284772865
198777952966688768
198777953449017345
198777954371764226
198777955554562049
198777956175314947
198777958117277696
198777960529010691
198777961074274304
198777960931663873
198777961736970240
198777963230134273
198777965310521344
198777965696389120
198777966484914176
198777966057107456
198777966770126848
198777965260181505
198777969471270913
198777969542574080
198777970792476672
198777971534860288
198777971870408704
198777970914103297
198777975209078784
198777975775309824
198777976312180736
198777976790331392
198777978870697984
198777980292575233
198777981089480706
198777981567631360
198777987422892032
198777987636797440
198777989863976960
198777991516536832
198777990589591552
198777992103731200
198777991902396419
198777994062475265
198777996201574400
198777996356763648
198777996230926337
198777996830711808
198777997191413761
198777997531168769
198777999787692032
198777999204691970
198778000391667712
198778000857247745
198778001138253824
198778004959281152
198778005164789762
198778005156405250
198778007001894912
198778006116892675
198778007173865472
198778007844958209
198778010810335232
198778013305937920
198778013872168960
198778015059148800
198778016967573505
198778017403764738
198778018460741633
198778018825650176
198778019941318656
198778020499161089
198778020432064512
198778021627445248
198778021954592768
198778022181085184
198778023082852352
198778023422595072
198778023330316288
198778024236285952
198778020817940482
198778027071651840
198778029131042816
198778029479165952
198778031232389120
198778033551839232
198778032511660032
198778035204407297
198778036290732032
198778036655628289
198778037695819777
198778038077505536
198778038501130240
198778035225366528
198778039574872064
198778040782819328
198778043110666242
198778047837638656
198778047791497216
198778044616421376
198778050475855873
198778051218243584
198778050844950528
198778051704791041
198778051692204033
198778051809644544
198778051847397376
198778052698849280
198778053332176896
198778055186055168
198778056368848897
198778056800866305
198778056167538688
198778057681674241
198778058457628674
198778059376173057
198778059241959424
198778061112610817
198778062014398466
198778062580629505
198778063511752705
198778066288377856
198778066187722753
198778067034968064
198778068649775105
198778069044039682
198778069526384640
198778069736095745
198778069459283969
