198850801479856128
198850801412747264
198850802733957120
198850802826219524
198850803576999936
198850804675915778
198850804969517056
198850805099536385
198850804382318594
198850805388951554
198850806164881408
198850807741939712
198850808425619457
198850806471073792
198850807653867520
198850809449033728
198850811609088000
198850812703817729
198850815052627968
198850814658363393
198850816990396416
198850817829244929
198850820677185538
198850820689768448
198850822023557120
198850824754040832
198850824070365185
198850825060220928
198850824808562688
198850825546764289
198850826486300673
198850827656503299
198850831389425664
198850832312176641
198850832589000704
198850833318817792
198850833004232707
198850833394319361
198850834707120128
198850834828771328
198850835994779648
198850836024131584
198850836443570176
198850841220874240
198850841342525442
198850841699041281
198850841808080896
198850842231709696
198850843129298946
198850842953134082
198850844693774337
198850845029310465
198850845410992129
198850846694453248
198850851073294336
198850853455667200
198850854265167872
198850854441328640
198850854978207746
198850854940446720
198850855250821121
198850856672694272
198850857599647744
198850859004727296
198850859340279808
198850860430802944
198850860808278016
198850861085102081
198850861198348288
198850862301450242
198850862649585665
198850863350038528
198850864360861696
198850864151150593
198850865103249408
198850865224888320
198850867242336256
198850867682750464
198850867296862208
198850868710359040
198850870497128448
198850871461806080
198850871893835777
198850872015466496
198850872673959937
198850872833351680
198850873919668224
198850874565591040
198850875056332800
198850875937140737
198850876205563904
198850877287710720
198850879892373504
198850880987074560
198850881683329024
198850883059056640
198850883612708864
198850884749369344
198850885630169088
198850886808780800
198850887819591680
198850888528437248
198850888377442304
198850890038390785
198850890273263616
198850890562682880
198850891216982016
198850893083459584
198850893418987520
198850894249476096
198850894664699908
198850895503564800
198850895763603456
198850896384376833
198850898011750400
198850897667833857
198850902239617024
198850902675828738
198850905502793728
198850905825742849
198850907377643520
198850906949828608
198850908463972352
198850908489129984
198850909193781249
198850909722255361
198850910292680704
198850914277269505
198850915686551553
198850916126957568
198850916496056320
198850917120999424
198850917502685184
198850919608229888
198850919973126144
198850922426806274
198850921596325888
198850922997231616
198850924855300096
198850925161496576
198850926159724545
198850928093315074
198850925492838401
198850929515184129
198850932027568128
198850934825164800
198850935856967680
198850936804872192
198850938235138048
198850937635344384
198850938843303937
198850940382617600
198850941024354305
198850943670960128
198850943528349697
198850944241385472
198850946237870080
198850946363703297
198850947185778688
198850949450698752
198850949513617408
198850950767722497
198850951858241536
198850951858229249
198850953586286592
198850954097983488
198850953896665089
198850954563567616
198850952986509312
198850955675058177
198850956073504768
198850956480364544
198850957646364672
198850957625409536
198850958363607040
198850958854332416
198850959567368192
198850960125206528
198850959810641922
198850960792100866
198850960943095808
198850960800485378
198850962776006656
198850962738253825
198850963623256066
198850961379295232
198850964403388418
198850964403388419
198850964822831104
198850966802530305
198850968060833792
198850969763713025
198850973005918209
198850973488250880
198850974964658176
198850975111454720
198850977430913025
198850978483675136
198850977573507072
198850979561611264
198850981126086657
198850981671354369
198850982929633280
198850983206453248
198850986733867009
198850986981335040
198850987157495808
198850987929251841
198850987719536640
198850988013125632
198850988587753472
198850985215528961
198850989070102528
198850992161300480
198850994933739520
198850994828881920
198850995369938944
198850995567067137
198850995374141440
198850996141690880
198850996330430464
198850997999775744
198851000482795520
198851000432476160
198851000793178113
198851001380388864
198851003615948800
198851004760997888
198851005167837185
198851005440475136
198851006572929025
198851008233877504
198851009055956992
198851008854630400
198851011316678656
198851011778056192
198851012193296385
198851012646281216
198851013137018880
198851014416273408
198851014919598080
198851015620038656
198851016718946304
198851016840585217
198851017532649473
198851017205493760
198851017465532416
198851018539270144
198851019185192960
198851019457835008
198851019520753664
198851020183445504
198851020384768001
198851020061814784
198851021089423361
198851022830043136
198851023283044353
198851025015275520
198851026361647104
198851026860785664
198851027309576192
198851027355697152
198851027368296449
198851028517519360
198851026168713217
198851030048456704
198851029821947904
198851030946021376
198851030174269442
198851031747141633
198851031822643201
198851033189978112
198851032833458176
198851034481827840
198851037061332992
198851038286053376
198851038403506176
198851039905071104
198851040219635713
198851041293369344
198851042929156097
198851043516362752
198851045403791361
198851045907107840
198851047677116417
198851047719047169
198851049602293760
198851050160136192
198851050495676417
198851050382442496
198851051204517888
198851052072742912
198851052018212864
