198835449572237312
198835449886818304
198835449870041088
198835449962299392
198835450515947521
198835450796969986
198835450524340226
198835451547754497
198835451505815552
198835451543568385
198835452617310208
198835452789276672
198835452994781186
198835454307614722
198835454542491649
198835455062573058
198835455347793920
198835455754637313
198835455712690176
198835455284883457
198835455876268033
198835455712702464
198835456601882625
198835456929046528
198835456551550976
198835454496346112
198835457969238017
198835458317369345
198835458631942144
198835458296385536
198835457855987713
198835457767915521
198835459370139650
198835459844096001
198835460112519170
198835460661968897
198835460729090049
198835460884275200
198835461131739136
198835460976541696
198835460670365697
198835461605703680
198835461425336320
198835462113198080
198835462729760768
198835462763331584
198835463652507650
198835463732211713
198835463950303232
198835463472152578
198835464235515904
198835463841259521
198835465128902656
198835464264876032
198835465451876352
198835465032445953
198835465632231425
198835464965337088
198835465959391233
198835466106183680
198835466131345408
198835466106183681
198835465514782721
198835466794041344
198835466726940673
198835467309940736
198835467972653056
198835468136235008
198835468866027521
198835468132040704
198835469650362370
198835469864280066
198835471311314945
198835471550390272
198835472443785217
198835472062087170
198835471734943744
198835472582189056
198835471839797248
198835472770940929
198835473454608385
198835473584623616
198835473899196416
198835473739821056
198835475086188545
198835475702755329
198835475748888577
198835476227035136
198835476256395264
198835475950215172
198835476713582593
198835476155736065
198835475941830657
198835477531475970
198835477690847232
198835477724401665
198835477833457664
198835477846036482
198835477942513664
198835478567452672
198835478659743744
198835478684909568
198835478382915584
198835478726844416
198835479364374528
198835479204995072
198835479976747008
198835479309844480
198835480207441922
198835479616028672
198835479670554624
198835480450699264
198835480626864128
198835481419591680
198835481289555968
198835481717387266
198835483038593024
198835483453816833
198835483629981697
198835484087156736
198835484158476289
198835483764203523
198835484154269697
198835485047660546
198835485085417472
198835484603068417
198835485228019712
198835485290938369
198835485831995393
198835485089603584
198835486142365696
198835485995565056
198835486461145089
198835485777461250
198835486545022977
198835486301765632
198835487153192960
198835487048347649
198835487279022081
198835487887212546
198835488373751808
198835488390512640
198835488252104704
198835488960954368
198835489363599360
198835489518792704
198835489804009473
198835490097606656
198835490076635137
198835489019670528
198835489791410180
198835489866915840
198835489472655360
198835490290544641
198835489493626880
198835491561406466
198835491594977282
198835490886131713
198835490844192768
198835491808878592
198835491083268096
198835492039573504
198835492010205184
198835491532046336
198835491620134912
198835492035371008
198835491909533696
198835493683728384
198835493071368192
198835493906034688
198835494178664448
198835494283513857
198835495181107201
198835492471574529
198835496166756353
198835496426799108
198835496099647488
198835497718652928
198835497647349760
198835497664131072
198835498108731394
198835497605398529
198835498150670336
198835498414911489
198835498872078337
198835499211821056
198835499648036865
198835499685781507
198835499933237249
198835500025520129
198835500235235330
198835500063272960
198835500772106240
198835500914712576
198835501057323008
198835500595949568
198835500419780608
198835501464170496
198835501841649665
198835502219141122
198835502198161408
198835500944080897
198835503162863616
198835503842344961
198835503959785472
198835503884288001
198835504257572867
198835503909453824
198835504614092800
198835504731533312
198835505071263744
198835505104830465
198835505142571008
198835505494896641
198835505968840705
198835506249875457
198835506363105281
198835506690269184
198835506686083073
198835507222937600
198835506786746368
198835507331997697
198835507369754625
198835506858041344
198835507881451522
198835508300877825
198835507956948994
198835509160714241
198835509236215810
198835509731135488
198835509265580033
198835510297362432
198835510712598528
198835510892969985
198835510746161152
198835511077511169
198835511358521344
198835511383691266
198835511454994433
198835511660519425
198835512155455488
198835512700698624
198835513120141312
198835513581514752
198835513740890112
198835513476653056
198835514013532160
198835514118389761
198835514709770241
198835514848190464
198835514877550593
198835515561230336
198835515900964864
198835516328779776
198835516303605760
198835514734952448
198835516697886721
198835517029220352
198835517058584576
198835517226360833
198835518082007040
198835518262353921
198835518379786240
198835518597906434
198835519281573888
198835519998803969
198835520049127424
198835520460165120
198835520384675840
198835520980258817
198835521538113536
198835521575849984
198835521970114561
198835522414718976
198835522565713920
198835522817372160
198835522846720000
198835523127750656
198835523299717121
198835523274555393
198835522884472832
198835523484258304
198835524306350080
198835524486692865
198835525128429568
198835524469927936
198835525216518145
198835525749186561
198835525367500801
198835526084730881
198835526185402368
198835526789378049
198835527078780928
198835526571278336
198835526944559105
198835527527563265
198835527418511360
198835525858238464
198835526701301760
198835527468847106
198835528345464834
198835528433549313
198835529079472128
198835528542601216
198835529201090561
198835529586966528
198835529830240258
198835529830240259
198835529633103872
198835530169982977
198835530895589376
198835531948359680
198835531545714688
198835531604426752
198835531847704576
198835531885449216
198835531965136897
198835532619452416
198835532837564417
198835532921442304
198835534112620544
198835534477524993
198835534200717312
198835534834044928
198835535484162048
198835535530307584
198835534976647169
198835536377548800
198835536406904832
198835536994123776
198835536612425728
198835537631641600
198835537812008961
198835538369851393
198835538235629570
198835538390818816
198835538550198273
198835538227232768
198835538847993857
198835538952859649
198835538596343809
198835540118872065
198835540471193601
198835540739633152
198835541184221184
198835541796589568
198835540940959744
198835542404775936
198835541876277249
198835542824194048
198835542895497216
198835542929051648
198835542476075008
198835542845177857
198835543231045632
198835543574970370
198835543595941888
198835544006987776
198835544313180160
198835545022013443
198835544283824128
198835545202372608
198835545386921984
198835545449832448
198835546104152065
198835546284490752
198835546481635328
198835545911209986
198835546708123649
198835546372587521
198835545491767296
198835547144323073
198835547471486977
198835547668627458
198835547345653760
198835548964667392
198835548901752832
198835548184518657
198835549392470016
198835549283426305
198835549908381696
198835549858037760
198835550172626944
198835550189404160
198835550365548545
198835551019872256
198835551103762432
198835551791620100
198835551963582464
198835551493832705
198835552169103360
198835552429146112
198835552689201153
198835552366239747
198835553419014146
198835553410625536
198835553133801472
198835553632911361
198835554106875905
198835553746157568
198835555105124352
198835554438230017
198835555008647168
198835555017035778
198835555281276928
198835556090777600
198835556032061440
198835556170465280
198835556782845952
198835556824793089
198835556954800128
198835557240012801
198835557525241856
198835557709791232
198835557223243776
198835557932089345
198835557877559296
198835558217293825
198835558053720064
198835559135842304
198835559702081537
198835556753477632
198835560368963584
198835560452861952
198835560687730688
198835560301867008
198835560939397120
198835561316876288
198835560842919937
198835561455288320
198835561627262976
198835562403201024
198835562327715841
198835562214465536
198835561895706624
198835562554208256
198835562814246912
198835562856185856
198835563078492160
198835563028156417
198835562529038338
198835563472752641
198835563997048833
198835564559077376
198835564500353024
198835564882042880
198835564760403969
198835564923994113
198835565116919808
198835565687345153
198835566652030977
198835566794645504
198835567444762626
198835567562203136
198835567935488000
198835568069722112
198835567935488001
198835568480747521
198835569000845313
198835570007478272
198835569873260546
198835570695344129
198835570259140608
198835570548555777
198835571739721728
198835571177693184
198835572691836928
198835572775718912
198835572893167618
198835573182566401
198835572528259072
198835573304197121
198835572788297729
198835573136441346
198835574226944000
198835573992067073
198835574721871872
198835575229386752
198835575497826305
198835575376183296
198835576001150977
198835576915505153
198835577242664960
198835577041326080
198835577662091265
198835577733382145
198835578614198272
198835578639368193
198835578492559361
198835578643558400
198835579344007168
198835578769391617
198835579813761024
198835579922821120
198835581176909825
198835581172727809
198835582372294656
198835583265677312
198835582825275394
198835577523675138
198835583760601088
198835583836094464
198835582808502274
198835585400586240
198835585417355264
198835585337659393
198835585484468224
198835585631272961
198835585669005312
198835586495287298
198835586742755329
198835586755330049
198835587111845888
198835587405463553
198835587824877568
198835588110094336
198835588282073088
198835588495982592
198835588068159489
198835588877660161
198835589116723200
198835589326438402
198835589557129216
198835589544554496
198835590110781441
198835590370832384
198835590228221953
198835590819622915
198835591016759297
198835591117422592
198835591176130561
198835591192920064
198835592010809345
198835592128233472
198835592174374912
198835592467980289
198835592539291649
198835592342159360
198835592950329346
198835593004847105
198835592354734080
198835593332011008
198835593390723072
198835593294254080
198835593516556288
198835593650769920
198835593919217664
198835594548355074
198835594644828160
198835594825187330
198835594149904384
198835594946818048
198835594539970560
198835594984554496
198835595529826304
198835595357863936
198835595517235200
198835595915698177
198835595936677888
198835596112822272
198835595496263682
198835596226076673
198835597069127681
198835597450809345
198835597534699520
198835597245288448
198835598054793218
198835598050603008
198835598964957184
198835599275343873
198835598826536962
198835599753486338
198835599967387648
198835600722366465
198835601116626946
198835600802066432
198835601729003520
198835601187938305
198835602035183616
198835602865651712
198835603192807425
198835602995675136
198835603666767872
198835604388184064
198835604816007169
198835604430131201
198835605101219841
198835605239627777
198835605650681858
198835605935882240
198835606590205953
198835606791520256
198835606988668929
198835607152246785
198835607705894912
198835608037232640
198835608171454465
198835608481841153
198835608645410816
198835608825769984
198835609740132353
198835609387810816
198835609937264640
198835610058891265
198835609660440576
198835611430432768
198835612000862208
198835612122480641
198835612059578369
198835612135075841
198835612063768578
198835613213003777
198835613963792384
198835612969742336
198835614941065216
198835615159160832
198835616006406147
198835616027377664
198835616090300416
198835616237105153
198835616862048256
198835617210175490
198835616451006464
198835617298255872
198835617034018816
198835617428287489
198835616958517248
198835617663164416
198835618049036291
198835617919012864
198835618623651840
198835617981931521
198835619378634753
198835619613507586
198835619793862656
198835619483500545
198835620032950272
198835619240222721
198835620481744896
198835621219942401
198835621194760192
198835620888576000
198835620494323712
198835621542903808
198835621660332032
198835622163648512
198835621744214016
198835621731639296
198835623342243840
198835624130789377
198835624474710016
198835625040936960
198835624755740672
198835625456173056
198835625091276801
198835625212907520
198835625045131266
198835626462818304
198835625707835392
198835626202767362
198835626869657603
198835627624644608
198835627834343424
198835627926618112
198835628161503232
198835628312506368
198835628543188993
198835628526411776
198835628652232705
198835629134594048
198835629595967488
198835629902139392
198835629319131136
198835630279630849
198835630174773248
198835631164624898
198835630879420418
198835631751827456
198835631999299585
198835631336603648
198835632783634432
198835632209002497
198835632649420801
198835633328885760
198835633643462656
198835634125807616
198835633635078144
198835634306154498
198835633702191104
198835633958043648
198835635149213698
198835635308609536
198835635199557632
198835636319432704
198835636453642240
198835636579479552
198835636663361537
198835636764020736
198835636629815296
198835637430910976
198835637728718848
198835638051667968
198835637510602752
198835637338640384
198835638236225536
198835638475309057
198835638081044480
198835638764699648
198835637279916032
198835639062503426
198835640060747776
198835640224329729
198835640387895298
198835641067380737
198835640731832320
198835640962523137
198835641780412418
198835641935597569
198835642153701376
198835641688133632
198835642229207040
198835642233389056
198835642271154177
198835641780420609
198835642438918144
198835641826553856
198835642422145025
198835642929643520
198835642485063680
198835643411996672
198835643579760641
198835644292800513
198835644871606272
198835644775137282
198835644951310337
198835645345579008
198835645211344897
198835645253292036
198835645630787584
198835645983109121
198835646041817088
198835646155075584
198835646373179392
198835645983109120
198835646402531328
198835646486413314
198835646490619905
198835647849566208
198835648109621250
198835648445161472
198835648612941824
198835649124646913
198835648780701697
198835650034798593
198835650458431488
198835650320011264
198835651116924928
198835651540561920
198835651590893568
198835652022902786
198835652056457216
198835651716714496
198835652324884480
198835652442341376
198835652740136961
198835652861771776
198835653029539840
198835653235048448
198835653176340480
198835653344104448
198835653545426944
198835653998424064
198835653985841152
198835654308798466
198835654728228864
198835655403503618
198835655210569728
198835655688732672
198835655772618753
198835655780995073
198835655848116224
198835655583862784
198835656640835584
198835656426930177
198835656229785600
198835656313679873
198835656854740993
198835657102213120
198835657836204033
198835658020753408
198835658192728064
198835658117222401
198835658368888832
198835659291623424
198835659295834112
198835659526516737
198835659551670273
198835659799150592
198835660243738624
198835659715264512
198835660621217793
198835660264710146
198835661552369664
198835661862735875
198835661497827328
198835662273773570
198835662974234624
198835663234285570
198835664102490113
198835664391897089
198835664467398656
198835664744222721
198835664895225856
198835664974917632
198835665587277824
198835665339813888
198835665637613568
198835665947996161
198835665893457920
198835666300309505
198835666971410432
198835667931897856
198835668422635520
198835669173403648
198835669500563456
198835669743833089
198835669680918529
198835669982916608
198835670368788480
198835670624636929
198835670079381505
198835670486228993
198835671065038849
198835671987789827
198835670788210688
198835672189124608
198835672377856001
198835672541442048
198835671744516098
198835672478519296
198835672264617984
198835672914735105
198835673116065792
198835674013638656
198835673501937664
198835674013630465
198835675167064065
198835675456483328
198835675745878018
198835676190490624
198835676219842561
198835676555386881
198835676559585280
198835676496662531
198835677008363520
198835677557829632
198835677549441025
198835678191165441
198835677847232512
198835677830455296
198835678879027202
198835679600459777
198835680133136384
198835679919222785
198835680548364289
198835680791625729
198835681282363392
198835681424977922
198835681450135553
198835682372886528
198835678514122752
198835683056566272
198835683392106498
198835682771337216
198835683765403648
198835683509551106
198835683773775873
198835683190775809
198835684302274561
198835684180639744
198835684352602112
198835684440682497
198835685220814848
198835685627670528
198835685728329728
198835685774475264
198835686005153792
198835685627670529
198835685665411072
198835686583959552
198835686705610752
198835687062118400
198835687049543683
198835687418638336
198835688123281411
198835688173613056
198835688857272320
198835688911802371
198835688949551105
198835689066995712
198835689268326402
198835689020866563
198835688836313088
198835689700331521
198835689650008064
198835689951997953
198835689763246081
198835690304319488
198835690874736641
198835690878943232
198835690618880000
198835690128154625
198835691185123328
198835691147374593
198835691466145792
198835691159953409
198835691424190464
198835691612934144
198835691235446785
198835691940102145
198835691755540480
198835691738763264
198835692674097154
198835692686675968
198835693215162369
198835693424885760
198835693022220288
198835693684920320
198835693605224449
198835693521350656
198835694360203265
198835694368604160
198835695341682688
198835695626878977
198835696356691968
198835697640153088
198835697388503040
198835698680344576
198835699078795265
198835698936193024
198835700433559553
198835700706189312
198835700790079489
198835700785872899
198835700915896321
198835700865564672
198835700689412097
