198790654908841985
198790654942380032
198790654669766656
198790655546363906
198790656532037633
198790657253453824
198790657433812994
198790657077284866
198790656943063042
198790658310418433
198790658637570048
198790658239111168
198790659031842816
198790658679513089
198790659564507136
198790659501596672
198790662886395904
198790663062564864
198790662878015488
198790662202732544
198790664245350400
198790665155510274
198790664924823553
198790665440735235
198790667210731522
198790668221558784
198790668276088833
198790669593092100
198790670218043392
198790671912550402
198790672092889088
198790672386506752
198790672558469121
198790673313439745
198790673602854912
198790674752090112
198790673812553729
198790675578355714
198790676840845313
198790677201563649
198790677906210816
198790677956538370
198790678917029888
198790679604891648
198790679810416640
198790680544411648
198790680825438208
198790680577970176
198790682360549376
198790683409125376
198790684969402369
198790684730343425
198790686148018177
198790687502770176
198790687632789506
198790689142747137
198790689755103232
198790686722637824
198790690317152257
198790689125957633
198790690640109570
198790690489110528
198790690849828865
198790691663511552
198790692867289088
198790693366398977
198790693651619841
198790694515642369
198790694284967936
198790686936543234
198790694188494848
198790694557581314
198790694830227458
198790694767304706
198790696721850371
198790697657171969
198790697296470017
198790699703996416
198790699943075840
198790700198920192
198790701390110720
198790701444632576
198790701700485120
198790701486583808
198790698923855873
198790698517020674
198790703688581121
198790704279977984
198790704904929280
198790705857052673
198790705861242880
198790706549108736
198790706016436224
198790706821738496
198790706360369152
198790707425714178
198790708679815168
198790709707415552
198790710395289600
198790710193958912
198790710571442176
198790710869241856
198790712521801728
198790710890209282
198790714258231297
198790714291785728
198790714895773697
198790715881426946
198790715399077888
198790715365531650
198790717051637761
198790717391372288
198790718326714369
198790718469324801
198790719266230273
198790719970873345
198790720201568257
198790721136902145
198790720855875585
198790721816371201
198790721917038593
198790721875083264
198790721627619328
198790722214821888
198790723124985859
198790723506679808
198790724806901764
198790725054369792
198790725998088192
198790725658353664
198790726677561344
198790726992150529
198790723972235265
198790726736289792
198790728401436672
198790728799895553
198790728984436739
198790728606945281
198790729261256704
198790730305638400
198790730653765632
198790730855096320
198790731199037441
198790731538767873
198790728573390848
198790732922884096
198790732956434432
198790733623341057
198790734596415489
198790734617378817
198790735259119617
198790736009895936
198790736756490240
198790737062674434
198790737666637824
198790738895585282
198790738912350208
198790738820071425
198790739554086912
198790739872845826
198790740069982208
198790740208386048
198790740883673088
198790741533790210
198790741240188930
198790744327204865
198790745094766592
198790745765838848
198790745623232512
198790745241554944
198790746000732161
198790745967165440
198790746126561281
198790747993030656
198790750119526401
198790751235223552
198790751084216320
198790751910510593
198790752048922624
198790751574953985
198790752329928704
198790752225083394
198790752518668288
198790752787103745
198790753886027778
198790753961517058
198790753160404993
198790754414510080
198790755307884544
198790755861532672
198790756981411840
198790757090467841
198790756939468803
198790757480542211
198790757568626689
198790757983862784
198790758843691009
198790758738833408
198790759393136640
198790760403968000
198790761179910145
198790762043949059
198790762052337665
198790762664706048
198790762727604225
198790762941530114
198790763327397888
198790763604213761
198790763851677698
198790763755212800
198790763809751040
198790764615057408
198790764929622019
198790765109968896
198790765114179584
198790765802037248
198790766083047425
198790766418604033
198790766615736321
198790755056230400
198790767886598144
198790768964538369
198790769056825344
198790771095252993
198790771514683394
198790770759704576
198790774324858881
198790775029501952
198790775507660802
198790776199720960
198790775897722881
198790776627527680
198790776916951040
198790778628218880
198790778426888192
198790779567747073
198790780100423680
198790780238823425
198790780444344321
198790780993806337
198790780872167425
198790781690056704
198790782247895041
198790781916553216
198790783032238081
198790782763810816
198790783321645056
198790783481028608
198790778259111937
198790784974200832
198790786064711680
198790786521907200
198790786727419905
198790786815500290
198790787331403778
198790787583066112
198790787222339584
198790787427868672
198790788002480128
198790787906023424
198790788673568769
198790789084622848
198790789097201664
198790790376464386
198790790779121664
198790791160799232
198790791626366976
198790791609589762
198790793220198400
198790793123737601
198790793622859776
198790794684018692
198790795128606721
198790795166359552
198790795418025986
198790795782922242
198790796042969090
198790796193972225
198790796504346627
198790797494194176
198790798572134400
198790799524249601
198790799956262913
198790800761569280
198790800430211072
198790801214545920
198790801608818688
198790801474592769
198790798899286017
198790802749669376
198790803466891266
198790805102673920
198790805803106306
198790806063157248
198790806339977217
198790806591643649
198790807224975361
198790808667824128
198790808940445697
198790809221476353
198790809393446912
198790810366525440
198790810878226432
198790811184398336
198790810513309696
198790811750641664
198790812841164806
198790813281550336
198790813348659201
198790813906518016
198790816704110592
198790815856857089
198790817597493249
198790818507665411
198790818679635969
198790819036151808
198790819044532225
198790819241660416
198790818507653120
198790819325546496
198790819694649347
198790820722262017
198790820361535489
198790821338820608
198790821946986496
198790821556924417
198790822530002944
198790823951872001
198790824123838465
198790824732000256
198790824715235328
198790820994883584
198790825260486656
198790825805758465
198790823113003008
198790826728501249
198790827017912321
198790828787904514
198790828750155778
198790829417037824
198790829651931136
198790829974892544
198790829530288128
198790830415290368
198790831384166400
198790831551954948
198790831614869504
198790830956359680
198790832512450560
198790832864772096
198790832537604097
198790833137401856
198790833158369281
198790835146473472
198790835175829506
198790835377147904
198790835834322944
198790835943387137
198790835687522304
198790835855310848
198790836941631489
198790836610273280
198790837361065984
198790839361732608
198790838925524992
198790839487578116
198790839860854786
198790840796196864
198790842033516546
198790841723133953
198790844541702145
198790844579450881
198790845422514177
198790845120524289
198790844935970817
198790846517219329
198790846403969025
198790846173282305
198790847536443392
198790847913922560
198790848761167873
198790849600040960
198790850011086851
198790850749267969
198790851705573376
198790852204695552
198790853374918657
198790853102284800
198790854301851648
198790854859694080
198790855157485568
198790854830342144
198790855337836544
198790855098761218
198790855757283328
198790856776491008
198790856810045441
198790858357747712
198790858802348032
198790859909632000
198790859586670592
198790861109215233
198790861075660800
198790861042098176
198790860463276032
198790860261961733
198790861000146944
198790861235044353
198790858370322435
198790862631739392
198790862182940675
198790862531080192
198790862795313153
198790862157783041
198790863562883072
198790864519172096
198790865441923072
198790865358032897
198790865865543680
198790865454510082
198790866574393344
198790866373058562
198790866079465472
198790862912757761
198790868809949185
198790868168220673
198790869577506816
198790869783035904
198790870328279040
198790869485236224
198790870223437825
198790872043761664
198790873058783234
198790873339805696
198790874300301314
198790872874225665
198790874975580161
198790875231420416
198790874870718467
198790876259041280
198790876380672000
198790876099641345
198790875847995392
198790876913340416
198790877374717953
198790877576044544
198790877647343619
198790875235618818
198790877068537857
198790878658170882
198790878159044608
198790878897246209
198790880755318784
198790880780492801
198790881338331136
198790878821761024
198790881652908032
198790881833263104
198790881992638465
198790882957336576
198790882638565377
198790883037032448
198790882982494208
198790884836380675
198790884945436672
198790884605689857
198790885977239552
198790886040154112
198790883561316353
198790883393540099
198790886132420609
198790886774145026
198790887084539904
198790887520731139
198790887906619392
198790889215246336
198790890427396096
198790891136229378
198790891836669952
198790890897158149
198790893443104769
198790893849944065
198790894541996032
198790894864965632
198790895699640321
198790895586390016
198790896215531521
198790896840474628
198790897771626497
198790897733877762
198790898446905346
198790899763912705
198790899923296257
198790898425933824
198790900179152897
198790902406316032
198790902532145155
198790902637002752
198790904490893313
198790904524455936
198790904767717376
198790905862438913
198790905958903808
198790905245876224
