198844761564651520
198844761984086016
198844762143469568
198844762365755393
198844763120742400
198844763259154433
198844763233976320
198844764118982656
198844764546801666
198844765318557696
198844765943508993
198844765951893504
198844767495389184
198844769215062017
198844769286373376
198844769223450624
198844769286356992
198844770548842496
198844770821480448
198844770267828224
198844771282853888
198844771144441856
198844772222373888
198844772922818561
198844773279350784
198844773954617344
198844774751551488
198844775393275904
198844776047583232
198844775586205696
198844777062604801
198844777314271232
198844780954914816
198844782104150016
198844782737498113
198844783236624385
198844782796214272
198844783509250049
198844783697985536
198844783312121856
198844783463120896
198844784251633666
198844785082122240
198844786810175488
198844787984572417
198844788911513600
198844790933176320
198844791499407360
198844791805579264
198844792128552960
198844792589926400
198844792527007744
198844792283734016
198844792761884672
198844794477359104
198844794175361024
198844794968096768
198844794963902464
198844795425275904
198844796880695296
198844796960382976
198844797585342464
198844798038310912
198844800382926848
198844800223543296
198844800789778432
198844798306746368
198844801611870209
198844801834172416
198844802354249728
198844802958241792
198844803805491201
198844803935518721
198844804375904256
198844804547870723
198844804174594048
198844805311250432
198844806372392960
198844806162694145
198844805978140674
198844807198679040
198844808171749376
198844809337769984
198844809505550336
198844810373775362
198844809681707008
198844811967594498
198844812944871425
198844813213315072
198844812739346432
198844814131867648
198844814618406913
198844815025242112
198844816354836480
198844817650884608
198844817785094144
198844817453752320
198844818095476736
198844818691067904
198844819311824896
198844819211173888
198844818896596992
198844820326858752
198844820117139456
198844820775636992
198844820607868928
198844821945847809
198844823812317184
198844825330647040
198844826563784704
198844827587182592
198844827725602817
198844828145037312
198844828971307008
198844829034217472
198844826131763200
198844830384787456
198844830594498560
198844831735361536
198844831362060288
198844833962536961
198844834138689537
198844834360991744
198844834365177857
198844834046427137
198844834675572736
198844834390343680
198844835908698112
198844836734971904
198844837489934337
198844837536088064
198844837489934336
198844837833875458
198844839452872706
198844839738085377
198844840119775232
198844840958627840
198844841633906688
198844841260621824
198844843110301697
198844843504578560
198844846037925888
198844845949853696
198844847187169281
198844847665324032
198844849510817792
198844849213022209
198844848994922496
198844850311933952
198844850815238144
198844850836221952
198844851779928064
198844852090310656
198844852039983104
198844852220334080
198844847577235456
198844852757209088
198844852593635329
198844857228337152
198844857924583426
198844858968973313
198844859027701760
198844856146214912
198844859342270464
198844858230775808
198844860944486400
198844861217128448
198844861699465216
198844861854662656
198844862152454144
198844862710292480
198844864010530816
198844864530612224
198844864857776128
198844864505446401
198844865201717248
198844865390460928
198844865168146432
198844865432403968
198844864958447616
198844868636844032
198844867516960768
198844869261791232
198844870012575744
198844870343925760
198844871518330880
198844872709517312
198844871983906816
198844872696938496
198844875955904512
198844876463411200
198844876996100096
198844876975112192
198844877394550785
198844877834948609
198844877906247680
198844879034527744
198844879378456577
198844881643380736
198844881404301312
198844881135874049
198844883086225410
198844883648258048
198844883367231490
198844883904102400
198844883056852992
198844883946045440
198844884721999874
198844885074325505
198844885128855552
198844885934157824
198844886026428418
198844886013841408
198844886517157888
198844887716728832
198844889415430144
198844889784524802
198844890283638784
198844890350747648
198844887553155073
198844891638398978
198844892498247680
198844893186109440
198844892695363584
198844893546807296
198844894003998721
198844896243744768
198844895740440577
198844896801587200
198844897296515072
198844897518821376
198844897292320768
198844898777108480
198844898198302720
198844899083296768
198844899720822784
198844899892789250
198844900152840192
198844899876024320
198844902245806081
198844901583093760
198844902619095040
198844903684440064
198844903952887808
198844904141635584
198844904380698624
198844903986442240
198844904892403712
198844905534144512
198844906779848705
198844907081842688
198844907052466177
198844906821779456
198844907765501952
198844907996200960
198844908344315905
198844908533055488
198844908776341504
198844909069938690
198844909715849216
198844909074120705
198844909569060864
198844910097530881
198844910613430272
198844911129329664
198844911150317568
198844911687176192
198844911926247424
198844911414542336
198844911905284097
198844912018534400
198844912408596480
198844912643485696
198844912047886336
198844912836411392
198844913054515200
198844913771749377
198844914107301888
198844914379919360
198844915080372224
198844915013255168
198844915826966529
198844915797594113
198844916040871937
198844917877977088
198844916351242240
198844918347726848
198844918360313856
198844919262093312
198844918855254016
198844919627005953
198844919345983489
198844919723470848
198844920897867776
198844921350852608
198844921661227008
198844921321488384
198844921904513024
198844923464794112
198844923804524544
198844925209624576
198844924895035392
198844925570318338
198844925545164801
198844926161731584
198844926044278784
198844925918457856
198844925968789504
198844927382261760
198844928439222273
198844928422449153
198844929122902018
198844929341005824
198844930393784320
198844931232628736
198844931723370496
198844931811459072
198844931966648322
198844932461568000
198844932591583232
198844932046340096
198844932784537600
198844933111693312
198844933405278209
198844934315458562
198844934504194049
198844934449672192
198844934772633603
198844935137538049
198844935020101632
198844934634225664
198844935405977601
198844936467120129
198844936790081536
198844936588763136
198844936953659393
198844937419243521
198844937385672706
198844937373097984
198844939134705664
198844939507990529
198844939587698689
198844939872903168
198844940367826944
198844940283953152
198844940741120000
198844941085061120
198844940808228864
198844941865201664
198844941399629824
198844942649524224
198844942397882368
198844942544678913
198844942989266944
198844933216542724
198844944067215361
198844944302088192
198844944058822656
198844944511803394
198844944893489152
198844945380016128
198844947493949440
198844947871440896
198844948064387072
198844949066825728
198844948773216256
198844949112950785
198844950664847361
198844950971027456
198844950652264449
198844952053161984
198844951973462016
198844952548089856
198844953181429760
198844954066419713
198844954112573440
198844952967520256
198844955156942849
198844955379245056
198844956339740672
198844956671086593
198844956864036865
198844957488979968
198844957967138816
198844958575304705
198844959573549056
198844959565152256
198844960538230784
198844961809104898
198844962073358336
198844962396323840
198844962991906816
198844963482644480
198844964396998656
198844964627693568
198844964577349632
198844965726593024
198844965495902208
198844965789507586
198844966028578816
198844965613346816
198844966578028545
198844966821314560
198844967815352321
198844967278489600
198844967215566848
198844969547603968
198844969463713792
198844969350463488
198844969098821632
198844969413378048
198844970814275584
198844971284045824
198844971737030656
198844970881392642
198844972097736704
198844971657347072
198844972345196545
198844972743663616
198844972747857922
198844973200850944
198844972936597505
198844973020487680
198844974421393408
198844974773702656
198844974337507328
198844974299750401
198844974853394432
198844975813885953
198844975994257408
198844976099115008
198844975503515649
198844975620956162
198844975654514689
198844975851634688
198844975910354944
198844976837308417
198844977411919873
198844977713909760
198844978028482560
198844977239949312
198844979253215232
198844979727187970
198844980100468736
198844980163387392
198844980087894018
198844980683476994
198844981409103872
198844981606232064
198844981568483328
198844981295857666
198844981216157697
198844982172459008
198844982084374529
198844984085069824
198844984437383168
198844984416411649
198844984445767682
198844983879536640
198844984697421824
198844984374468608
198844983271362560
198844985360125952
198844985821507584
198844986484207616
198844986442252288
198844987226587136
198844987117535232
198844987646017536
198844987880914944
198844988069642241
198844988728164352
198844990150025216
198844990342967298
198844990913392641
198844992410759168
198844992431734784
198844991110529024
198844994310778880
198844994533068800
198844994881196032
198844995678117888
198844996730896384
198844998031122432
198844999071309824
198845000463810560
198845002309320704
198845002485477376
198845002762301440
198845004586827777
198845008747560960
198845010706313216
198845011259965440
