198820853687918593
198820854019268608
198820854698745858
198820855202058242
198820855327883265
198820855323688961
198820855491461121
198820855218831360
198820854975578112
198820856644894721
198820856779128833
198820856410013699
198820856867205120
198820856691032066
198820856896552961
198820857299210240
198820856875585537
198820857412468737
198820857466986496
198820857718640641
198820857873833984
198820858427482113
198820857525710848
198820859245371393
198820858544930816
198820857827704832
198820859664805889
198820859748683776
198820858616233985
198820859740295168
198820860184887296
198820860625305602
198820858909827072
198820861233475584
198820860549804032
198820859518009344
198820861476741120
198820860528828419
198820862168797184
198820861468360705
198820860579164160
198820861808082944
198820861963276290
198820861564829696
198820862881837058
198820862474985472
198820862865051648
198820863573889024
198820863657775104
198820864031064064
198820862613401600
198820864425345024
198820865113210880
198820864505036800
198820864886706176
198820865641676803
198820865549414400
198820865708793857
198820865545207808
198820865549410304
198820865557807105
198820866270822400
198820865813647360
198820866748973056
198820866413445121
198820866899980288
198820867130671105
198820867529125888
198820864261763072
198820867554287618
198820867411689472
198820867751428096
198820867948560385
198820867625598976
198820867638181891
198820867478781952
198820868019847168
198820867709468672
198820868393156608
198820868741271552
198820868980355073
198820869479469057
198820869055844352
198820869651431424
198820869617885188
198820869684985857
198820869504638977
198820870393827328
198820870318333952
198820870259605504
198820870238638080
198820871018774528
198820871694057473
198820871190749185
198820871618576386
198820872281272321
198820872461627392
198820870368657409
198820872889442306
198820872449036288
198820873027850240
198820873157877760
198820873090772994
198820872356773891
198820873275322368
198820871614369792
198820874403594242
198820874374217730
198820874642669568
198820874823024640
198820874936262657
198820875577995264
198820875158560768
198820875066290176
198820875242450944
198820875783503872
198820875737378816
198820875775127553
198820875733184512
198820876504924161
198820876077105153
198820876555255808
198820876764975105
198820876706258945
198820876572041216
198820877402517506
198820877222150144
198820877775814657
198820877704495104
198820878019084288
198820877381541888
198820878354616321
198820878409142272
198820878551744512
198820878144905216
198820878295896066
198820879084425216
198820879185096704
198820879612903424
198820879793266689
198820880107839488
198820880250437633
198820879952646146
198820879734542337
198820880560832513
198820880908955648
198820881009606656
198820880820875266
198820881269661696
198820881638768642
198820881663934465
198820881647157248
198820881861062656
198820882213371904
198820881936564225
198820882288873473
198820879965229056
198820882301452288
198820882653790209
198820882955776000
198820883014483968
198820882364370944
198820883127730176
198820883006111744
198820883480064000
198820883429736449
198820883526201344
198820883480051713
198820882817359872
198820884163739649
198820884528640000
198820884746731521
198820884868370432
198820885149392896
198820884637691905
198820884587347968
198820885271023616
198820885501710336
198820886344777729
198820886449631233
198820886835507200
198820886575448066
198820887414312962
198820884427980801
198820887573708800
198820887934402560
198820887875690498
198820888081203201
198820888274141184
198820887707926529
198820888626479104
198820888290922497
198820888437723136
198820888773275648
198820889716994048
198820889410797568
198820889909919744
198820889960263680
198820890497126400
198820890119639040
198820890929139713
198820890677485568
198820891344371712
198820891302432768
198820891763802112
198820892149682176
198820889289166849
198820891944169472
198820892229378048
198820892556533761
198820890836869121
198820892304875520
198820892317454336
198820892783026176
198820892896272385
198820893324083201
198820892422320128
198820893701586946
198820893361831937
198820893714157568
198820893915496448
198820894456557568
198820894586580993
198820894024544256
198820894339117056
198820894913740801
198820894309761025
198820894628524034
198820895328972800
198820895396081665
198820894989225985
198820895425445888
198820894783705088
198820895643537409
198820895295422465
198820895622578177
198820894297161728
198820895580631040
198820895580618752
198820895865843714
198820895446413312
198820894464933888
198820896704692224
198820896339804162
198820896843104257
198820896524337152
198820897510006784
198820897623252992
198820896943779841
198820897115750400
198820897942016001
198820897459671042
198820897468055553
198820894494310400
198820897992347648
198820898021720064
198820898176892928
198820898495668224
198820898957037570
198820899397443585
198820896142655489
198820899284205572
198820899384852480
198820900538302465
198820900584439808
198820900399890432
198820901041618944
198820901159043073
198820901112905728
198820901146460161
198820901280686080
198820900680908800
198820901209391104
198820901117116416
198820901058379777
198820901410705409
198820901486206976
198820901406515200
198820901763035136
198820903252013057
198820903214264322
198820902547365889
198820903461720064
198820904187330560
198820904317366272
198820904095059970
198820904942317568
198820904476737536
198820905076539392
198820905701474304
198820905865060353
198820906032824320
198820906208997379
198820906208997378
198820906406125568
198820906074779648
198820906804588544
198820906997530624
198820907211423744
198820907219816448
198820907802820608
198820907236597761
198820907534385153
198820907723137024
198820908251627520
198820908662652928
198820908029325315
198820907735711745
198820909124034561
198820909342130177
198820909455392769
198820909769957377
198820909912563712
198820910210367488
198820909832880129
198820909312770050
198820910013218816
198820910491377664
198820910180990976
198820910327799810
198820910566883328
198820910948548608
198820911086972929
198820911019868160
198820911271522304
198820911959384065
198820908134170624
198820911418327041
198820912341073920
198820912269762561
198820912009715715
198820912387211265
198820912244600832
198820912680800256
198820912617889792
198820912198459394
198820912798244864
198820912248786944
198820913217675265
198820913049911297
198820914060734464
198820913616138241
198820913704218624
198820914421448704
198820913318338560
198820911313457152
198820915117694976
198820915235143682
198820915159638016
198820915650363393
198820916724117504
198820916287913984
198820916883488769
198820916380180480
198820916577316866
198820917273571329
198820916984160258
198820917068054528
198820917428748290
198820916958986240
198820917051269120
198820917718163456
198820917864972289
198820918171140096
198820918150168576
198820918959677443
198820918842236931
198820919068737536
198820919957925889
198820919991476225
198820919253270531
198820919584636928
198820919953723392
198820920251527168
198820920331214849
198820920603840513
198820920670945280
198820921274941440
198820920821948416
198820921249775616
198820921396576259
198820919827894272
198820921606275073
198820921274925056
198820921308479489
198820922189287426
198820922273181696
198820922378043392
198820922654867456
198820923078492162
198820920503173121
198820923200118785
198820922973634565
198820923619549185
198820923669884928
198820923623739392
198820922910703616
198820923833466880
198820923921530882
198820923221082115
198820920385740802
198820924429045760
198820924668125186
198820924303220737
198820925297270786
198820925418909696
198820924991094784
198820925385342977
198820925506977793
198820926199046145
198820926530404353
198820926568148992
198820926505230336
198820927058878467
198820926723330048
198820926815604736
198820927289565184
198820927482503169
198820924085112833
198820927239233538
198820927591563264
198820927528644608
198820927390224387
198820927792885762
198820927679643648
198820928115843074
198820927671250945
198820927893540864
198820928950513664
198820928984072192
198820928510115840
198820929210556417
198820928413646848
198820928925335553
198820929449639937
198820929541898241
198820929151827968
198820929839702016
198820929923596288
198820929604812800
198820930183626752
198820930045227009
198820929407688704
198820930460454912
198820930577891328
198820930384957440
198820930959572994
198820931257380865
198820931857166337
198820931903307776
198820931869736960
198820931626475520
198820931722952704
198820932394037248
198820932775710722
198820933518110720
198820933484548096
198820932784095232
198820931957825538
198820933669097474
198820933799120896
198820934503776258
198820934881251328
198820935137116160
198820935019667456
198820935908859905
198820935338434562
198820935539752960
198820936101793792
198820936307326976
198820936684797953
198820936563179520
198820936735137792
198820937146171394
198820936907108352
198820937309761536
198820936907096065
198820937267806209
198820937490104320
198820936785477634
198820937079066626
198820937716609026
198820938081505281
198820937636913152
198820938077319168
198820938375118848
198820938354139136
198820938391879680
198820939415306241
198820939134283776
198820939192999936
198820939796971520
198820939746648064
198820939734061056
198820940187041793
198820939591462912
198820940359016452
198820939759226880
198820939880857600
198820940661010433
198820940879106048
198820940958810113
198820940887498752
198820941000744961
198820940371599360
198820941680222209
198820941579558915
198820942166769664
198820942045130752
198820941336289282
198820941864771584
198820942506491904
198820941688614912
198820942133198851
198820942187737088
198820942737186817
198820942963683328
198820942800093184
198820942548434945
198820943261483009
198820942900768768
198820942942699521
198820943718662145
198820943878037505
198820944121303040
198820944515579904
198820944620433410
198820945098584064
198820945278943233
198820944746250240
198820945702551553
198820945425727488
198820945648041985
198820945778061312
198820945459281920
198820946088443905
198820945744494593
198820946373656576
198820946432376833
198820945962602496
198820946264588288
198820946696605696
198820946801475584
198820946776309762
198820946654670848
198820946419789825
198820946809864193
198820947317374977
198820946990202881
198820947770355712
198820948063948800
198820948059754496
198820947862626304
198820947904577536
198820948173012993
198820947992645635
198820947904569344
198820948735041536
198820949062197248
198820948424671233
198820948747620352
198820949347401728
198820948760215552
198820949410328577
198820949666168833
198820949318049792
198820949871697921
198820949922029570
198820949905248257
198820949578096641
198820950400176129
198820950240804865
198820950324690944
198820950987386881
198820951348101120
198820950861549569
198820950945439745
198820951410999298
198820952329564161
198820952459575297
198820952769957888
198820952467972097
198820952467980288
198820952799322113
198820952325361665
198820953273278465
198820953927585792
198820954145689603
198820954078593024
198820954162479104
198820954326040576
198820954615447553
198820955181682688
198820955106189313
198820955781476352
198820955592724480
198820955764686849
198820955676622850
198820956314157057
198820954837745664
198820956494503936
198820955898916866
198820956280590337
198820956490313728
198820957165596673
198820956888772608
198820957413060612
198820957962514433
198820957731823617
198820957991866368
198820958570684416
198820957534695425
198820958885253120
198820958511960064
198820959250169856
198820959233384451
198820959447302144
198820959422128129
198820959787032577
198820959342440448
198820959778635776
198820959074009088
198820959657005056
198820959443103746
198820960701390848
198820960139350016
198820960835608576
198820960483278848
198820960839802881
198820961590583297
198820961787711489
198820961888378880
198820962299412480
198820962005815297
198820962421055489
198820962534309888
198820962140028928
198820962622373888
198820963100524544
198820963461234688
198820963545128960
198820963268304896
198820963138285568
198820963381547009
198820964123947008
198820964677582848
198820964836970497
198820964056829952
198820964849557505
198820964518203392
198820965134761984
198820964438507520
198820965344485376
198820964870524929
198820964967002112
198820965277372416
198820965612929024
198820964933439489
198820965776506880
198820966107840512
198820965898133504
198820965680029697
198820965810049024
198820966338527232
198820966254641152
198820963046010881
198820966036545536
198820965801672705
198820966380482561
198820966288211969
198820966678269952
198820967139655680
198820966971867138
198820967106088961
198820967399694336
198820967802351618
198820967827521537
198820968205000704
198820967739432960
198820967957544961
198820968007868416
198820968574095361
198820968758648832
198820968888668160
198820969136128001
198820969421352960
198820969039675393
198820969501044736
198820968976760832
198820969748496384
198820969383600128
198820970063069185
198820970092429312
198820970629300224
198820970620919808
198820970818048000
198820970465726464
198820970432176128
198820971245867011
198820971531083776
198820970931298304
198820972139249665
198820972495781888
198820971434606593
198820972382535680
198820971866619905
198820972478992384
198820972617412611
198820972323815425
198820973426900992
198820971677884416
198820973041033218
198820973103947776
198820973296889856
198820974320287744
198820974001524737
198820974626480128
198820974202855426
198820974366425091
198820974072827905
198820975058489345
198820975381450753
198820975293378561
198820975364677633
198820974995574785
198820975175942144
198820975784108032
198820976056733696
198820975637307392
198820976694263810
198820976845262850
198820976677486596
198820976341950464
198820976543272960
198820976534892545
198820977361174529
198820977356967937
198820977851895808
198820977218551808
198820977843507200
198820977260503041
198820978158092288
198820978288107522
198820977830924289
198820977939980288
198820977805762564
198820979428950016
198820978913058818
198820979378626561
198820979164717058
198820980112629760
198820978363609089
198820979970023424
198820980540444672
198820979466702848
198820980699832321
198820979617710080
198820980108431362
198820981211529217
198820980951486464
198820981320597504
198820982046199810
198820981874237440
198820981513527296
198820981844885506
198820981916180480
198820981794553856
198820982344007682
198820982381756418
198820982520160256
198820982025228290
198820982583074816
198820982394327040
198820983082196992
198820983019290625
198820983237378049
198820983866531840
198820983593897984
198820983480659968
198820983325462529
198820983614877696
198820984252407808
198820984311123969
198820983975583745
198820984453730304
198820984323706880
198820984831217665
198820984663457794
198820984583761923
198820985015779329
198820984688623616
198820985485524992
198820985280008192
198820985489731584
198820986261479424
198820986454425600
198820985938518016
198820986181791745
198820985925926912
198820986802536448
198820986823524353
198820987129696256
198820987263926272
198820987385548800
198820987410710529
198820987599458306
198820987616243712
198820987238744064
198820988010512384
198820987612041216
198820986580238336
198820988278931456
198820987708506112
198820987851116544
198820988178280448
198820988559962112
198820988002123777
198820988367011843
198820987553325058
198820989268803585
198820988740321280
198820989377847296
198820989428170752
198820989256204288
198820989562396672
198820989549805568
198820989843410945
198820989654663169
198820989965041665
198820989218459648
198820990325760000
198820990631948288
198820990778740737
198820990468374528
198820989163937792
198820991235915776
198820990686478336
198820990321557504
198820990959104000
198820991550504962
198820991298830336
198820991839907841
198820991869259776
198820992586481666
198820992695549953
198820988765474818
198820992682958848
198820992875892739
198820993085616128
198820992892669952
198820993437933568
198820990703247360
198820993261780992
198820993752498176
198820993781862400
198820994276790274
198820993962217472
198820994616541184
198820994268413952
198820994767536129
198820994931101697
198820995107258368
198820994394230784
198820995279241217
198820995476361216
198820993945448448
198820995694465024
198820995786743809
198820995723833344
198820996155842560
198820995946123264
198820996067762177
198820997007278082
198820996201984001
198820996508168194
198820996977926144
198820996994699264
198820997347024896
198820998101995522
198820998122967040
198820998131359746
198820997548347392
198820998114578433
198820998043279360
198820997938429952
198820998211043328
198820998391402498
198820999557431296
198821000006217728
198820999767146497
198821000106868737
198820999892959232
198820999788109824
198820998903115776
198820999528054784
198820999179943937
198821000043954176
198821000232701952
198820998341083137
198821000593416192
198821000677306368
198821000509530114
198820999389655040
198821001184808961
198821001088348160
198821001826533378
198821001281286144
198821001570684929
198821001457442816
198821002711531520
198821002300506112
198821002854137857
198821002963193856
198821002967388161
198821002929651712
198821003370053632
198821003030310912
198821002657017858
198821003663654913
198821001730068480
198821002950619136
198821003944669185
198821003298746369
198821004322144256
198821004506693632
198821004141789184
198821004099862530
198821005412679680
198821005869846528
198821006159265793
198821005966323712
198821006066987009
198821006910038016
198821006524166145
198821007073615872
198821006977150978
198821007413354497
198821007727927296
198821006368980993
198821007920861185
198821008491294720
198821008210272257
198821008558399489
198821008768122880
198821009082687488
198821008868782081
198821009124630528
198821008600338435
198821008868769793
198821009149800449
198821010219352064
198821009829265408
198821009812504577
198821010617802752
198821010487783424
198821010844291072
198821010722668544
198821010722656257
198821010789773313
198821011729293313
198821011683160064
198821012131938305
198821011888668672
198821012337471488
198821012396179456
198821012421345281
198821012287131650
198821012693975043
198821012534591488
198821012383608832
198821012719140865
198821013599952896
198821013281181697
198821013822255105
198821014287826946
198821014237483009
198821014342336512
198821013948088320
198821013742559232
198821014623354882
198821014367514624
198821014786940930
198821014547873792
198821014199742466
198821014782750720
198821015269294080
198821014690476032
198821016062013440
198821015562883072
198821016208801792
198821017261572098
198821017068638209
198821018087858177
198821018003976192
198821018595364864
198821018591170560
198821015856484354
198821018620538880
198821018826047490
198821018809278465
198821019375501313
198821019589423104
198821019933351938
198821019602001920
198821019870441472
198821020096933890
198821020193402880
198821020520562690
198821020826742784
198821021166473216
198821021715922946
198821021246173184
198821021728509953
198821021799821312
198821021304897537
198821022156328960
198821021384572928
198821022340878336
198821022558990336
198821022709989376
198821022579965952
198821023192330240
198821023058108416
198821023162966017
198821023490113536
198821020717682690
198821021413945344
198821024278650881
198821021757870080
198821024421249024
198821024513531905
198821024236711936
198821024031178752
198821024693882880
198821024152829953
198821024031182850
198821024870055936
198821024534495233
198821023708225536
198821025289469953
198821025394331648
198821025360773121
198821022189883392
198821025276899328
198821025272705026
198821025918623744
198821025666965505
198821026468077568
198821025885065216
198821026333859840
198821026992361472
198821027164323840
198821026791038976
198821027390824450
198821027474702336
198821027722166274
198821028481339392
198821028602986497
198821028481339393
198821028221300736
198821028720414721
198821029173411841
198821029185994754
198821028833669120
198821029269876736
198821027957059586
198821029299224577
198821029655756801
198821029571866625
198821029479596032
198821029760602113
198821029324398592
198821024354144256
198821029647355904
198821030213599234
198821030167457792
198821030289096708
198821030121324547
198821030880477184
198821030670761986
198821031283130369
198821031190867968
198821031710965760
198821032080052224
198821031597703168
198821032755331072
198821032495300608
198821033015386112
198821033145401344
198821033459990528
198821033741000706
198821033581608960
198821033866833922
198821034118488064
198821033145417729
198821033980071938
198821034365943808
198821033103474688
198821034651168768
198821033569030144
198821034395312129
198821034848296960
198821034797965313
198821035213193219
198821035129323520
198821035204808707
198821035913650179
198821035821379586
198821036047876096
198821035917836291
198821036530212866
198821036714766337
198821036182085632
198821037025148929
198821036618293249
198821036802834432
198821037159366658
198821037285195779
198821036437929985
198821037243248640
198821037507477505
198821037733986304
198821037280997376
198821037343899648
198821037717209088
198821037843021824
198821037922725888
198821038765768705
198821038476369920
198821038598004737
198821039050997760
198821039483006976
198821039483002880
198821039738847232
198821039386537986
198821040665800705
198821040317673473
198821040334442497
198821040737103872
198821040909074432
198821041114583040
198821040980369408
198821041622106112
198821040397365250
198821041823416320
198821042473545729
198821042049925122
198821042670669824
198821042943303681
198821042741981184
198821043526307840
198821043165605888
198821043551485952
198821043538903040
198821043840880640
198821043345952768
198821043798949888
198821044289671168
198821044184817666
198821044159643648
198821043857661952
198821045241786369
198821044780408832
198821045300506624
198821044910440448
198821043530502145
198821044864286720
198821045661220864
198821046168731648
198821046378438656
198821046600728578
198821046219046913
198821044876881922
198821046294552577
198821046357471233
198821046957244416
198821046638489600
198821046927888384
198821046802063360
198821046734954496
198821047473143808
198821047229890561
198821047091478528
198821047812898816
198821047070494722
198821047267622912
198821048219729921
198821047896776704
198821048236515329
198821048018419713
198821048362352641
198821048731447296
198821048819515393
198821048060350465
198821048576245761
198821048593031169
198821048530120706
198821048861466625
198821049272504321
198821049343803393
198821049431891968
198821049117327360
198821049750663168
198821049356394497
198821049247334401
198821049381560320
198821050220429313
198821049972953088
198821050102972416
198821050568544256
198821050367225857
198821050820206592
198821051185119233
198821050597900288
198821051298353152
198821051097038850
198821051537432576
198821052086890496
198821052250472451
198821052095270912
198821051935899649
198821052447588352
198821052351123460
198821052200136704
198821052669890561
198821052602781697
198821052602789888
198821052963504128
198821053261287426
198821053764603904
198821053563277312
198821053471002624
198821054016270337
198821054116933632
198821054444085248
198821054490230786
198821054624432128
198821054376984577
198821054490230784
198821054976761857
198821055161307136
198821055463292930
198821055597518848
198821056058888194
198821056029523968
198821056029528066
198821056662867968
198821056335708160
198821056478322688
198821056822263808
198821057430437888
198821057459785728
198821056654483458
198821056813862912
198821057614983170
198821057589821440
198821057879224322
198821058529345537
198821058470608897
198821057912770560
198821058139271169
198821057979875330
198821058986508289
198821058944577537
198821058642575360
198821059112341504
198821058890039296
198821058827124736
198821058923593728
198821059213000705
198821058768412672
198821059007479811
198821059447898113
198821059720515584
198821059611475968
198821059821191170
198821059972177920
198821060374835200
198821060588740609
198821060748124161
198821060903305217
198821060865568770
198821061335322625
198821061754748928
198821061654102017
198821061679255552
198821061960269824
198821062069329920
198821060215455745
198821061658279936
198821061926715392
198821062279036929
198821061809287169
198821062841073664
198821062392299520
198821063164051456
198821062560071681
198821062786555906
198821062618783744
198821063193407489
198821063377960960
198821063612829697
198821063663173632
198821063705104385
198821064216817664
198821064317485057
198821064451690496
198821063138881538
198821064543977472
198821063919013888
198821064741105664
198821064560754690
198821063998709760
198821064959209474
198821065638674432
198821065110192128
198821065856790528
198821066146193409
198821066083278848
198821065596747776
198821066557231104
198821066523684864
198821066280419328
198821067345764353
198821067559665664
198821067568058368
198821067236716545
198821067832311809
198821068176232448
198821068029444096
198821068025245696
198821067828105216
198821066846642177
198821067689693185
198821064665595904
198821068771831808
198821068998324224
198821068675350528
198821068763447296
198821068683747328
198821069157699584
198821069027680258
198821069119954944
198821070411796480
198821070474719232
198821070223052800
198821070818656256
198821070487302144
198821070055284736
198821070558597123
198821071271636992
198821070764118016
198821070856388608
198821071246467074
198821071133212674
198821071716229121
198821071795912704
198821071787536385
198821071972081664
198821071124828161
198821071586209792
198821071691071488
198821072227942400
198821073263935490
198821072819339264
198821072789966848
198821073389764608
198821073599479808
198821073599467520
198821073838546945
198821073846943746
198821073054203905
198821073997934593
198821074018893824
198821074157309952
198821073951789056
198821074287329280
198821074287345664
198821074224418816
198821074660626433
198821075180728320
198821075008757761
198821076019589122
198821076078297088
198821075419791360
198821075507879936
198821075595952128
198821075654680576
198821076522893312
198821076107665408
198821076036358144
198821076346736642
198821076363509760
198821077055574016
198821077051387905
198821076728422400
198821076761972736
198821077437263872
198821077781184512
198821077839917056
198821077860892672
198821077969944578
198821077315629057
198821077525348353
198821078339026944
198821078422921216
198821078108356608
198821078213206016
198821078229983232
198821078309679104
198821079005929472
198821079098204160
198821079165313024
198821078385168384
198821078968176640
198821078934618113
198821079547002880
198821079102402561
198821079555391488
198821079945453569
198821080591372288
198821081149214720
198821080243245058
198821081014992896
198821079135956993
198821080918532097
198821081413468160
198821081639952386
198821080234864640
198821081577046016
198821082273288194
198821082273300481
198821082076168192
198821082210373632
198821082109714434
198821082533347328
198821082835337218
198821082147467264
198821083258957824
198821082722086912
198821083351228417
198821081983893506
198821084135563264
198821084525633536
198821084705992704
198821084441755649
198821084781490176
198821085398052865
198821085234479104
198821085502906369
198821085217689601
198821085721010178
198821085855227904
198821086027186177
198821085406429184
198821086350163969
198821086945751040
198821085469360128
198821087042207745
198821086857666560
198821086769582080
198821086723448833
198821088149516288
198821088170491905
198821087461646336
198821087344214017
198821087637811200
198821088120147969
198821088451497984
198821088547971072
198821088048857090
198821088887717888
198821088485064704
198821088313081856
198821088120156163
198821088979992576
198821088506028032
198821089143570432
198821089256812544
198821088929644544
198821088879325184
198821090024361986
198821089948864513
198821089290354688
198821090020171776
198821089676230656
198821089898536960
198821089978228736
198821090158592001
198821090175361026
198821090569633792
198821091584647169
198821091660136449
198821091735646209
198821092301873152
198821091630776322
198821092599668736
198821092603854848
198821092712919040
198821093220417537
198821093191065600
198821093224628224
198821094172528640
198821093434331136
198821094822641665
198821094575181824
198821095091081217
198821095867027456
198821095204335616
198821096110292994
198821096340987904
198821096097726465
198821096630398976
198821096873656321
198821097423122434
198821097460867072
198821097225981952
198821097796403200
198821097427316737
198821097691545600
198821098115174400
198821098366840834
198821097725104128
198821097435693056
198821098375225344
198821098232619008
198821098488479745
198821098731737088
198821098840801280
198821098471702529
198821099180523521
198821099163762690
198821098933075969
198821099646107648
198821099079864320
198821099637710848
198821099188920320
198821099717406721
198821099033735169
198821099960680449
198821099738374145
198821100036169728
198821100187164672
198821099952291841
198821098559782912
198821100640141312
198821100170391553
198821100661129216
198821100992462848
198821100854050817
198821101487398912
198821099843231746
198821100199743490
198821102120730626
198821102145900546
198821102221398016
198821101365772288
198821101911023616
198821102007500801
198821102057824258
198821102884098052
198821103454535680
198821103555186688
198821103169306626
198821103991398401
198821104154976257
198821104054312961
198821103790075905
198821104482127872
198821104612163584
198821104624746497
198821104196927488
198821104486326274
198821104469549056
198821104649895936
198821104737980419
