198852563100119040
198852564505210880
198852564316459008
198852565675409410
198852565457313793
198852565784473601
198852568963756032
198852568644984833
198852568506568705
198852572243689472
198852572143034369
198852572935761920
198852574235992064
198852575267782657
198852575439765504
198852575859183617
198852576387665920
198852579436933120
198852579659223040
198852579172679682
198852582070943744
198852584226824192
198852586160406528
198852586231693314
198852588773441539
198852590761558016
198852591034183680
198852591747203072
198852592502194176
198852592661561344
198852594318319617
198852595333341184
198852597216587777
198852597866704896
198852598005104641
198852598554558464
198852598772674560
198852598864941057
198852601226338304
198852601234731008
198852603533205504
198852606121086976
198852606842507265
198852608612507648
198852608729939969
198852610109870080
198852610017607682
198852612341243904
198852614442590208
198852615281446912
198852616539738114
198852616162263041
198852617353445376
198852619131813888
198852620117479424
198852620985712640
198852624404062208
198852624852844544
198852625159045120
198852626954190849
198852630280273923
198852630355787776
198852631324672000
198852631836377088
198852632926883841
198852638266228736
198852638375284736
198852638861828097
198852638534668288
198852639079927811
198852639792959490
198852639893626881
198852641655234560
198852642980626432
198852644184391680
198852644062773249
198852643811098624
198852649179820034
198852653197955073
198852653114081281
198852654141685760
198852655416750082
198852656746340352
198852657526480898
198852659044814848
198852660311506945
198852660856766464
198852662261841920
198852662362521600
198852662454784000
198852662588997632
198852666175127552
198852666942697472
198852667911585792
198852671703220225
198852675977216001
198852677009014784
198852676925128704
198852676774150144
198852677986291712
198852678250541057
198852677763997696
198852678946799616
198852680188313600
198852681773756416
198852683522777088
198852686353924096
198852687863885824
198852688203624448
198852688992153601
198852689810042880
198852691554869248
198852691827503104
198852692771209216
198852696646746113
198852697171046401
198852697556910080
198852698014101505
198852699524046850
198852699830239233
198852699490496512
198852701491179520
198852701906415617
198852702632022017
198852702652993537
198852703038877697
198852702841745408
198852703634456576
198852706562084866
198852707275112449
198852707388358656
198852707480649728
198852708315312129
198852709330321409
198852711247134720
198852711758831616
198852711960150018
198852715579834369
198852717626658816
198852717781852160
198852717152698370
198852717702160384
198852718775898112
198852720818520064
198852721669980160
198852725042184192
198852727592337410
198852728682848259
198852729400066049
198852729567838208
198852730368958465
198852731363008512
198852732348665857
198852735192412160
198852737012736001
198852737314721793
198852738375888896
198852738451378176
198852740007477248
198852740619837442
198852741706153986
198852743618772994
198852744461811712
198852745086763008
198852745954992130
198852748240887809
198852749222359040
198852749335605248
198852751034286080
198852751864758272
198852752133197825
198852752804286466
198852753181786112
198852753030787072
198852754804977664
198852756268785664
198852758575656960
198852760047845377
198852760123355138
198852761104826368
198852760953815042
198852761465536515
198852762107248640
198852762337951744
198852763462025217
198852765735337984
198852765286531072
198852766645485569
198852766146371584
198852766892957696
198852766758744067
198852766624514049
198852768507772928
198852769757675521
198852777554886656
198852776544043010
198852782911000577
198852782978105344
198852783716311040
198852783502397440
198852785461137409
198852786660712449
198852788099354625
198852788023861248
198852788833361923
198852789223432192
198852791903600640
198852792671141888
198852792608231424
198852793967185920
198852795414220800
198852795552632832
198852797003857920
198852797754654720
198852797985333248
198852798119546880
198852801189789696
198852801621798912
198852802699735040
198852803106582528
198852803291119617
198852803748298752
198852804901744640
198852808886337538
198852809993633792
198852807770652672
198852811025420290
198852812094971904
