198795435878514688
198795437640134659
198795438055370752
198795438130868225
198795438541897728
198795438650966019
198795439745675264
198795439846338563
198795440882331648
198795441549213696
198795442320969728
198795442522296321
198795442371305472
198795443080138752
198795443692507136
198795443637981184
198795443868680192
198795445668036608
198795444858535936
198795446527856640
198795446783721474
198795446536245248
198795445013712898
198795447874228224
198795448759234560
198795448599838720
198795449686163457
198795449962991616
198795449782640641
198795450164318208
198795449841356800
198795450772500480
198795451804295169
198795452626378752
198795452563464192
198795453993730048
198795455159730176
198795457147830276
198795457609207808
198795458481627136
198795458850721794
198795458188021760
198795458917826561
198795459412766721
198795459588931586
198795460222255105
198795461191139328
198795461174362112
198795460901744642
198795461782540289
198795462390714368
198795463246352384
198795462793371650
198795463137308672
198795464320106496
198795464781475840
198795464731148288
198795465356091392
198795465519673344
198795466085900290
198795466241085441
198795466501144577
198795467537129474
198795468132716544
198795469093208064
198795469214842882
198795468887703555
198795469227425792
198795469550391300
198795470120816642
198795471119073281
198795470582194177
198795472037609472
198795471723040768
198795471219732480
198795472901648384
198795473677582336
198795473782452226
198795474134769664
198795474453528578
198795474646466562
198795474570969088
198795475887984642
198795475468550144
198795476601020416
198795477083369472
198795477171445760
198795476898816001
198795477142081536
198795480220704770
198795480535281665
198795482636623872
198795481650966528
198795482506600450
198795483374829569
198795483907502081
198795483391606785
198795484310159362
198795484423405569
198795485023174656
198795484444377088
198795485501337600
198795485606191105
198795485832691712
198795485610389505
198795485916573697
198795487518789632
198795487694962689
198795488231829504
198795488223440896
198795489578192896
198795489553035266
198795490031181824
198795490026991618
198795490882621440
198795490958118913
198795491096539136
198795491297865729
198795492291903489
198795492245770242
198795492929445889
198795492765868032
198795494296788992
198795493776703490
198795494305185792
198795495517327361
198795497585127424
198795498688217088
198795499128631297
198795499682283521
198795500659556352
198795501943005184
198795502899306497
198795502337277952
198795503134195712
198795502068838400
198795504069525506
198795504912580610
198795504749002753
198795505424281601
198795505835327489
198795505629802498
198795507043278848
198795507353657344
198795507441741825
198795507416567808
198795508595167232
198795508968464384
198795510184816641
198795509887008768
198795510629412864
198795510969139200
198795511917060096
198795513955500034
198795514286837761
198795515352186881
198795512143544320
198795516098785280
198795516602089475
198795516555952128
198795517059276800
198795516706947074
198795517285777409
198795517218652160
198795517642285056
198795517839413248
198795518376280068
198795519282249728
198795518703443968
198795519567474688
198795520288890880
198795520272121856
198795520968364032
198795519638773760
198795521907892224
198795522033725441
198795522276995073
198795523044540417
198795523682082817
198795523925352449
198795523124240385
198795523841474561
198795524579667969
198795525749882880
198795525754073088
198795526714568704
198795526496468994
198795527092047872
198795527570210816
198795527297564672
198795527435976705
198795528228712448
198795528962711553
198795529310834688
198795528878833665
198795530254548992
198795530736910337
198795533140234240
198795534683742210
198795536093036544
198795536319528961
198795537363910656
198795537716219906
198795537640730625
198795539003883521
198795538559287296
198795540895498240
198795541252014080
198795541931491328
198795543110094848
198795543877652481
198795544053817344
198795543881859072
198795544527777793
198795544162865152
198795545987383297
198795546096443394
198795548403310593
198795549250551808
198795549481246720
198795549762265090
198795550898913281
198795550995394560
198795551465144321
198795553495203840
198795552920576000
198795554308890624
198795554665398272
198795555122577408
198795556045340674
198795555885944832
198795556628332544
198795556854833152
198795556380880897
198795557735641091
198795558469648384
198795558255726594
198795559073619968
198795559224619008
198795560038318081
198795560449343489
198795560822636544
198795561686667264
198795563314061312
198795564681404416
198795563859312640
198795564622688257
198795564656238593
198795565260210176
198795566057144320
198795565478326274
198795566703063041
198795567474810880
198795567311228929
198795568301088768
198795568179458049
198795568343027713
198795568443699201
198795569236426754
198795570364682244
198795569957842946
198795572113715201
198795572768018432
198795573325864961
198795573833383937
198795574416379904
198795574793871360
198795574177300482
198795576748425216
198795577901842432
198795578677792770
198795578866540544
198795578556157952
198795580217106432
198795581467013121
198795581307617280
198795581605412865
198795581081128961
198795582448484352
198795581953540098
198795584176533504
198795584453345280
198795584004562945
198795584222662657
198795585866838018
198795587020259328
198795588127563776
198795590203752449
198795590132436993
198795589968859136
198795591080353792
198795590740619264
198795591755636736
198795592502214657
198795592791638018
198795592745492481
198795592321863681
198795593580163073
198795593294946306
198795593286553601
198795593701789696
198795594188333056
198795594611961856
198795595534708736
198795596306460672
198795598500085760
198795598474903552
198795599326351364
198795599183745025
198795599942914048
198795599888384000
198795600785977347
198795601389961217
198795601746477058
198795602346254336
198795602459496449
198795603025739779
198795602950234112
198795603562606592
198795605437452291
198795605542322177
198795605110300674
198795607341670400
198795607308111872
198795608742572033
198795606389567488
198795610369953794
198795608587382784
198795611120734208
198795611137523714
198795611183661056
198795612211257344
198795613276602368
198795614786568192
198795614916583424
198795615403122690
198795615692533764
198795616015499264
198795616229404672
198795616703361027
198795615919030274
198795616967589891
198795617210875904
198795617793884160
198795618112634882
198795618083278849
198795618653704197
198795618154586112
198795618884399104
198795619014414336
198795619442241537
198795619316412417
198795620872486913
198795621140938752
198795621296128000
198795622436966401
198795622856400896
198795622717984769
198795623024173057
198795625276510208
198795625645604864
198795626090205184
198795625259745280
198795625872109568
198795626341867520
198795627386257409
198795628590006272
198795628778758144
198795629265289216
198795630708133888
198795631328894976
198795632138399744
198795630062223360
198795635124748288
198795636114595841
198795636974432257
198795636987006977
198795638819930113
198795639285481475
198795637557428224
198795640879325184
198795641286180864
198795637976862722
198795641529450496
198795641961459712
198795642624147456
198795642770964481
198795643110703104
198795643530117122
198795644016664577
198795644037632002
198795644670980096
198795644792602627
198795644855521280
198795644301873154
198795645472083968
198795646503890945
198795647141412866
198795650186481664
198795650450718721
198795650865954817
198795651012763648
198795651625136129
198795652401078272
198795653042814977
198795654284320769
198795654569533440
198795654980571136
198795654913470467
198795655584563202
198795656096268289
198795657258090496
198795657320988673
198795657467801600
198795657308409856
198795659732725760
198795660164730880
198795660936478720
198795660840013824
198795660500279296
198795661565624321
198795662240911362
198795662899425280
198795664291934208
198795664342269952
198795665269194752
198795668679163904
198795665604747264
198795669694193664
198795669950046208
198795667123093504
198795670734381059
198795667836121088
198795671590019072
198795671799738370
198795672865091586
198795673578110976
198795674039484417
198795673951420416
198795674232438784
198795675184529409
198795675197128705
198795675415220224
198795676363137027
198795676941946881
198795677101338624
198795677508182016
198795677654990848
198795678967791616
198795678598709248
198795678577737730
198795679034912768
198795679198490624
198795679995404288
198795680452587521
198795682012860416
198795682088357889
198795682969174016
198795683527008257
198795684277780481
198795684961452032
198795685347332096
198795686257491971
198795685892603904
198795687142494208
198795687138304000
198795687339638785
