198804495994589184
198804496078483458
198804496304975872
198804496032337920
198804496313364481
198804496661483520
198804497517125632
198804497181589505
198804497785561088
198804497760395265
198804498301468673
198804498758635520
198804499102580736
198804499157106688
198804498670559234
198804499320680448
198804499660414977
198804499673006081
198804499589107712
198804499501027328
198804499492634625
198804499551367168
198804500226654210
198804501044539392
198804500587356162
198804500595748864
198804499555549188
198804501086470144
198804501589798912
198804500558004224
198804501157781507
198804503334617088
198804502764208128
198804503242346496
198804504110571520
198804503074586625
198804504278347777
198804504664223745
198804504664219648
198804504840380416
198804503456264192
198804505222057986
198804503674355712
198804504865542144
198804505737957376
198804504236404736
198804503833755649
198804505003954176
198804506333552642
198804506320961537
198804505687629824
198804507394719744
198804506924945408
198804507617009664
198804507340181504
198804508250341376
198804508460064768
198804508439101440
198804509043073024
198804509189873664
198804506929135616
198804507809939456
198804510209081344
198804509655441408
198804510544629763
198804510817267714
198804510565605376
198804511081508864
198804511010205697
198804511433822210
198804511278628864
198804511307993089
198804511383486465
198804509093412864
198804512398508032
198804512037814274
198804512595648514
198804512633397248
198804513249968128
198804514009124864
198804513421918210
198804514684407809
198804515045126144
198804515334537216
198804515691053056
198804516429238272
198804515804291072
198804516521517056
198804516785766401
198804514399191040
198804515963674624
198804516961927168
198804517297471489
198804516785758209
198804517616238594
198804517003870208
198804517511364609
198804517813370882
198804517985320960
198804517125488640
198804514072043521
198804518304104450
198804518782255104
198804519981809665
198804520032153601
198804520585789441
198804520678080512
198804521105895425
198804522133487617
198804522506792960
198804522582294529
198804522934616065
198804523656036352
198804523991576578
198804523555373057
198804524360671234
198804524616523776
198804524096425985
198804524578766848
198804524851408896
198804525145014272
198804525354713088
198804525073707009
198804525748989952
198804525652520962
198804525954514947
198804526302625792
198804526453633024
198804526403293185
198804526579449857
198804526835314688
198804528735330304
198804529016356865
198804528949243904
198804529393844224
198804529519661056
198804529209290752
198804528978599936
198804529599348736
198804530085896192
198804530576625664
198804530425643008
198804531818135552
198804531755237376
198804532220805122
198804532577320960
198804532204015618
198804532728307713
198804532384374785
198804533407780864
198804532883492864
198804533634277376
198804533693005824
198804534368280577
198804534666072066
198804534754156547
198804533353267200
198804534263418881
198804535395876865
198804535395893249
198804535622373377
198804535827906560
198804535332974592
198804535286824960
198804536205389824
198804536721293312
198804536863887360
198804537023266816
198804537081987072
198804537312681985
198804537497235457
198804537509818371
198804537660813313
198804538499670016
198804538461925376
198804538596139010
198804535760789504
198804539565019136
198804538889744384
198804539418222593
198804539825078272
198804539720208385
198804538952650753
198804540592631808
198804540273856512
198804541804781568
198804541842534402
198804541808971776
198804541683142657
198804542555566080
198804542463283200
198804539984449536
198804543927099393
198804543792881665
198804544178765824
198804545416085505
198804545583857666
198804546091356161
198804545252495362
198804545512550401
198804546544345088
198804546389155841
198804546900852737
198804547135750144
198804547831992321
198804548276596737
198804548482113536
198804548733771776
198804549232889856
198804548482109440
198804549014794240
198804549300006913
198804549782347777
198804550583455745
198804549824282624
198804551535558656
198804551258742786
198804551543951362
198804552852582402
198804552911302656
198804553322336256
198804553599172608
198804553087451137
198804553674657792
198804553737568256
198804553615941633
198804554547085314
198804554584821761
198804555369164801
198804555184611328
198804555490799616
198804555381735425
198804555872468992
198804556367409152
198804555830530049
198804556346425345
198804557030096896
198804556921049088
198804557424361473
198804557424369665
198804557478899713
198804557571170307
198804557315317760
198804558502313984
198804556392570880
198804558879784961
198804558900760576
198804559106289664
198804560142278656
198804560846929922
198804561069219841
198804561148915712
198804561027280899
198804561350230018
198804561576734721
198804562147155968
198804562533040128
198804562570776577
198804562201677827
198804563854237698
198804563942322177
198804563602571264
198804563443204097
198804564235927552
198804564722466817
198804565531955200
198804565523578882
198804565611659265
198804566085603328
198804566467289088
198804566966407169
198804566937051137
198804566916075520
198804566316298241
198804567499096067
198804566442123264
198804567725576196
198804568178565120
198804568182751234
198804566421155840
198804569218744322
198804569311019008
198804569596235777
198804569793363970
198804570481242114
198804570229575680
198804570594492416
198804570800005120
198804570850332672
198804570846134272
198804571483684864
198804571861159937
198804572565798912
198804573975097346
198804574235131906
198804574612631555
198804574549716994
198804575304691712
198804575304679424
198804575099158528
198804575791222786
198804576336486401
198804576370044930
198804576068055043
198804576663646209
198804573803130880
198804577359904768
198804577473134592
198804576986611713
198804577645113345
198804578144239616
198804578802741249
198804579171831808
198804578379104258
198804579637411840
198804577460568064
198804579226370049
198804579255713793
198804580203638785
198804580442705921
198804580606291968
198804580195254272
198804581055070208
198804581252202496
198804582195929088
198804583324188673
198804583168999424
198804583588433921
198804583940759552
198804584255336449
198804580711137281
198804584515383298
198804584616050688
198804584913838081
198804584121122817
198804584813170688
198804584871903232
198804584418914305
198804585350053889
198804585639444482
198804585748508673
198804586037907457
198804586419597313
198804586528636928
198804586805465090
198804585836580865
198804587422040065
198804586650284033
198804587522703362
198804587019386880
198804587740790784
198804587040350208
198804588067962880
198804587921162240
198804587921158144
198804588160229376
198804588755812355
198804589401739266
198804589410127873
198804589712121857
198804589808599041
198804590349647874
198804590534201345
198804590114783232
198804591045910528
198804590731337729
198804590769078273
198804591150764032
198804591691829248
198804591163355136
198804591251435520
198804592086102017
198804592354529282
198804593348591617
198804593222762497
198804594007089152
198804594380382209
198804594141315074
198804595055665153
198804594812403712
198804595374424064
198804593273090048
198804596829855745
198804597127659520
198804597194768384
198804597249286144
198804596389453826
198804597488369665
198804597891006464
198804597911986177
198804597949726720
198804597454807041
198804597928771584
198804598755037185
198804599283515392
198804597748408320
198804599241576448
198804600474697730
198804600118181889
198804600692817920
198804600822837249
198804601506508800
198804601238065155
198804601783324673
198804601741393922
198804603561713664
198804603825954817
198804604287320065
198804603884666880
198804603561713665
198804604199251968
198804604715155456
198804604958412800
198804605440770049
198804605570785280
198804605541429248
198804605612732417
198804605713387520
198804606510313472
198804607240126464
198804607596638208
198804607886049282
198804608150290432
198804607739232256
198804608120930305
198804607688916992
198804607516942337
198804607747633152
198804608745869312
198804607877644290
198804608473243649
198804608875900928
198804608863318018
198804606178967553
198804608972361728
198804609324695553
198804609198866432
198804607227527168
198804606887804929
198804609177882624
198804610251624449
198804610071277569
198804611124043777
198804611019190272
198804611019194369
198804611451207680
198804611577024512
198804611589611521
198804611778351104
198804611505717248
198804612004839425
198804611967107073
198804612935974912
198804612537516033
198804613351219200
198804613468663809
198804613313478656
198804613430915073
198804613460279296
198804612994695169
198804613699346434
198804612973740032
198804613531578369
198804614450130944
198804614563364864
198804614655643649
198804614752116737
198804614735335424
198804615343505409
198804615423205376
198804615939108864
198804617012842496
198804616534687745
198804617335816195
198804617046405120
198804617767813120
198804617784602624
198804618002710530
198804617864294402
198804616186564608
198804617939795968
198804618824794113
198804618904477696
198804618808012801
198804619802066946
198804620158574592
198804620401848320
198804620036935682
198804620032745473
198804620699635712
198804620829659136
198804620984844289
198804621064536064
198804621391699968
198804621412679680
198804620942909440
198804621316198401
198804621655941120
198804620754157569
198804622918422528
198804623606288384
198804623824396289
198804624986218496
198804625187553280
198804625657311232
198804626135457793
198804626605223936
198804626307420161
198804627246948352
198804628027092993
198804628496850944
198804627695730689
198804628719149056
198804628723343360
198804628303904771
198804626374541312
198804625753772033
198804628912091136
198804629813862401
198804630325563392
198804630363324416
198804630732419072
198804630128435201
198804631139270657
198804631785181185
198804632213000193
198804632879902721
198804633056055297
198804632854740992
198804632670175232
198804633366437888
198804633530019840
198804633425158144
198804634079473664
198804633655836672
198804633903308801
198804635002208256
198804631399313411
198804635593613312
198804635992076289
198804633794252800
198804633974616064
198804636768018432
198804636755431425
198804636755443712
198804636596047872
198804637535580161
198804637426524160
198804638139547649
198804637850140673
198804638236020736
198804639221678080
198804640119271425
198804640203145216
198804640408682496
198804640752599042
198804641113317376
198804641822146560
198804642149302272
198804642342252544
198804642157690881
198804643088838656
198804643730563072
198804644007391232
198804644393259010
198804645223731200
198804645454422016
198804645236318209
198804645764800512
198804646456860672
198804646708510723
198804646146482176
198804645974519808
198804646976962560
198804647144722433
198804647102787584
198804647383797760
198804647492845568
198804648239431680
198804649753591809
198804649619374080
198804649959096321
198804649644523520
198804649824882690
198804650412093440
198804649954914305
198804650504372225
198804650907021312
198804648939896833
198804651506806785
198804651494223873
198804651670380544
198804652005928960
198804651934621696
198804651859132418
198804652328878081
198804646737887232
198804652995784705
198804653775917057
198804654686093314
198804655004852224
198804654904193024
198804654803533824
198804655873069057
198804655348781056
198804655529136128
198804656296689664
198804656040837120
198804656183459841
198804656011485184
198804656783233025
198804656883892224
198804657617907713
198804658112839680
198804658247041024
198804656867115008
198804658515488769
198804658981052417
198804658179940352
198804659597623296
198804659601817600
198804659194961921
198804660134486017
198804660495204352
198804660897857536
198804661950619648
198804662118387713
198804662802067458
198804662969827328
198804663250849792
198804661514403841
198804663443800065
198804664228122625
198804664765005824
198804664953745410
198804666572734466
198804666983792641
198804666539184129
198804666941849602
198804666950230017
198804667654864896
198804668011380737
198804668078493696
198804668447596544
198804669135466496
198804669294850048
198804669831708672
198804669781381121
198804669806555136
198804670217596928
198804670527975424
198804670683152384
198804670754471937
198804671366823936
198804671626870784
198804671756910595
198804671350054913
198804672381857793
198804672792895489
198804673161994241
198804673388490753
198804669957537792
198804673673691137
198804674185408512
198804674499977216
198804675359805440
198804674583871489
198804675368206336
198804676064452609
198804676555177985
198804676488077312
198804676722954241
198804677104640000
198804677477937152
198804676999790593
198804678115471362
198804679755431936
198804680246181890
198804679939997696
198804680174862337
198804679768027136
198804680283918336
198804680548155393
198804680598487044
198804681206661121
198804681496076289
198804681554804737
198804681940668417
198804682364293121
198804682280407040
198804682582405122
198804682586603520
198804682775330816
198804683077324800
198804683593220097
198804683341561857
198804683882639360
198804684239151104
198804684830539777
198804684482412544
198804685543579650
198804685564551168
198804685765881856
198804685346451456
198804685589725184
198804686483103746
198804685409357824
198804686164340738
198804686176911362
198804686139162626
198804686755725312
198804686864793601
198804686344687616
198804687321964545
198804687280025602
198804687410053122
198804687498117120
198804688672530433
198804688731250689
198804689117118464
198804689536552960
198804690018897920
198804689976954880
198804690199252992
198804690484469760
198804690740314112
198804690723540995
198804690820022272
198804691461734402
198804691080065024
198804691423989762
198804692040552448
198804692334149633
198804691113623552
198804692837470209
198804693370159104
198804693420482562
198804693437251584
198804693043003392
198804694238363650
198804694259343360
198804693986717696
198804694313865218
198804694305472512
198804694301278209
198804694867513344
198804695148527616
198804695295344642
198804695542796288
198804696079667200
198804695798652928
198804697065324544
198804697128247297
198804697266667521
198804694645219328
198804697719644161
198804698474610688
198804698399121409
198804698470416384
198804698483003392
198804698046808064
198804698726285312
198804698776600576
198804698881458176
198804698764021761
198804699837763585
198804700613718018
198804700651462656
198804701406445569
198804700659847168
198804702165598211
198804702408871936
198804702547288064
198804702987694082
198804703038025729
198804702790557697
198804702463406081
198804703113510913
198804703595864067
198804703444865024
198804703910440961
198804704111771648
198804703155453952
198804704258564097
198804706838069248
198804707010035712
198804707332980737
198804707593035777
198804707186180096
198804708025044993
198804707882434562
198804707823722497
198804708301873152
198804708691943424
198804707781779456
198804705437159425
198804706749972480
198804710281592832
198804710281592833
198804711762169857
198804711942520832
198804712806555648
198804712315822081
198804713263734784
198804712865280000
198804713586696192
198804713716723714
198804713913860099
198804713905459200
198804714480074753
198804714551386113
198804715327340544
198804715490918400
198804715662872576
198804715948089344
198804715759341568
198804713024655363
198804716447203329
198804716937953281
198804714941456384
198804716300414976
198804717592248321
198804718284316672
198804718020067329
198804718724726785
198804718858936320
198804719622303744
198804719962034176
198804720238866432
198804720490528773
198804720092065792
198804720448573440
198804721174200320
198804721308418048
198804720964485122
198804722138890241
198804721572659203
198804722411503616
198804722843529216
198804722407321600
198804722130497537
198804724374437888
198804724475105280
198804724521246722
198804724634484736
198804724819042304
198804724433162243
198804724886159363
198804724298944512
198804725423026177
198804725251063810
198804725796323328
198804725393653763
198804726270279680
198804726249308160
198804726664540160
198804726714867712
198804724751929345
198804727734091776
198804728216436737
198804728350646272
198804728170287104
198804729512472576
198804729764130816
198804730548461568
198804730867236866
198804731114684416
198804731236335616
198804730938531840
198804731290849280
198804731542515714
198804731861286912
198804731253108737
198804731899023360
198804731739635712
198804732473655297
198804732737888256
198804732834357248
198804732771438594
198804733337677825
198804733656449024
198804733845184513
198804733765496832
198804733987799040
198804734218481665
198804734860201984
198804735053148160
198804734897963009
198804734822453250
198804735384494081
198804735720030209
198804736030425088
198804736089133057
198804736277884929
198804736118501376
198804736290471936
198804737108353025
198804736823148544
198804737863331841
198804737129316352
198804738551193600
198804738555396096
198804737766866945
198804738698002433
198804737796218882
198804739536846848
198804740140830720
198804739708825600
198804740266663936
198804740648353793
198804740585422848
198804740556066816
198804741168435200
198804741629820928
198804741793386496
198804742003097601
198804742309281792
198804741717893121
198804743244627969
198804743257198592
198804743148146689
198804742464475136
198804743445954560
198804743060078592
198804744330940416
198804744326750208
198804744410632192
198804744658096129
198804745207545857
198804744821686272
198804744746176514
198804745186590720
198804745933168642
198804746147082240
198804746323247104
198804746168045569
198804746453258241
198804746398732288
198804747153715202
