198793422939750401
198793422977503232
198793425108221952
198793426014187520
198793425867382784
198793426530074625
198793426668498945
198793426693652481
198793426790125568
198793427981312000
198793428920832001
198793427247308800
198793428488822784
198793428887285760
198793428631420929
198793429961019393
198793428660793344
198793430711795714
198793429940047872
198793432397905921
198793432959942656
198793433274523649
198793436231512067
198793437359783937
198793437342994432
198793435224875008
198793437217169408
198793437733064704
198793437972140032
198793438009901056
198793437905027072
198793438534172672
198793438173470721
198793438416744450
198793439645675521
198793440643919873
198793441826705410
198793441734426625
198793441558278144
198793442120302593
198793440882995200
198793442539732993
198793442170642435
198793442560712704
198793443462483968
198793443441524737
198793443567349760
198793444167139328
198793444536238080
198793440694251520
198793444888559616
198793445245063168
198793445312180226
198793445580603392
198793446046171136
198793445568020480
198793446943764481
198793444536225792
198793447749058562
198793448172699648
198793448202059776
198793447698739201
198793449435172864
198793449498087425
198793450383081473
198793452866113538
198793452916453376
198793453600124929
198793453784666113
198793453583339520
198793454208294912
198793453763698688
198793453637873665
198793450781544448
198793455655321600
198793455651131393
198793453134544896
198793455516921856
198793456561303553
198793456838119425
198793456909434883
198793457148510209
198793458968829954
198793459321151490
198793459769950209
198793457324670977
198793459895779329
198793460550082562
198793460462010368
198793460038377474
198793460201959424
198793461099544576
198793461191815169
198793462382989313
198793462680797185
198793463096033281
198793462739513348
198793464182345728
198793464165564416
198793463620317184
198793464798920705
198793465063153664
198793465243516928
198793465625194496
198793466128510977
198793466342412289
198793466493403137
198793467076423682
198793466627637248
198793467151912960
198793467533602816
198793467370029056
198793467856568322
198793464836657153
198793468431175680
198793469098074113
198793469244878848
198793469672693761
198793470066954240
198793470775803905
198793471744688129
198793471572713472
198793472780677120
198793472881328130
198793473690832896
198793474089291776
198793474273841152
198793474546479104
198793474617774080
198793476396158977
198793476492623873
198793476593287168
198793477352472576
198793477692211201
198793477964824577
198793479013412864
198793479239901184
198793478954696704
198793480166834176
198793480225562624
198793480519163904
198793480837935105
198793481223798785
198793482251411456
198793478682050560
198793482251407360
198793484088516608
198793485342621697
198793485514575873
198793482742145026
198793484679917568
198793485799796736
198793485887881219
198793486970007553
198793488043753472
198793488010194945
198793489033601025
198793489494978560
198793489692102656
198793489578864640
198793489499172864
198793490233176064
198793490530967552
198793490396758016
198793489633378304
198793491566956545
198793491755708416
198793492011556866
198793491680206849
198793491814432770
198793492682641408
198793493542481922
198793495517986816
198793495341834240
198793495689961473
198793496323301378
198793496407191553
198793497166364673
198793497510281216
198793497585782785
198793498646949888
198793498533699584
198793499301253120
198793500035260417
198793499972345858
198793500718940160
198793500442116098
198793501155139585
198793501331292160
198793500676980739
198793498009407489
198793502673485824
198793502304370691
198793502295982081
198793503462014978
198793503659143169
198793503843696640
198793504015659008
198793503650742272
198793504372166656
198793504984535040
198793505806618626
198793506448359425
198793507211706369
198793505139724290
198793509107548160
198793509451472897
198793509715709952
198793510839795712
198793511892566016
198793511951278080
198793511645085696
198793513167634432
198793511619928065
198793512676884480
198793513465430019
198793513876459520
198793514631434240
198793514627239936
198793514950197249
198793514769842176
198793517248688129
198793517085097984
198793517777170432
198793516929925122
198793518808965120
198793520411189248
198793520440545280
198793520486694913
198793520490889218
198793520457318400
198793521128419328
198793521254236162
198793521354915840
198793521325551616
198793521606574080
198793522386698240
198793521916944384
198793522114076672
198793522558664706
198793522520920066
198793523695321089
198793523544342528
198793522273460224
198793520373448705
198793523124895745
198793524144128001
198793524949430272
198793525113012224
198793525628895234
198793525003948032
198793525729570816
198793525842812928
198793523158454272
198793525972844544
198793527461810179
198793527507951616
198793528107737089
198793528321646593
198793528036429825
198793528820776961
198793530397827072
198793530901147648
198793530905346049
198793530557210625
198793531169583106
198793531022786561
198793530418790402
198793531328966656
198793530720796673
198793529256968192
198793531563843586
198793532054577153
198793532494970880
198793530599157761
198793531995848704
198793532234936320
198793533384179712
198793533539356673
198793533652615169
198793534499864576
198793534134943744
198793535024148480
198793535816871936
198793535699435520
198793535292588033
198793536437633024
198793536773173248
198793537091944448
198793537368752128
198793540191526913
198793540954890240
198793540933910528
198793541814718466
198793543123353600
198793544176123904
198793543492448256
198793544557801472
198793544582955010
198793545115648000
198793544427773953
198793544356474880
198793545736392704
198793545937723394
198793545816084480
198793546210349056
198793546252304386
198793548089405442
198793548403982336
198793548924076032
198793549888761859
198793551377727489
198793552271126529
198793552308862976
198793552426303489
198793553562963969
198793552950607873
198793555005816833
198793554787713024
198793555723034625
198793555446206465
198793555832094720
198793558621306881
198793559615348737
198793559502106624
198793560366125057
198793560143826947
198793558621294592
198793561347588096
198793562505232385
198793562668797953
198793562698162178
198793562639433728
198793562895290368
198793563495075840
198793563604135939
198793564250050560
198793565080535040
198793565051158531
198793565214748676
198793566041022466
198793566154272769
198793566884069376
198793566435295232
198793567177670656
198793567978786816
198793567538393089
198793568654082048
198793568477917185
198793570973519872
198793571464261632
198793571925639169
198793572441538560
198793571913056256
198793572085014529
198793572391202816
198793574006005760
198793574215716865
198793574605791232
198793576665190400
198793575700512769
198793575549513728
198793577449533441
198793578363895809
198793578774933504
198793578946891777
198793579597012992
198793580083548160
198793579643146240
198793580574277632
198793580746248193
198793580926615552
198793581526384641
198793582256193538
198793581337649152
198793583757758465
198793584676319234
198793584860868608
198793585045405696
198793585376759809
198793586211422209
198793586375004160
198793587062865922
198793587239038976
198793587297759232
198793589474590723
198793590061805568
198793590514778113
198793591370428416
198793592268005376
198793592653873152
198793593991860224
198793593861836800
198793594243514368
198793594310627329
198793594943963136
198793595040448513
198793595170467840
198793594897842177
198793595807989760
198793595849949185
198793595803799554
198793596793667586
198793596797845504
198793594662944768
198793596772691968
198793597200515074
198793597200515072
198793601067655168
198793598727237632
198793602388865024
198793602590179329
198793602174947328
198793602711826432
198793604041408514
198793604041408515
198793604091748353
198793604330815488
198793604381147136
198793603957522432
198793604733472769
198793604246929408
198793604943183872
198793605576540160
198793605178073090
198793606490882048
198793606994202624
198793607229079553
198793607921139713
198793607489126401
198793607736590336
198793606788677633
198793609066196993
198793610152521729
198793610131550208
198793610668425217
198793610399985667
198793610785853440
198793611234656257
198793611675041792
198793612555845632
198793612899794944
198793613579255808
198793614220992512
198793614401343488
198793614179045376
198793614749478912
198793615605104640
198793615571566592
198793615768682496
198793615412174848
198793612341948416
198793611960270848
198793615105982468
198793616917929984
198793616666263554
198793617370906624
198793617131839489
198793617777762305
198793618989916160
198793619983966208
198793621762355200
198793622169202688
198793622899007488
198793624035659777
198793624354435072
198793625268785153
198793624975183872
198793624614486018
198793625906323457
198793625252016128
198793626157985792
198793626195726336
198793626829062144
198793628397731840
198793628678758400
198793628833947649
198793628506800128
198793628829745154
198793630255812609
198793630918520832
198793631501529089
198793631593791488
198793630784294912
198793631862239232
198793632428474368
198793632101314560
198793633028243457
198793633460256768
198793633049223170
198793635511287811
198793635909738496
198793636501135360
198793636215922690
198793636870234113
198793637088342018
198793638451486720
198793638455681025
198793639877541889
198793641672716290
198793642767425537
198793643715346433
198793643711143936
198793644252217344
198793644373852160
198793644831023105
198793640850620416
198793645640527872
198793646051573760
198793648823996418
198793649906122752
198793649587367936
198793651512541185
198793651915206656
198793651567079425
198793653303508992
198793654746357761
198793655232905217
198793654670860288
198793657279725568
198793657539764226
198793657049030657
198793657623646209
198793658231824384
198793658126974977
198793658194075648
198793658114375680
198793659423014912
198793659603369985
198793659062288384
198793658244407296
198793659276197888
198793660047949825
198793660387704832
198793660245098496
198793661767614464
198793661360783362
198793661629218818
198793662770069504
198793662988169217
198793664472944640
198793664636534785
198793664925941760
198793664988844033
198793665496358912
198793667081814017
198793666637201409
198793665852870656
198793667450912768
198793667358621696
198793667509628929
198793667710955521
198793668516265985
198793669015384064
198793670571462656
198793671137701888
198793672739921921
198793672916082689
198793672643444736
198793673113210880
198793673482309634
198793673511682052
198793672832196609
198793673738162177
198793673314541572
198793674023370752
