198785369737670656
198785371033702401
198785371247611905
198785371679629312
198785371352465409
198785373906800641
198785375521607681
198785376071073793
198785378449244160
198785379455868930
198785376872173568
198785381871792131
198785382647738370
198785383616618497
198785385353060352
198785386456154112
198785385621504001
198785388108722178
198785395251621890
198785394794430464
198785394819604480
198785395264200705
198785395536822273
198785395411009536
198785395704610818
198785398057611264
198785397629796355
198785399366238208
198785399592722432
198785402117693441
198785403526983681
198785405162762240
198785405682847744
198785404978200576
198785405267623936
198785405519278080
198785406030979074
198785407146659841
198785409147351040
198785409390624769
198785410741174272
198785411684909057
198785411672313857
198785411210944512
198785411944943617
198785412918030338
198785414780301313
198785416483188736
198785417003270144
198785417804390400
198785419104616449
198785421205975040
198785421772197888
198785422929821697
198785423680610304
198785423932264448
198785425379295232
198785425786142720
198785426092339200
198785426402709504
198785426843115521
198785427400957954
198785428374040576
198785428617306114
198785428487286785
198785428780892161
198785428327890946
198785431855304704
198785431515566080
198785433101017088
198785433969238016
198785434950705152
198785435709874176
198785432828395520
198785437295312896
198785437437923328
198785438587158528
198785442345267200
198785443343499264
198785444425629697
198785444899602433
198785446216601601
198785447021903872
198785447260979200
198785449156804609
198785449903403008
198785450360578050
198785450616426496
198785450566107137
198785451488841728
198785454374518784
198785454353547266
198785456501047296
198785456517820417
198785454173200384
198785457268600836
198785457826447362
198785457188900864
198785454777188352
198785460363993092
198785462482108416
198785463216111616
198785463627161600
198785464344383489
198785465145499652
198785467074875393
198785470015078400
198785473009819648
198785473219530752
198785473399898112
198785474066792449
198785475618684928
198785475991977984
198785477137018880
198785476927299585
198785476935692290
198785478990893058
198785480597319682
198785480299528192
198785481440362498
198785482031767552
198785480186265600
198785482744795136
198785484854534144
198785485089423360
198785486318338048
198785486922321920
198785487928967169
198785488524541953
198785489149501440
198785485995380738
198785489296310275
198785493247328256
198785493993914368
198785495248027648
198785495680040960
198785496728600577
198785499605893120
198785500130189312
198785500318941184
198785500180520960
198785504504848385
198785505628930049
198785506245488641
198785507323424769
198785507394715648
198785507008847872
198785508053229568
198785509441536000
198785509986799618
198785510808891393
198785511169597440
198785511391891457
198785511740022785
198785513283530753
198785511186378753
198785514369847299
198785513669410816
198785516521537536
198785520363507714
198785520640335872
198785520803909633
198785522116734980
198785521894440961
198785523177885696
198785523916095488
198785524209684481
198785524113223680
198785525262454784
198785525547671552
198785526667550720
198785529268019200
198785530404679680
198785531335806977
198785531843330048
198785532157886465
198785533839814656
198785537971195904
198785538927501312
198785539120431105
198785539439214592
198785540164820993
198785541540560896
198785541825761280
198785542031282177
198785543297970176
198785544568844288
198785544765976577
198785545428668417
198785546737303552
198785546930241536
198785547618095104
198785548754751489
198785549241294848
198785549119655936
198785552064053248
198785552173121538
198785553624342529
198785554891018240
198785555847327744
198785555822149636
198785556992376832
198785557910917120
198785559567679488
198785561656434688
198785562956664832
198785565766844416
198785565699735554
198785566458912768
198785567327129603
198785568694472704
198785568224714752
198785569151664128
198785568774176771
198785570095382528
198785569692712960
198785570024075264
198785570984566784
198785571898920961
198785571978620931
198785573333377024
198785574088355842
198785576625897474
198785576625905665
198785577133412353
198785577326346240
198785578010034176
198785581315145728
198785583013826562
198785583265492992
198785583554899969
198785583672332289
198785583827525632
198785583378743296
198785584381165568
198785585882738688
198785585589133312
198785583835914240
198785588177014784
198785588227346432
198785588860698624
198785592912396288
198785594984378368
198785595303149570
198785595416387585
198785595785478146
198785597270274048
198785598683746304
198785599614885888
198785601900785664
198785601972084736
198785602773200898
198785602068545537
198785605721792515
198785604010524673
198785606317391873
198785609274376193
198785608750088192
198785614265585665
198785615964291074
198785613598687233
198785612638199811
198785616606007297
198785617373573120
198785618682191872
198785621098102784
