198830920449536000
198830920562769921
198830920369831936
198830920906719232
198830921045114880
198830921468743680
198830921879781377
198830922085310464
198830921951092737
198830922848665600
198830922991276033
198830921544245249
198830923062583296
198830923901435904
198830923981131776
198830924811608064
198830924031467520
198830925503668225
198830924673191936
198830926946504704
198830926258647041
198830926359298048
198830927558881280
198830925700800512
198830926795513858
198830927189782529
198830928339025921
198830927265284097
198830927839887361
198830929014308864
198830928221573120
198830928959782912
198830929584734208
198830929253384195
198830929291132928
198830929156907008
198830930532638722
198830929978986496
198830930612334592
198830930369060866
198830931086278656
198830931258249217
198830930964656130
198830930209677312
198830931430211585
198830931803504640
198830929022693376
198830931778351104
198830932176809984
198830931786739714
198830932743032832
198830932965326849
198830933070200832
198830932722057216
198830933820981248
198830934592729089
198830935528050688
198830935309959168
198830935565811713
198830934831792128
198830936698269697
198830933867106304
198830937188999169
198830937197379584
198830937239322624
198830936949923842
198830937662951424
198830937390333952
198830937394528256
198830937696509954
198830938304675840
198830938212401153
198830938946412545
198830938791215104
198830939214856194
198830939994980353
198830940536049665
198830940842233857
198830941010010112
198830940632526848
198830941530112000
198830941874032641
198830942704508928
198830942142472192
198830942855512064
198830943363010560
198830943702757376
198830944042496001
198830943769870337
198830942687727616
198830944956858368
198830945158184960
198830944914911233
198830944688406528
198830945904771073
198830947133693952
198830947188224001
198830947527962624
198830947372777473
198830948589121536
198830948542984192
198830949247614976
198830949570580481
198830949948076032
198830950040354816
198830950153596929
198830950212308992
198830949973245953
198830950338142208
198830950438801408
198830950715625472
198830950627557377
198830951676133377
198830951739039745
198830951780982784
198830951835512833
198830951927783424
198830952309460993
198830952607252480
198830952041025536
198830953064435713
198830952456261634
198830953689391104
198830953718751233
198830953978806272
198830953978806273
198830954750554113
198830955425841152
198830955211927553
198830956889645056
198830957116141568
198830950493339648
198830957262934017
198830958017912835
198830958009516032
198830957971771394
198830958236012544
198830959133601792
198830959251038208
198830959326539776
198830959972462592
198830960215736321
198830960874237952
198830961151049728
198830962048638977
198830962182860801
198830962321272833
198830960488361984
198830962996543489
198830963717967872
198830961650171904
198830964372275203
198830964032544768
198830964380680192
198830964812685312
198830964829470721
198830964913348612
198830965261467648
198830965982900224
198830965827706880
198830967274745856
198830967329267714
198830967337664513
198830967455088642
198830967421550592
198830968600150016
198830968658862082
198830968415596544
198830968969240576
198830969183158272
198830969053134849
198830969329954816
198830969661304832
198830970642776064
198830970319798272
198830971569709056
198830971527770113
198830971796209666
198830971859111937
198830971682955264
198830971917836288
198830972626665472
198830972551176193
198830972031074305
198830972903505920
198830973838823424
198830973226459138
198830974128230401
198830974245666817
198830974803513345
198830975709487105
198830977043271680
198830977081032706
198830977034878976
198830977173299200
198830977865367554
198830977810841601
198830977534017537
198830978314153984
198830978481930241
198830978217689088
198830979106865154
198830979278835713
198830980184805376
198830980360978432
198830980558094336
198830980713299969
198830980344197120
198830980843307008
198830982323904512
198830982516838402
198830982512656384
198830982911115264
198830982739132416
198830983368286208
198830983859015681
198830984089702403
198830984551075841
198830984307814400
198830984714649600
198830984588832769
198830984890822657
198830984936960000
198830985192800258
198830985826156545
198830985935196160
198830986203635712
198830984215543808
198830986694377472
198830987285766145
198830987138965506
198830988057526272
198830988728610816
198830989106094080
198830989072539649
198830989911392257
198830990020444163
198830990330822656
198830990582489088
198830990834139136
198830990649606146
198830990465056768
198830991387791361
198830991526207489
198830991161311232
198830991647846402
198830992268591104
198830993568825344
198830993614966784
198830994034405376
198830994072145920
198830994613223424
198830995120721921
198830994860679168
198830994072150016
198830994739036160
198830994776784897
198830995850530818
198830995531767808
198830996676816897
198830996748107776
198830996932665345
198830997020741635
198830997507284992
198830996982996992
198830999306649600
198831000837566464
198831000938225664
198831001017913344
198831001185685504
198831003337371649
198831003932950528
198831004000063488
198831004755042305
198831005451288577
198831002297171968
198831005862330368
198831003572240385
198831005023473664
198831006315315201
198831005870731264
198831005962993664
198831006176919552
198831005698764800
198831007095468032
198831008664125442
198831008878034944
198831009284898816
198831008450220032
198831009066782722
198831009079365632
198831010027274241
198831010408968194
198831011260411904
198831011700809728
198831011163942912
198831012111855617
198831012082491392
198831013303025664
198831013361750016
198831013567279104
198831014179651584
198831013936373760
198831014133497856
198831014578094080
198831015186272256
198831015098191872
198831014691356672
198831015668625408
198831016062894080
198831016285184003
198831017124044800
198831017094688769
198831017543475200
198831018554302464
198831018847895553
198831019112153088
198831019338637312
198831019468664834
198831019665801216
198831020492075008
198831020802457601
198831020903116800
198831020412383232
198831021351907329
198831022387888129
198831022576648193
198831022622781441
198831022593417216
198831022568251395
198831023671345153
198831024040443906
198831024501825536
198831024585711616
198831025642684417
198831026301177856
198831026536071171
198831026708033536
198831026930335745
198831027366543360
198831027131654144
198831028033437696
198831028712914944
198831028935204865
198831029627256832
198831029484658689
198831026804498434
198831030394822656
198831030570991618
198831030910726144
198831031548264453
198831031493738499
198831032320004096
198831031401459718
198831032080924674
198831032294850563
198831033536352257
198831034077417473
198831033225977857
198831034329088000
198831034366824449
198831034433941504
198831033746079745
198831034752704514
198831034475888640
198831034274562049
198831034815614976
198831033976766464
198831035415412736
198831034790453248
198831035646083073
198831036904382464
198831037667753984
198831038410137600
198831037181210624
198831038703734784
198831038867324928
198831038800211968
198831038854742017
198831039265771521
198831038980571136
198831040066879489
198831040402436096
198831041379708928
198831041014808576
198831041245495296
198831041308405760
198831042080145411
198831042222755840
198831041862053888
198831042587672577
198831043149701123
198831043367796737
198831043866931203
198831044005330945
198831045423022081
198831045976657921
198831046429638657
198831047025242114
198831046513532928
198831046685495297
198831047868293120
198831048031862785
198831047482413056
198831048006713345
198831048052838400
198831048602292225
198831047956381696
198831048262553600
198831050061905920
198831050149990401
198831050540056577
198831050368102400
198831051735445504
198831052221976576
198831052653993984
198831053140541440
198831053799043072
198831054411411456
198831054793084928
198831053950038016
198831054684041216
198831055405457409
198831055560646656
198831055669698560
198831055803908096
198831055728414722
198831056022011904
198831056286257152
198831055447400448
198831056810549249
198831056504360960
198831057410330625
198831057112543233
198831057527771136
198831057473245184
198831057490034688
198831058601508864
198831058857373696
198831058685394945
198831058865758208
198831059620737024
198831059788496896
198831059369070592
198831059939495937
198831060505735170
198831061403308032
198831061407510531
198831061579481088
198831061810163712
198831062149894144
198831063143948289
198831063236227073
198831063630495744
198831063907315712
198831064582590465
198831064540659713
198831064695836672
198831065740222464
198831065748606976
198831066910433280
198831067237584896
198831067317272576
198831067396968448
198831068361662464
198831068651061253
198831068604936192
198831070001635329
198831070156816384
198831070437838849
198831069913554944
198831070089711616
198831070030995456
198831070681104384
198831071872290816
198831068428763136
198831071633215488
198831072446922753
198831072421744640
198831072388194305
198831073315143682
198831073440968705
198831073734574081
198831073675849731
198831074216906754
198831074653122561
198831074749595648
198831075114500097
198831075227734017
198831073105416192
198831073071865856
198831076003676160
198831076045627394
198831076175659009
198831076439896066
198831076699947008
198831076217597953
198831077106786304
198831077773684736
198831078356680705
198831078750953474
198831078637699073
198831079149408258
198831080038612993
198831079904378881
198831079837282305
198831080034410499
198831080835530752
198831081137504256
198831080982331392
198831080990720001
198831082261577728
198831082555191297
198831081825370113
198831083981254656
198831084220329984
198831085981929473
198831086296498178
198831086225211392
198831086250364928
198831087131164672
198831085105332224
198831086707556352
198831088125218816
198831087751938048
198831088343326720
198831088339132416
198831087831625728
198831089123471361
198831089526116352
198831089777778688
198831089991688194
198831090222374913
198831090012667905
198831089693884416
198831090910248960
198831090780209152
198831091233206272
198831092508274688
198831092780892161
198831092973834240
198831093137408001
198831092592152577
198831093682671616
198831094949347328
198831095091970049
198831095620440064
198831095557537792
198831095528177666
198831095867908096
198831096081817601
198831096740319232
198831096786464769
198831096048259072
198831097814073346
198831098489344002
198831098476756992
198831098506121217
198831099189792768
198831100183846912
198831100188045312
198831100334837761
198831100355821568
198831100972376065
198831100209004545
198831101177896961
198831101660246016
198831102121623553
198831102507495424
198831102771740672
198831103132446720
198831102566219776
198831104021630976
198831104772407296
198831104885657600
198831105015685120
198831105179258880
198831104579473408
198831105204420608
198831104399130624
198831105829380096
198831105045041154
198831106496282624
198831106991206400
198831108073324544
198831108362735616
198831107943313409
198831108748607490
198831108371120129
198831109843324929
198831109855920128
198831109889474561
198831109906239488
198831110241783810
198831110543785985
198831110577340416
198831111764312066
198831111844020224
198831111697215488
198831112578023426
198831113270071296
198831112515092480
198831113576259586
198831113710481408
198831114511589376
198831115224621057
198831115606302720
198831116101226496
198831116159959040
198831115929272322
198831117586006016
198831117908971520
198831118349385731
198831118076755968
198831119238569984
198831118840115200
198831119674769408
198831119892881408
198831120131964929
198831120186478592
198831120731742209
198831120924684288
198831120597524480
198831121558028289
198831121809686528
198831121662885890
198831121633521666
198831122384297985
198831122535284736
198831121612537856
198831122812112897
198831123000864768
198831123277684736
198831123567095808
198831124074610688
198831123932000256
198831124754083842
198831124972179456
198831124703748097
198831126012379136
198831125039296513
198831126071091200
198831126289190913
198831125978808320
198831126175956993
198831126985445379
198831126725394432
198831127484575744
198831127929159680
198831127002222594
198831128277286912
198831127547486209
198831128671567872
198831128881274880
198831128893857792
198831129204232192
198831129485246465
198831129162285056
198831129741115392
198831130223452161
198831130600931329
198831131423014912
198831131783737344
198831131892785153
198831131683078145
198831132349960192
198831132857475073
198831133310468096
198831133851533312
198831133927026690
198831133213990913
198831134254170112
198831135101427712
198831134564556800
198831135248232448
198831135386636289
198831133469847553
198831135940284417
198831136431022081
198831136829476865
198831136821092352
198831136938524672
198831137089519616
198831137001439234
198831137412481024
198831137089527809
198831137701888001
198831137148243969
198831140428189698
198831139849388032
198831140210089985
198831140440780801
198831141288034304
198831140692434946
198831141569052672
198831140717604864
198831142370148354
198831143037042688
198831144190480384
198831143989149696
198831144748335106
198831144886743040
198831145360703489
198831145889181696
198831146052755456
198831146082119680
198831146254086145
198831146203746304
198831146669318145
198831147214577664
198831147277488129
198831147352997888
198831147336216576
198831147160059906
198831147495600129
198831148590305283
198831148804214784
198831148879708160
198831148573523969
198831149244620800
198831150783930368
198831152109338625
198831152780423168
198831152184836097
198831153220829185
198831153657032704
198831153799626755
198831154755944448
198831154785296386
198831155544465409
198831155821285379
198831156123279360
198831155867418624
198831156450430976
198831156727255040
198831156936978432
198831156911804417
198831156593041409
198831157150887936
198831156681129986
198831157310267392
198831157343825923
198831157561917440
198831155632537601
198831157910061058
198831157947805696
198831158279147520
198831158606299137
198831158853767168
198831159621324801
198831159902355456
198831158987997184
198831160300814336
198831159927508994
198831160963497984
198831161441656832
198831161785593856
198831161810763776
198831161915621376
198831161844305920
198831161680723971
198831161471021056
198831162536361985
198831163681419264
198831163865960449
198831163962425344
198831163891134465
198831164289581056
198831164058894337
198831164478337027
198831162825768961
198831164566405121
198831164885172224
198831164973264897
198831165212336130
198831165292036097
198831165606596610
198831166323822593
198831165879238658
198831165975703552
198831167762464770
198831167988957184
198831167783440385
198831167133323265
198831168651665411
198831167355629568
198831168928489472
198831171067580416
198831171063386113
198831171247935488
198831171201806337
198831171285696513
