198837462779428866
198837462880104448
198837463085617152
198837463035289602
198837463039488002
198837463249199106
198837462892687360
198837463127572480
198837463056269313
198837463505059843
198837463114973185
198837463370829824
198837463479881729
198837463911895040
198837463987396608
198837463534407681
198837464213880834
198837464138387458
198837463551197184
198837464079663104
198837463760908288
198837464499097600
198837463060447232
198837464780111872
198837465530892288
198837464834654208
198837465635762178
198837465191161856
198837465539293186
198837465262473216
198837465732222976
198837465539297280
198837465291829248
198837465384108032
198837465287626752
198837465962905600
198837465988075522
198837465635753984
198837465992269825
198837466139070465
198837466189402112
198837466151661569
198837466260709376
198837466050994176
198837466424287234
198837466281680896
198837466520756225
198837466600439808
198837466399125504
198837466193596416
198837466181017600
198837466088742914
198837466667565056
198837466302660608
198837466348781568
198837466835320832
198837466923409408
198837466965348352
198837466982133762
198837467187642370
198837467196047360
198837466743054337
198837466965360640
198837467120541697
198837466885668864
198837460313182210
198837466852098048
198837467766456320
198837467481260032
198837467556757504
198837468110389248
198837467984576512
198837468068458496
198837468181696512
198837470186586112
198837469532274688
198837469066698754
198837469939118082
198837469276422144
198837470153031682
198837469372882944
198837469494517760
198837469616160769
198837470098505731
198837470635360260
198837470698283009
198837470631174144
198837468760514560
198837470555676673
198837469284798465
198837469981061122
198837470803144705
198837470765391874
198837468781494274
198837470723452928
198837469964288000
198837469767143424
198837470769586176
198837469305769986
198837470522114049
198837469658095617
198837471117717504
198837470777982976
198837469695844353
198837469913956352
198837471310647296
198837471369379840
198837468773093376
198837470153019393
198837471272902657
198837468370436096
198837471415504898
198837470748622848
198837471327428609
198837470937358338
198837470643757056
198837471474229248
198837471809765377
198837471784611840
198837470748618754
198837470874439682
198837471776215040
198837470937350144
198837469347708928
198837474146000896
198837473357475840
198837474141802497
198837474259243008
198837474368303104
198837473655267330
198837474317975553
198837474338938880
198837474359910400
198837473755922432
198837473755930624
198837474397659137
198837474393468929
198837474334748672
198837473244221443
198837474510909440
198837473953058816
198837474217295874
198837474301198336
198837474330554371
198837474762559491
198837474934538241
198837474930339841
198837473940471808
198837474959704064
198837475169411072
198837475332993024
198837475152637953
198837475249106944
198837475186180097
198837474783539201
198837475295240193
198837475563675648
198837475601428480
198837474565427201
198837475748229120
198837475639173122
198837475672727552
198837475802759169
198837475567861760
198837475303632896
198837475924381697
198837475454627840
198837475844702208
198837475517538304
198837476213792768
198837476255744001
198837476415123456
198837476461256705
198837476356390913
198837478105423872
198837477648240641
198837477652443138
198837478067671041
198837478235439104
198837477946036224
198837477862162432
198837478545829890
198837477828603904
198837478822653953
198837477891514368
198837478772322305
198837478789103617
198837478810066944
198837478931697665
198837479011401728
198837479011397633
198837478440964097
198837479007203328
198837479007207426
198837479023984642
198837479036563456
198837478671659008
198837478399016961
198837479405649920
198837479422435328
198837478826840065
198837479200145410
198837479137230848
198837479091085313
198837479770566657
198837479741206528
198837479770554368
198837479485353985
198837479955103744
198837480114495488
198837480164827136
198837479938338816
198837479854456832
198837480332603392
198837480450039808
198837480068349953
198837480156446722
198837480093523969
198837480450043904
198837480093519873
198837480659763201
198837480714285056
198837480911413248
198837480823328768
198837482396192769
198837482417176576
198837481657999360
198837482601709568
198837481045630976
198837482689794050
198837482580742144
198837482090004480
198837481880293378
198837482295525377
198837482429751296
198837483008569345
198837481792208896
198837483138592768
198837483201503233
198837483356700672
198837483356692481
198837483436380160
198837482907893760
198837483545444352
198837483637706752
198837483348299778
198837482874343424
198837483562221569
198837483763535872
198837483373461504
198837482463309824
198837483407032320
198837483776131072
198837483117617153
198837484027785217
198837484027772928
198837483377655808
198837483755159553
198837484451414016
198837484384288770
198837484371709952
198837484568842241
198837484489150464
198837484677890048
198837484384296960
198837484443025408
198837484887609344
198837484849864704
198837484745003009
198837483662884864
198837484283637762
198837485105713152
198837485009240064
198837485315428352
198837486670196736
198837486598897665
198837486057828353
198837486821183488
198837486280126465
198837486779244544
198837486322065409
198837486917652480
198837487064465410
198837486993149954
198837486556950528
198837486569537537
198837487102214144
198837486640832513
198837487043485697
198837487219650560
198837487316123648
198837487538421760
198837487626489857
198837487756521472
198837487144153088
198837487672639490
198837487278358528
198837487601332224
198837488058499072
198837488041734145
198837488146595842
198837488016556034
198837487739736066
198837488154968065
198837488121413633
198837488301776897
198837487622295552
198837488184340480
198837488322756609
198837487701991424
198837488079478785
198837487655845888
198837488519884800
198837488599580673
198837488599568385
198837488624742401
198837488805093376
198837488918343680
198837489023188992
198837488494714880
198837489165807616
198837487991402496
198837489308418049
198837488687648769
198837490679939072
198837490747052032
198837489996267521
198837490822561793
198837490960965632
198837489757192193
198837490503782404
198837491086790656
198837490994524160
198837491195846656
198837491107762177
198837490994511873
198837490822549505
198837491569135617
198837491132932096
198837491636248579
198837491304898560
198837491401359360
198837491560755200
198837489929162752
198837492038897664
198837492177309697
198837490361180161
198837492055678976
198837491514605568
198837492194099200
198837492387028992
198837492106010624
198837492391231488
198837492093423616
198837492517048320
198837492378632193
198837492399603714
198837492651266049
198837492156342274
198837492823228416
198837492760313857
198837492848410624
198837492735160321
198837492416380928
198837492907126785
198837492760330242
198837492932280324
198837492374437888
198837492219260928
198837492806467584
198837493091672064
198837491871121409
198837492588351488
198837492483502080
198837495142686720
198837495230767105
198837495222382592
198837495276900352
198837494995886081
198837495314644992
198837495104946177
198837495050403841
198837495293689859
198837495671173120
198837495868301312
198837496052850688
198837495981555714
198837496329678849
198837496510029826
198837496510029825
198837496535203840
198837496589725696
198837496220626945
198837496786862080
198837496874930177
198837496929464322
198837496862347264
198837496786849792
198837496853954561
198837497097232384
198837497063677952
198837496967208960
198837495348199424
198837494085713921
198837497118212096
198837497189498880
198837496438718464
198837497168527360
198837496983982080
198837497260802048
198837497298550784
198837497369866240
198837497466335232
198837497587957760
198837497646694402
198837497768325123
198837497185308672
198837497214668801
198837497424384002
198837496786845696
198837497558597632
198837497550209024
198837498116440064
198837498015780864
198837499165032448
198837499026608129
198837499437645824
198837498783338496
198837499395706881
198837499655757825
198837499672543232
198837498913357826
198837499882250240
198837497130786816
198837499232129024
198837499848704000
198837499869671426
198837499802558467
198837499609612288
198837499672530945
198837499764809728
198837500138102784
198837500217802753
198837499328606208
198837500440096768
198837500377169920
198837500507201536
198837500226187264
198837499991302144
198837500582699008
198837500536569856
198837500033245185
198837500008083457
198837500926623744
198837501060857856
198837501140549632
198837500280717313
198837501207646208
198837501182476290
198837500729499648
198837501425754112
198837501123756032
198837501119561729
198837501346058240
198837501295722496
198837501836800000
198837501891325952
198837501341863936
198837502025543680
198837502012952577
198837501979410432
198837501681598464
198837500742086656
198837502256230404
198837503313190912
198837503464177664
198837501731938305
198837503682285568
198837503594213376
198837503552262147
198837503720046592
198837503703257088
198837503296413699
198837503816499200
198837503782948864
198837503841673216
198837503317377024
198837503376109568
198837503959121921
198837504005242880
198837504256913408
198837503615180801
198837504231747584
198837504311431169
198837504462438400
198837504370155521
198837504475009024
198837504550514688
198837504655368192
198837504395313153
198837503686475776
198837504433065985
198837504340787201
198837504923803648
198837504902840321
198837504735068160
198837504839913472
198837504869273600
198837504911216640
198837504709885952
198837505116741632
198837505397751808
198837504928002050
198837504957362176
198837505590697985
198837505754279937
198837505968193536
198837505989148673
198837505192239104
198837505246765056
198837505569734656
198837506114977792
198837506169520130
198837505624244225
198837507549446144
198837507083862016
198837506920288257
198837507473948672
198837507553624064
198837507616555008
198837503770361857
198837507994042371
198837508128251905
198837508195368961
198837508258267136
198837508056956928
198837508333780993
198837508321189889
198837508207947776
198837508476383232
198837508262461440
198837507725590528
198837508132442113
198837508581244928
198837508736434177
198837507629133825
198837508111482880
198837508732231681
198837508421849088
198837508962918401
198837508895801345
198837508551884802
198837508853870593
198837508937760768
198837507809480704
198837509193609217
198837509239734275
198837509214576641
198837509411708929
198837509373952000
198837509243936768
198837509503991809
198837509629812736
198837508887425024
198837509537533952
198837509545918465
198837509654974464
198837509281681408
198837509302665217
198837509273296896
198837509319442432
198837509550129152
198837510091194370
198837509650784257
198837511861186560
198837511685029888
198837511735353344
198837511668240384
198837511894745089
198837511206875136
198837511936679936
198837512028954624
198837511919902720
198837512117043200
198837511529828354
198837512393854976
198837511647268865
198837512301584384
198837512511291392
198837512486137856
198837512020561920
198837512595185665
198837512641314816
198837511995396097
198837512754573315
198837511940878336
198837512607764480
198837513090105344
198837512419024897
198837512096071680
198837513228521472
198837512561635328
198837513249492993
198837513392111617
198837513404690432
198837513631186944
198837513354358786
198837513798946817
198837513849278465
198837513505345536
198837513614405632
198837513316605953
198837514121904129
198837513484369921
198837514285481985
198837513236914176
198837513761193985
198837514532950016
198837514453262336
198837514012868608
198837514662977538
198837514658791425
198837514834944000
198837514830749696
198837515858358273
198837515485065217
198837515464081409
198837515992571905
198837515719938048
198837516047097857
198837516164542464
198837516445552642
198837515732533249
198837516453941249
198837516512661505
198837516000968704
198837516521058305
198837516827246592
198837516764319744
198837516319719425
198837515556364288
198837516604944384
198837516223262721
198837516919521280
198837517376684033
198837516789493760
198837516030312449
198837517385076737
198837516789497856
198837517485740032
198837517112459265
198837517489942529
198837517628350464
198837517481541633
198837517737410561
198837517653512192
198837517787742208
198837517754175488
198837517745790977
198837517867417602
198837517926141954
198837517951320065
198837518085525504
198837517737406466
198837517959696385
198837518282657792
198837518307819522
198837517317976064
198837518370738177
198837517896794113
198837517674487809
198837518173609984
198837518567882752
198837518806953984
198837520279150594
198837520388202496
198837520396587009
198837520438534144
198837520442720256
198837519868112897
198837520509837314
198837520228823041
198837520635666432
198837520530800642
198837520849567745
198837520941850627
198837520534999041
198837520761495554
198837520753115138
198837520530812929
198837521210281984
198837521189306369
198837520799240193
198837520774070273
198837520727932930
198837521424199682
198837521713598465
198837521491304448
198837521688432640
198837519087968256
198837520576954369
198837521344495619
198837521252220928
198837521252220930
198837521176735744
198837520967008258
198837521847812097
198837521822654464
198837522032361472
198837521323540480
198837522061725697
198837521923325954
198837521617133568
198837520832798721
198837522267258881
198837522267258880
198837518244917251
198837522359517185
198837521453547520
198837521986236416
198837521667457029
198837522414051329
198837522623770624
198837522560851968
198837524272128000
198837523785592833
198837524095967233
198837523886252035
198837524477640704
198837524574121984
198837523915612160
198837524515405824
198837524146298882
198837524582506496
198837524649607168
198837524423122944
198837524838354945
198837524939026432
198837524947402752
198837524913864706
198837525048070144
198837524712529921
198837525316501506
198837525215854594
198837525396201472
198837525144547328
198837524150493184
198837524871913472
198837525341679616
198837524968390657
198837525270376449
198837525652058112
198837525664632832
198837525077438464
198837525299724290
198837525807243264
198837525937270785
198837524326662144
198837525949853696
198837526000177152
198837525735931905
198837525480087552
198837526067290112
198837526004383745
198837526281195520
198837526172151808
198837525501054976
198837526188916737
198837526184730625
198837526079881217
198837525765300224
198837526016962560
198837526335721472
198837526713212928
198837528667766784
198837528617418752
198837528428683265
198837528818745344
198837528474824706
198837528667762688
198837528881668096
198837528692924416
198837528734863361
198837528885866497
198837529015881730
198837529045254144
198837529242386434
198837522254667776
198837528097341440
198837528294469633
198837527505940481
198837529368207361
198837524603482112
198837529712144384
198837529573724161
198837529070411777
198837529506611200
198837529317871616
198837529712132096
198837529938636801
198837529632440320
198837530009931777
198837529515008000
198837529825386496
198837529254957056
198837527044571137
198837530106400768
198837530005737472
198837530332893184
198837530441945090
198837529875722241
198837529947017216
198837530643283968
198837530471309312
198837530127368192
198837530743947264
198837530437763074
198837530131578880
198837530425180160
198837530928480256
198837530613915648
198837531196932097
198837530731352065
198837531104641024
198837532681703425
198837532773986304
198837532727844864
198837532924977153
198837532979511296
198837533042409472
198837533059186690
198837533164060672
198837533122105344
198837533289877504
198837533306650624
198837532878839809
198837533369577473
198837531884797952
198837532614598656
198837533189210112
198837533466042368
198837533298266112
198837533612851200
198837533675757568
198837533726085121
198837533755441152
198837533910634497
198837533906448385
198837533939990528
198837534032265216
198837534061625344
198837534053253121
198837534111961089
198837533344411650
198837533801594880
198837534132932608
198837534292328450
198837534237790210
198837534493646849
198837534749495298
198837534753685504
198837534418153474
198837534971793408
198837535013748736
198837534581735426
198837534497832960
198837535160537088
198837533545730049
198837535173120000
198837535475109888
198837535558995968
198837535164743680
198837535588368385
198837535198281728
198837536980869120
198837536502726656
198837537047969792
198837536649523201
198837535785496577
198837537270272001
198837536951517184
198837536733409281
198837537287061506
198837537383530498
198837536926339072
198837537635176449
198837537698103296
198837533973561345
198837537811341312
198837537924583424
198837537878454272
198837538088161281
198837538062995456
198837537622593536
198837537526136834
198837538046226432
198837537723256833
198837537874255874
198837537790365699
198837537903607808
198837538520186881
198837538423701505
198837538046214144
198837538109136897
198837538570502144
198837538734096384
198837538222379008
198837538683752448
198837538599870464
198837538348204032
198837538469855232
198837539086409730
198837536162983937
198837539019309056
198837538276904960
198837537861664769
198837535533842432
198837539400974336
198837539073818625
198837539392602112
198837533570904066
198837534678192128
198837539363233793
198837537517731840
198837541263245313
198837541410050049
198837541850460160
198837541590401025
198837541900791808
198837540319531008
198837542118887425
198837541464580097
198837541615570944
198837542194388992
198837541955309569
198837542160842753
198837541686874112
198837541825298432
198837542395711488
198837541980475393
198837542395719682
198837542391525377
198837542714482690
198837542592856064
198837542580264963
198837542915817475
198837542471221249
198837543075196928
198837542806753280
198837543226191873
198837542487990272
198837543058415617
198837543230390272
198837541460393984
198837543104552961
198837538234974208
198837542907416576
198837543331053569
198837543570116609
198837543603666944
198837543393951744
198837543628849153
198837543784022018
198837543830159360
198837543452688384
198837543830159361
198837543708524544
198837543712722944
198837544371224576
198837544404787202
198837544077623296
198837544522231808
198837544618692608
198837544614498305
198837545235263488
198837545025548288
198837545465954306
198837545172353025
198837545436590081
198837545520480256
198837544585150464
198837545541447680
198837545847631872
198837545042329601
198837545117814784
198837545885380608
198837545570807809
198837546220912640
198837546355130368
198837545629523969
198837546418053120
198837546392879105
198837546057342978
198837546795536385
198837546518720512
198837546946539520
198837546350952449
198837546925559809
198837546749411332
198837545981849600
198837547097534464
198837547055591425
198837546967511040
198837547089141763
198837547265302530
198837547240140801
198837547332415488
198837547365957634
198837547382743040
198837547349192704
198837547068170241
198837547516956674
198837547588272128
198837547789582336
198837547818942465
198837547919609857
198837544606109696
198837547407908865
198837548150304768
198837547173023744
198837548284526592
198837548020273152
198837548305485824
198837546862641152
198837549442154496
198837549358260224
198837549517639680
198837548892684288
198837549186285569
198837549035302914
198837549366657024
198837549467320321
198837549303730176
198837549106601985
198837550037729282
198837550096449536
198837550159380480
198837550218084352
198837550272626688
198837549433761793
198837550339731456
198837550490726400
198837550448783360
198837550394257409
198837549773500416
198837550025150466
198837550490722304
198837550436204546
198837550004178946
198837550029340672
198837550599770112
198837550805303297
198837550805303296
198837550704627712
198837550910152705
198837545033940993
198837550989848578
198837550738190336
198837547340800000
198837547961548800
198837551149228032
198837547844112386
198837551119867905
198837551224725504
198837550926925824
198837551321190400
198837551220523008
198837551035977732
198837549773496321
198837551505747968
198837551069540352
198837551442829312
198837551585427456
198837553858756608
198837553858748416
198837553334456320
198837553653219330
198837553674199041
198837554072649730
198837553359630338
198837553644843011
198837554013941760
198837554424987648
198837554097819648
198837553095393280
198837553867137024
198837554387222529
198837554508869633
198837554852794370
198837554768912386
198837554198482946
198837554919907328
198837555003785216
198837554676645890
198837554554994688
198837555121238016
198837554550804480
198837554815057923
198837555729403904
198837555507105792
198837553930051585
198837555620356097
198837555419037696
198837554865389569
198837555851051008
198837555905576960
198837553758093313
198837555825885184
198837555330940929
198837555469365248
198837555851034625
198837555511300097
198837556228521986
198837556232720385
198837555834269698
198837555746189312
198837556186587137
198837556283060224
198837555800711168
198837556304027648
198837556480184321
198837556358549504
198837556526325760
198837557797195776
198837557860122624
198837557675565057
198837557537153024
198837557998526465
198837557742665728
198837557579104256
198837558069825536
198837558153723905
198837558153719808
198837558380216322
198837558191464448
198837557851717632
198837557813972993
198837558208233472
198837557830754304
198837557033844736
198837558539583488
198837558132748290
198837558577336321
198837558153707521
198837558304714754
198837558392786944
198837558816407552
198837558824804352
198837558317301761
198837559013539841
198837559021944832
198837559072264192
198837559055491072
198837558891917312
198837558568947713
198837558422155264
198837558967418880
198837559437168640
198837558908698624
198837559856607232
198837559869190145
198837559898542080
198837559391043584
198837559453941760
198837560053731329
198837559940493314
198837559604953088
198837558464102401
198837559940497408
198837558057246720
198837560112463872
198837560028569603
198837560015978496
198837562029248512
198837562192830464
198837562276724736
198837561559486464
198837562096353282
198837561697898496
198837562285096960
198837561857282048
198837561496576001
198837562297683968
198837562515783680
198837561811156992
198837561832120320
198837562570317824
198837562528370688
198837562499022850
198837562654203905
198837561752424450
198837562834558978
198837562767454209
198837562868121600
198837562872315904
198837563040079872
198837563157520385
198837562486439937
198837563191070720
198837563291742208
198837562771640320
198837562599686144
198837563392393218
198837563375632384
198837562947813376
198837563841187841
198837563283349508
198837563694383107
198837562511593472
198837562121527300
198837563916681216
198837563975405568
198837564004777984
198837564055105536
198837564210286593
198837564222881792
198837564210286592
198837564424208384
198837563899904000
198837564524863489
198837563627278337
198837564646502402
198837564751364096
198837566387134465
198837565980295169
198837565925756928
198837566445862912
198837566517161985
198837566613618688
198837566726873088
198837566231937024
198837566831726592
198837566823342080
198837566953365504
198837566999498752
198837566865281025
198837566433263617
198837566961754112
198837566718488577
198837567163076608
198837566819155969
198837567221805057
198837567498625025
198837563916681218
198837566366158848
198837566475223041
198837566122893312
198837564147384320
198837566227759105
198837565372116992
198837567720914945
198837567704145920
198837567477653504
198837567557341184
198837567540572162
198837567968391168
198837567091777536
198837568098418688
198837568018710529
198837568169717760
198837568241016833
198837567741898753
198837568400400384
198837567884492801
198837567871922176
198837568178098177
198837568090025984
198837568601735170
198837568836599809
198837568358453249
198837568840798208
198837568568176640
198837570489155584
198837570333970434
198837570401083394
198837569390264320
198837570543693824
198837570304614403
198837570694676481
198837570325577730
198837570627584000
198837570392690688
198837570329772033
198837570728243202
198837570703065089
198837571017646081
198837569839042560
198837571042816002
198837570967322624
198837571386740736
198837571416104961
198837570975703040
198837571474825219
198837570350743552
198837571546128385
198837571055403010
198837571692929024
198837571902652416
198837571445460993
198837571969744896
198837572196245504
198837572259160064
198837572145909761
198837572372398082
198837571432878084
198837572200431616
198837571860697089
198837573072846848
198837572712140801
198837573219659776
198837571860709376
198837572837982210
198837572666011648
198837573093822464
198837573202874368
198837573081247744
198837573269991424
198837573043490816
198837572695375873
198837573064466432
198837573563584512
198837573685215232
198837574620545025
198837574272417792
198837574326956032
198837574490529793
198837574545055744
198837574977060865
198837574989643778
198837574855442434
198837573899137025
198837575111294977
198837574578614272
198837572510810112
198837574809288704
198837575178403842
198837575224532992
198837574742183937
198837575325200384
198837574901563392
198837575430062083
198837575685902336
198837575375519744
198837575434248192
198837575694290944
198837576130494468
198837575908204544
198837576214384641
198837575694295040
198837576164061185
198837576294088704
198837576348606465
198837576411525120
198837576348614657
198837575924977664
198837576608649216
198837576927424513
198837576726097921
198837577019703296
198837577271345152
198837576382156801
198837577208446976
198837577279746048
198837576562515971
198837577661415424
198837577657237504
198837577518825472
198837577845968896
198837577883721729
198837577774673920
198837578064072704
198837578089234432
198837578844221440
198837578936496128
198837578953265152
198837578605137920
198837579171364864
198837578647080961
198837578655473664
198837578735173632
198837578831626240
198837578970050560
198837579536269312
198837579368513536
198837579339153408
198837579683069952
198837579246862337
198837579838259201
198837577225207810
198837579536285697
198837579536277504
198837580110901248
198837579452391425
198837579192336385
198837580203167744
198837580052176896
198837580157034496
198837580194787328
198837580232540160
198837579473354752
198837579540463616
198837580123471872
198837580463214592
198837580417081344
198837580668739585
198837580459032577
198837580811341826
198837580270272512
198837580719079425
198837580723273729
198837580744245248
198837580270276608
198837580886847488
198837580383518721
198837580664549376
198837580379324417
198837580844896256
198837580907806720
198837580823920641
198837579599187969
198837580870074368
198837580161220608
198837582967214080
198837582501654528
198837582640062464
198837582405181440
198837583080456193
198837582983999488
198837583197913088
198837583239847936
198837582816223233
198837583600558080
198837583051112448
198837583667671041
198837583516680192
198837582119976960
198837583785111553
198837583302754304
198837583860604930
198837583663464448
198837582849777665
198837583332126720
198837583319531520
198837583936098304
198837580740034561
198837583952875521
198837584040955904
198837584057733120
198837584137437184
198837584292614144
198837584342945795
198837584082903042
198837584456204288
198837584468787200
198837584573644804
198837583982247936
198837584644943872
198837584326164480
198837585005645824
198837584900784131
198837584988880896
198837585009852416
198837581532770304
198837584892403714
198837584665915393
198837585144066049
198837585186013186
198837585014046720
198837585160843265
198837585160843264
198837585328619520
198837585295052802
198837587232821251
198837587228622849
198837586893082625
198837587304132608
198837586691768320
198837587329294337
198837587010535424
198837587685806080
198837587417366530
198837587249610752
198837587404795904
198837587568377856
198837587471908865
198837587484479488
198837588113625088
198837587975221248
198837588033933312
198837588126216193
198837587601932288
198837588109434882
198837587870351360
198837588428206080
198837588482736128
198837588507901953
198837588658892800
198837588755361792
198837588600164354
198837589141233664
198837589099290625
198837589166403585
198837589208346624
198837589229305856
198837588935708673
198837589359345665
198837589439037441
198837588759556096
198837589002821633
198837589313204226
198837589631959040
198837589665529858
198837589304811520
198837589707472897
198837589418065921
198837589799739392
198837589699067904
198837589480980481
198837589996863488
198837589598408706
198837589975900161
198837589850062848
198837591502622720
198837591607492609
198837591649423360
198837591213215744
198837591662014464
198837591297097728
198837591892705281
198837591901089794
198837591901089792
198837591980781568
198837591993360384
198837591779450880
198837591360020480
198837590361780224
198837591506829313
198837591318069250
198837591099977730
198837592265986048
198837592173707264
198837590349189120
198837592492474370
198837592563785729
198837592299540481
198837592572166144
198837592614121472
198837592245022721
198837589418061825
198837591557160960
198837592500875264
198837592886747139
198837593146802177
198837589355139073
198837593423609856
198837593448792065
198837593130020864
198837593603973121
198837593746587648
198837592932888577
198837593171963904
198837593788526592
198837590873473024
198837593918554114
198837594170204161
198837594228924417
198837594530914307
198837589623582721
198837594602221568
198837594145038337
198837594694492160
198837594589642752
198837595625627648
198837595541749762
198837595017461761
198837595646595073
198837595592069120
198837595659173888
198837595956981760
198837595956985856
198837595311050753
198837595541733377
198837595847929857
198837591737516032
198837595709521922
198837595420110849
198837596221222912
198837596326076416
198837596544176128
198837586918260737
198837596380602368
198837596892315649
198837596917469184
198837591750082560
198837597051686912
198837596917465088
198837597190098944
198837596468682752
198837597370454016
198837597458530305
198837597043306496
198837597676650496
198837597383045120
198837597819244544
198837597072670720
198837596653228032
198837597500477440
198837597596954624
198837598112845825
198837598041554944
198837598016372736
198837598163181571
198837586943418370
198837598389669888
198837598259646466
198837598360309761
198837598574219264
198837598536466432
198837599794774016
198837599949946880
198837600323256320
198837599908016129
198837600528764929
198837600537153536
198837600914649088
198837601048862722
198837601065639936
198837600981745664
198837601166303232
198837601069842432
198837601245986816
198837599815733250
198837600939806720
198837601388605440
198837600923041793
198837601162104832
198837601447313409
198837601514434560
198837601497649152
198837600998531072
198837601384398849
198837600621043712
198837601338273792
198837601745117186
198837601875140609
198837600495214594
198837601631862784
198837601120161792
198837601413758976
198837601770291200
198837601636057088
198837601979998208
198837602441363456
198837602269396992
198837602483318784
198837602055487488
198837602755940352
198837602655272962
198837602382659585
198837602395230209
198837602957275138
198837602542043136
198837602948886528
198837602969853952
198837602546233344
198837602491707393
198837603351539713
198837603506716673
198837604198780928
198837603640938496
198837604366565376
198837604140056576
198837604425269251
198837604261707776
198837604320415745
198837604530130945
198837604370747392
198837604702105601
198837604161032192
198837604840505346
198837605155086337
198837605188648960
198837605226389507
198837605150883840
198837604769206272
198837605406744577
198837605314465792
198837605188636672
198837605394161664
198837605528379392
198837605297684481
198837605503217665
198837605528383488
198837605251551234
198837605641621506
198837604962144256
198837605071196161
198837605205413889
198837605725519874
198837605977165825
198837606082035712
198837606006521857
198837606425956352
198837606530822144
198837606094610433
198837606656638977
198837606635671552
198837606807646208
198837606472089600
198837606988001280
198837607000576000
198837607042519042
198837606589534209
198837607050903552
198837607143178240
198837607063498753
198837606975422464
198837607021555713
198837608187572224
198837607763947520
198837608690876416
198837608313389056
198837608107876354
198837608829304832
198837608875429888
198837608959311872
198837608263057409
198837608783159296
198837608988688385
198837608577634304
198837608770576385
198837608682496001
198837609244540929
198837609374564352
198837608934150144
198837608976097282
198837609458434049
198837609613631489
198837609793978368
198837609743659009
198837609781411841
198837610007887873
198837609835921408
198837609059987456
198837609504575488
198837609903046656
198837609269706753
198837609705902081
198837609705910272
198837609714302977
198837609525555202
198837610079207424
198837609861103618
198837609798180867
198837610024677376
198837610330861569
198837609827549185
198837610335055873
198837610431520769
198837609965948928
198837610616078336
198837610603479041
198837610645438466
198837610389577728
198837610813210625
198837610800623617
198837610871918592
198837610947411968
198837612386066432
198837612293787649
198837612302176256
198837611849187328
198837611966640129
198837612314763264
198837611782086656
198837612079882240
198837612096655360
198837612658696192
198837612570624000
198837613069733888
198837613132644354
198837612860018689
198837612566425600
198837612755173378
198837612524478465
198837612704833536
198837613174599680
198837613388500992
198837613216542722
198837613149433856
198837612872597504
198837613342367744
198837613367541760
198837613170401282
198837612755173376
198837613392707588
198837613203959808
198837614059601920
198837614256717824
198837614281887745
198837614378369027
198837614344802304
198837614424502273
198837614525153281
198837614743261184
198837614361575424
198837613992488961
198837614000881667
198837614797799425
198837614743273473
198837614504185856
198837614458048512
198837615045255168
198837614911045632
198837614843932672
198837614617440257
198837615317876736
198837614445465604
198837616643280897
198837616400023552
198837616844619777
198837616500670465
198837617045929984
198837616513257474
198837617364705280
198837617238872064
198837617280815106
198837617427615744
198837617536671745
198837617599578112
198837617595396099
198837617628938242
198837617578622976
198837617960288257
198837618002231296
198837617922555904
198837618199375873
198837618207760384
198837618165825540
198837618111287296
198837617729601536
198837618308419585
198837618459418625
198837618463608832
198837618434244610
198837618451034112
198837618933379073
198837618757218304
198837618828517377
198837619000475648
198837619088556033
198837619063390209
198837619122114560
198837618811748353
198837618862075904
198837618828517376
198837619449282560
198837619566723073
198837618413273088
198837619575107585
198837619570909186
198837619705135105
198837619805798400
198837619185041408
198837619906449408
198837619910643712
198837619789017088
198837619864514562
198837620917272576
198837620845969408
198837621009559552
198837619059212288
198837620971814912
198837620866957312
198837621072461825
198837620904693760
198837621231861762
198837621475119104
198837621076664320
198837621626114050
198837621844213760
198837621848424450
198837621005369344
198837621881966592
198837621781307393
198837622129434624
198837621395439617
198837621907140608
198837622070706176
198837622095880192
198837622209122304
198837621722583041
198837622209130496
198837622318170112
198837622381101056
198837622263652354
198837622502723584
198837622699851777
198837622758572032
198837622964097024
198837622846664704
198837622242680832
198837621894557696
198837623131873280
198837623014436864
198837623127674880
198837622892802049
198837622750195713
198837622972485632
198837623412891648
198837623647768578
198837623551303681
198837623169630208
198837623836512256
198837623521947648
198837623714881536
198837623022825472
198837623983308800
198837625203851264
198837625216450560
198837625107390464
198837624763461633
198837624767651840
198837625551986688
198837625354846209
198837625543589888
198837625539403776
198837625652645888
198837625669423104
198837625694593024
198837625988186112
198837625266782209
198837625933664256
198837626067894272
198837625514246144
198837626172743680
198837625883336704
198837626164355072
198837626311151617
198837625652658176
198837625916882944
198837626680246272
198837626650902530
198837626697027584
198837625971425282
198837626697031680
198837626692845568
198837626155962368
198837626864799746
198837626801881088
198837627024187392
198837626474725376
198837626940293120
198837626889961472
198837627112263680
198837626558623744
198837627313586177
198837626923524096
198837627355541504
198837627674312704
198837627804332032
198837627263266816
198837627930165248
198837627879821313
198837627938537472
198837627359739906
198837627531689984
198837628030816256
198837629326852096
198837629452681216
198837629725315073
198837628781600768
198837629817593856
198837629687566338
198837629956001793
198837629519802368
198837628764823552
198837630018916353
198837629666598913
198837630287364096
198837630308335616
198837630572572673
198837630673227777
198837630262181888
198837630811635713
198837630480285696
198837630593540096
198837631214297089
198837631260426240
198837630283161603
198837630778085377
198837631327547393
198837631491129344
198837631117832192
198837631424020480
198837631344324608
198837631050719232
198837631486930946
198837631667286016
198837631440781312
198837631642120192
198837631797309441
198837631965081600
198837631356903424
198837631944105985
198837631352709120
198837632120270848
198837632095105026
198837632187371523
198837632338374656
198837632602619904
198837632648749056
198837632594227200
198837632573243392
198837632736825345
198837632602603521
198837632887828480
198837632904593409
198837633445670912
198837632908787712
198837632938151938
198837632845873152
198837633290477568
198837633709899776
198837633760247808
198837633680556032
198837633701527552
198837633835732993
198837631780519936
198837633110130688
198837633965752320
198837633139478528
198837631478546433
198837634129338368
198837634137718784
198837633395335171
198837634318077953
198837634192244738
198837634250969090
198837633944784897
198837634469068800
198837634506833922
198837634079010816
198837633571495939
198837634120953858
198837634603302912
198837634758488065
198837634234200064
198837634989174785
198837634951413761
198837634943041536
198837634976579584
198837635232436224
198837635207278592
198837635211472897
198837633470824448
198837635018526723
198837635307945985
198837635396026368
198837635484094464
198837634792030208
198837635001761792
198837634099978240
198837634758475776
198837635454738434
198837635702202368
198837635135963136
198837635731570690
198837637514141696
198837637539307522
198837637560274944
198837637652557825
198837637790961664
198837637681913856
198837637950349312
198837638017454080
198837637476388864
198837638227169280
198837638130700288
198837638101344256
198837638445281280
198837638755663874
198837638818562048
198837638269112320
198837638805983234
198837638877282306
198837639015706624
198837638533353473
198837639359627264
198837639388995584
198837638864711680
198837639384805376
198837639443513344
198837639401582592
198837639426740224
198837639053443072
198837639674216450
198837639485472769
198837639468687362
198837639913275392
198837639959429121
198837639380615168
198837640102031360
198837639418359810
198837639296716802
198837640118804480
198837640408211456
198837640324333568
198837640332713985
198837639955230720
198837640882167808
198837640773111809
198837640865386496
198837640458547202
198837640525656064
198837640865390592
198837640898949120
198837640865398784
198837641796534272
198837641725214720
198837641716826113
198837641536479232
198837641926545409
198837641280626688
198837641909764096
198837641326759936
198837641758781440
198837642236932096
198837642333392896
198837642241122305
198837642429865987
198837641846861824
198837642375344129
198837642606026752
198837642740236289
198837642647969792
198837642819936256
198837642148855808
198837642824134656
198837640794083328
198837641523900417
198837643214209026
198837643365187586
198837643449073664
198837643398750210
198837643482636289
198837643163877376
198837643587493888
198837643486838784
198837643767844864
198837643923042304
198837643923038208
198837643155472384
198837644153716737
198837644170493954
198837643885281280
198837644384415745
198837642815741952
198837644560568320
198837644606705664
198837644686405632
198837644036280320
198837644241801217
198837644657045504
198837644384403457
198837644543803393
198837644900311040
198837644803846145
198837645932109824
198837645839843328
198837645890174976
198837644292132864
198837645491712002
198837646108266496
198837646309593089
198837643419725825
198837646364131328
198837646406070272
198837646280228864
198837646649344000
198837646775164929
198837646737424384
198837646884212737
198837646955515904
198837646867431425
198837646594813952
198837646032764928
198837647098118144
198837647026831360
198837647232352258
198837647232352257
198837647291060224
198837647358177280
198837647244926976
198837647769214976
198837647421083650
198837647991504896
198837648150896640
198837648079585281
198837648025063424
198837648356425728
198837648331259905
198837648394174464
198837648574513152
198837648465461248
198837648553541632
198837648054419457
198837648259952642
198837646498344962
198837648901685248
198837648947814402
198837648834568193
198837648834568192
198837649228824576
198837648939417600
198837649413378048
198837649497260033
198837649568575489
198837650185134081
198837649962835968
198837650105434114
198837650130612224
198837650315149313
198837650424209409
198837650436784128
198837650440986624
198837650562629632
198837650541645825
198837650436788225
198837650734592001
198837650722013185
198837650684260353
198837650822664192
198837650495508480
198837650856218625
198837650864607233
198837650466144256
198837651116261378
198837651019800576
198837651116265473
198837651032383488
198837649589534722
198837651212742657
198837650835243009
198837651359535105
198837651258871810
198837651284045825
198837651481178112
198837650159960067
198837651481178114
198837651657326592
198837651716046848
198837650256437249
198837651539902464
198837652009660417
198837651321794560
198837652034822145
198837652018049024
198837652240351232
198837652173234176
198837652194205697
198837652089356290
198837652248731650
198837651871248384
198837652001271811
198837652395528192
198837652508782592
198837652571693056
198837654324912131
198837654224240641
198837654366851073
198837653729329152
198837654635282432
198837654266195968
198837654438150145
198837654412988418
198837654266183680
198837654903730176
198837654291353600
198837655063105536
198837655021170688
198837655155388417
198837654622699522
198837655100866560
198837655193128961
198837654689824768
198837655176347650
198837654878552064
198837655356710912
198837655256043520
198837655365099520
198837655516086272
198837655587393536
198837655599984641
198837654282977282
198837655566430210
198837655256039424
198837655901974530
198837655914561536
198837656229122048
198837655402840064
198837655956504577
198837655906164737
198837656388509696
198837656405295104
198837656480792576
198837656522727424
198837656543694848
198837655729995776
198837656627576832
198837656698884097
198837656845697024
198837656845692928
198837657210589185
198837657281900544
198837657344815104
198837657223184384
198837656979906560
198837658653437952
198837658619887617
198837658355630080
198837657957187584
198837658921877504
198837658137526272
198837658854752257
198837659093843971
198837658414354434
198837658863153152
198837659286781955
198837658678599680
198837658787647488
198837659290968065
198837659538432001
198837659773321216
198837659672645632
198837659261612032
198837659798478849
198837660104671232
198837660016590849
198837659366469634
198837659605532673
198837660398260224
198837660318568448
198837658284343296
198837660918366208
198837660230488065
198837661253906432
198837661354561537
198837661329391616
198837661358768128
198837661513953282
198837661669138432
198837661807554560
198837661740441600
198837661237133314
198837661996302337
198837661778182144
198837661627187201
198837662281515010
198837661811744768
198837662298284032
198837662302482433
198837662508007424
198837662218584065
198837662654808065
198837662684160001
198837662654808066
198837662726098945
198837661958541314
198837662969372673
198837662600278016
198837662277312513
198837663183282177
198837663539798016
198837663019708416
198837663061651456
198837662533173249
198837663829204992
198837663728537600
198837661748822016
198837664126992384
198837664156352512
198837663896309760
198837662839353344
198837663334285312
198837664051494912
198837663833407488
198837662390566912
198837663569154048
198837664298967042
198837664336723970
198837663808225280
198837664504492034
198837664554811393
198837664336723969
198837664751955970
198837664408010755
198837664588382209
198837664449957888
198837664491913217
198837665238487043
198837664034725889
198837665347551232
198837665473380352
198837665595015168
198837665825697792
198837665536286721
198837665506926593
198837665708261376
198837665804730368
198837665888608257
198837665485959168
198837665234296832
198837666039611393
198837666895237120
198837666324824065
198837666765221888
198837667100758016
198837667176259585
198837666278682625
198837666664546305
198837666865876995
198837666857500672
198837666932989953
198837667331452930
198837667457269760
198837667344027648
198837667608276993
198837667226587138
198837667658596352
198837667834761218
198837668010934273
198837667885088768
198837667486638080
198837667994152960
198837668099010560
198837667482443776
198837668212256768
198837667469852672
198837667637637120
198837667973185537
198837668535209985
198837668694601728
198837668648456193
198837668824621056
198837668640079872
198837668874956801
198837668518432769
198837669025939456
198837668895916032
198837669227274240
198837668778483713
198837668648468480
198837669441183744
198837668786864128
198837669223088128
198837669604761600
198837669126602752
198837669558632450
198837669478924288
198837669713813504
198837669600563200
198837669168553985
198837669134995458
198837671253114880
198837671026630656
198837671450255360
198837670678503424
198837667604074497
198837671588675584
198837668157730816
198837671055998976
198837670175195136
198837671903240192
198837671517372416
198837672079400960
198837672096182272
198837672041648128
198837672452685826
198837671978733568
198837672490442753
198837672108752897
198837672477863938
198837672561741824
198837672695971842
198837672817594368
198837672918261760
198837671743864832
198837673312518144
198837672880504833
198837672536576002
198837673283162113
198837673027309568
198837673429966848
198837673417379840
198837673551593472
198837673593536512
198837673216065538
198837673731964929
198837673824231425
198837673245421568
198837673417379842
198837674059116544
198837674205904896
198837674411429888
198837674226876416
198837674356899841
198837674478546945
198837674528874499
198837674415624192
198837673958457344
198837674545651712
198837675510337537
198837675321589760
198837675069943808
198837675317399552
198837675082526721
198837675069939712
198837675711664128
198837675954929665
198837675212546049
198837675992678401
198837675581648896
198837676034629632
198837675711668225
198837676059795456
198837675875241984
198837676412108800
198837676122701824
198837676638609411
198837676747657218
198837676584075266
198837676835741696
198837676751859713
198837676609241088
198837676860899329
198837674826670080
198837676282093568
198837675137052672
198837676512776192
198837677041254401
198837676550537216
198837676504387585
198837677318078466
198837676508585984
198837676932218880
198837676961566720
198837677255180289
198837676722495490
198837676953182209
198837677389398016
198837677397770241
198837677557170176
198837677380997121
198837677615878145
198837677913686016
198837677284528128
198837677771063296
198837677385203712
198837677594902528
198837678135980035
198837677628456960
198837679432011777
198837679511715840
198837679587209216
198837679515910144
198837680002449408
198837680224743425
198837680128262144
198837679759171584
198837680098918401
198837680166023168
198837680669331456
198837680648359936
198837680799358976
198837679956295680
198837680530927617
198837681206198272
198837681210404864
198837681202008064
198837681394946048
198837680858071040
198837681139093504
198837681751465989
198837681726296064
198837681814388736
198837681927622656
198837681621450752
198837681894068224
198837682087006209
198837682078625792
198837681982152704
198837681650810880
198837680967139329
198837682271551490
198837682351243264
198837682368032768
198837682024095744
198837682275753984
198837682317701120
198837682569347072
198837681432690688
198837682632269824
198837682774884352
198837682489667584
198837682581929986
198837682464489473
198837683022348291
198837682980397057
198837682519027712
198837682665828352
198837682783256576
198837683643092992
198837681751461888
198837683123011584
198837682779078656
198837682825216001
198837683299172352
198837683416596480
198837683605348352
198837683752140800
198837682913284096
198837683869593600
198837684062519296
198837682519019521
198837683987025920
198837683374653442
198837683357876224
198837682569355266
198837684247085056
198837684213518336
198837681675960323
198837684289024000
198837684305801216
198837683953483776
198837683341115392
198837684456783874
198837684028964866
198837684494540802
198837684511313920
198837683945091072
198837684611977216
198837684603584513
198837684821688320
198837684054130688
198837684934934528
198837684284817408
198837684481949697
198837684981084162
198837683265613824
198837684901388290
198837684976889856
198837685106917377
198837684683288576
198837685081735169
198837684565852162
198837684028981248
198837685157249024
198837685278871552
198837684897198081
198837685488586754
198837684960100352
198837688030339072
198837687233417218
198837688223281153
198837688198107137
198837688374267906
198837684486144002
198837687929679872
198837688613343232
198837688625938433
198837688546238464
198837688571408384
198837688072278017
198837688630124544
198837688328138752
198837688932110336
198837688252641280
198837689028583425
198837688575598593
198837689192153089
198837689343152129
198837689410265088
198837688688840704
198837689573838849
198837689250877441
198837689099890688
198837689087311872
198837689452216320
198837689158598656
198837689619988480
198837689846472704
198837689804521474
198837689775173632
198837690425290752
198837690278490112
198837690714689536
198837690337206272
198837691037650945
198837690609831936
198837690509176832
198837691037650946
198837691348033536
198837690903437312
198837691188645888
198837691406757888
198837691444502529
198837691025080320
198837691788431360
198837691826180096
198837691998146561
198837692065259520
198837691964600320
198837692073644032
198837691876507650
198837691687780353
198837692241412096
198837692287561729
198837692233023488
198837692354670592
198837691977170944
198837691780050945
198837692409196544
198837692233039872
198837691952017408
198837692170108928
198837692518248449
198837692597932032
198837692627288067
198837692472115201
198837692564377600
198837692950257665
198837692962840576
198837692497272832
198837693080281088
198837693348724736
198837692560179200
198837693306777600
198837692962844675
198837693470347264
198837693180944384
198837693218697217
198837693159964672
198837693717811200
198837693654900738
198837693755572224
198837693294190592
198837693449388032
198837694091116544
198837693529067520
198837694372134913
198837694426660864
198837694552473600
198837694514733056
198837693969477632
198837694611206146
198837694275661824
198837694929973251
198837695047413760
198837694837698560
198837694787358721
198837696259563520
198837695601049601
198837695831740418
198837696402161664
198837695538151424
198837695466844160
198837696662208512
198837696003719168
198837696746098688
198837696804814848
198837696926466049
198837696867741696
198837696783855616
198837696997765120
198837696372805632
198837697039695872
198837696993570816
198837696859348994
198837697308131329
198837697584963585
198837697131986944
198837697505280000
198837697312337922
198837697329115136
198837698096676864
198837698197331968
198837698126024706
198837698264444928
198837698201518080
198837698109243392
198837698411241472
198837697710788609
198837697924694018
198837697815658496
198837698704842753
198837698725818368
198837698100854784
198837698725814273
198837699027808256
198837699044581377
198837699233325056
198837699199762432
198837699455619073
198837698348322816
198837699388518401
198837699711471617
198837696616087552
198837699132665858
198837699870855169
198837699338186752
198837700445478912
198837700516786176
198837700495814656
198837700319657984
198837700189630467
198837700290297856
198837700751667201
198837699845701632
198837700588093440
198837700520968192
198837700923621376
198837700353208322
198837700575506434
198837700760047616
198837700369977346
198837701250793472
198837701468880897
198837701473079296
198837699925393408
198837701376606208
198837700713922560
198837701615685633
198837701674418176
198837701707956224
198837701842190337
198837701414354946
198837700965568512
198837701926072320
198837702056091649
198837702026731520
198837702282579968
198837702383251457
198837699409477632
198837702538432513
198837702626516992
198837702492291076
198837702311944192
198837702165151745
198837702286786561
198837702135775234
198837702869790723
198837702823649282
198837702458744832
198837702655877121
198837703301795840
198837703234691072
198837703331160064
198837703368904705
198837703448604672
198837703436009473
198837704606228482
198837704723668992
198837704950153216
198837704773992449
198837705063415809
198837705096970240
198837705273118720
198837705222787072
198837705289900033
198837705302487040
198837705424109568
198837704996298752
198837705491234817
198837705474449408
198837704966934528
198837705466068992
198837705109549058
198837705298280448
198837705789014017
198837705809997824
198837705742880768
198837705822576640
198837705898082305
198837705617063936
198837705994543104
198837705797402624
198837704945975296
198837706049077249
198837705461874689
198837706103590914
198837706166501376
198837705860333571
198837706200072192
198837706233618432
198837706464296960
198837706330083328
198837706283958273
198837706292346880
198837705659002880
198837705822580737
198837706854379520
198837706581745664
198837706812424192
198837706661441536
198837706619498496
198837707277996034
198837707307360256
198837706682417152
198837707303157760
198837707424796672
198837708817301506
198837708825706496
198837709043793920
198837708305600513
198837708880232448
198837708196552705
198837708708257793
198837709224165376
198837709345792000
198837708708265984
198837709349982208
198837709467435009
198837709194792960
198837709631000576
198837709475815424
198837709505175553
198837709178011648
198837708968312832
198837709794586624
198837709782007809
198837709761032193
198837709182214145
198837709664567297
198837709547122689
198837709861683201
198837709777813504
198837709425487872
198837709769424896
198837709559693314
198837709542932480
198837709698105344
198837710318878720
198837710377586688
198837709685538816
198837710495039488
198837710587301888
198837710436306944
198837710641840128
198837710666993664
198837710385983489
198837710067220480
198837710918664194
198837711023517696
198837711031894016
198837711174500352
198837710734102530
198837710864130049
198837710591496192
198837711291944960
198837709421297664
198837713015812096
198837712353099779
198837713175183360
198837713334571009
198837712814477312
198837713636560896
198837713745612800
198837713946939393
198837713946939392
198837713393287169
198837713472987137
198837714076962816
198837713464606720
198837714186010626
198837714278285313
198837713779171328
198837713837895682
198837714362179584
198837714194411520
198837713460404224
198837714139889664
