198837714420908032
198837714685145088
198837714508984320
198837714613841920
198837714521567232
198837714722897922
198837715112964097
198837715242983425
198837714777419777
198837715188465664
198837715297517568
198837715242975232
198837715293319168
198837715209437184
198837715431727104
198837714999709696
198837715440119809
198837715658215424
198837715226202112
198837714903252993
198837715784044544
198837715700162560
198837715465285632
198837715872129024
198837716123779072
198837715402362881
198837716237037568
198837715930853376
198837715834376194
198837717273030657
198837716866179072
198837715884720128
198837717403045888
198837717415641088
198837717021360129
198837716954259457
198837717734408192
198837716471910402
198837716941680641
198837717428219904
198837717889593345
198837717667291136
198837717688270848
198837717122023425
198837717994438656
198837717751185408
198837717684072448
198837718107684865
198837717440806914
198837718585843712
198837718137044992
198837718367748097
198837718250307584
198837717700849664
198837718736846848
198837718611013632
198837718627790849
198837719017861120
198837719202406400
198837719206596608
198837719684755456
198837719311458304
198837719470841857
198837718711668736
198837719185625089
198837720699768833
198837719298871296
198837720280334336
198837720968200194
198837720586522624
198837720435535872
198837721333104640
198837719575695361
198837720083206144
198837720762691586
198837719735087104
198837721471516672
198837721156943872
198837721475715073
198837720821407745
198837721609936896
198837721677041664
198837721752543232
198837718497755137
198837721119195136
198837721043709952
198837720955621376
198837721198903296
198837720875925504
198837722041954304
198837722092277760
198837720955629568
198837722339737602
198837722239074304
198837720720740352
198837720771076096
198837721463132160
198837722524299264
198837719936401408
198837721911926784
198837721454755840
198837722549469184
198837719240151042
198837722725625856
198837719261134848
198837722167783424
198837722633338881
198837719995129856
198837722885009408
198837720989188096
198837721765134336
198837721731563520
198837722444603392
198837722037764097
198837721979027456
198837723593842688
198837723556102144
198837721517666306
198837722889195521
198837723577057280
198837722721435649
198837723740651521
198837723644166144
198837722914373632
198837723962933249
198837722499125248
198837726282391552
198837726353698816
198837725716156416
198837726571802624
198837726575992833
198837726521470978
198837726567608320
198837726194315266
198837726525657090
198837723883245569
198837726366273536
198837727066722306
198837727037362176
198837726626324480
198837726374674432
198837726538248193
198837727196758017
198837727179976707
198837727343542273
198837727410655232
198837726722785283
198837723656757248
198837727301615616
198837727200952321
198837727549063170
198837727519703040
198837727557455874
198837727620370434
198837727410659329
198837727687479296
198837727649742848
198837727620370432
198837726949277696
198837725951033344
198837727221923842
198837724592078848
198837727448399873
198837728136273920
198837728085938176
198837728044003328
198837727955910656
198837728325013504
198837728396328961
198837728140464128
198837728748646402
198837728513761281
198837728828338177
198837721601548289
198837729100972033
198837729184854016
198837729956610048
198837730082422784
198837729574928384
198837729621065728
198837730074042368
198837730334081024
198837729809797121
198837729763659778
198837730472493057
198837730522836992
198837729210015744
198837729990160385
198837730971615235
198837730824818689
198837730862575618
198837731055509505
198837731181334528
198837730535407616
198837731038728194
198837731328147456
198837731361693696
198837730573172736
198837731449782272
198837731311370242
198837730778689536
198837731395239936
198837731378466816
198837731453976577
198837731160371200
198837731491713027
198837730921287682
198837731458170881
198837731508490241
198837731642707969
198837731533660160
198837731663679488
198837731848224769
198837731806298112
198837731076476929
198837731961470976
198837731927916545
198837731961479168
198837731546234881
198837731902750720
198837731445571584
198837731537850371
198837732334772225
198837732351541248
198837731906961408
198837732376719361
198837733966352385
198837732980690944
198837733609844737
198837733957971968
198837734272544769
198837733874073600
198837733651775490
198837734301908993
198837734440304640
198837734540976128
198837731349118976
198837734662606851
198837734121545729
198837734922661889
198837734285119490
198837734813614080
198837735048491010
198837734763278337
198837734629056513
198837734293520385
198837735337885697
198837735430172673
198837735480508417
198837734729719809
198837735576973312
198837735342096384
198837735870570496
198837735564386304
198837735941873664
198837736063504384
198837735727968257
198837735862173696
198837736357113856
198837736235483136
198837735140769793
198837736499716096
198837736508112897
198837736243855360
198837735744749568
198837736591998976
198837736386473984
198837736201924608
198837736193527808
198837736784932865
198837736860430336
198837736562630656
198837736944320513
198837737061748736
198837737032384512
198837738378772480
198837738366189568
198837738114531328
198837738282287104
198837738508779520
198837738668179456
198837738533949442
198837738714300416
198837738873700352
198837738311655424
198837738940801024
198837738525569024
198837739163107328
198837739242786817
198837739238604802
198837739377000448
198837739431534594
198837739498647552
198837739788042240
198837738907242497
198837739423141889
198837739565756419
198837739980988416
198837740001968130
198837740001968128
198837738487816192
198837739913879553
198837738777219072
198837740123602945
198837740236845056
198837740199100416
198837739888721921
198837739423137792
198837739532206081
198837740333301760
198837740148760577
198837740597542912
198837740551417856
198837740324925440
198837739901304835
198837739926454273
198837740865994752
198837740761137152
198837740819845120
198837740819845122
198837741054738434
198837740136177664
198837740446547968
198837740702416897
198837740438175745
198837742392709121
198837742531117058
198837741797126144
198837742468218881
198837742103302144
198837742296240128
198837742438850560
198837742921187328
198837742522736640
198837742501773312
198837743281905665
198837742325608449
198837742786969601
198837743361593345
198837743437099011
198837743411924992
198837743319646208
198837743734890496
198837743709728770
198837743114133506
198837743751675904
198837738701733888
198837743177039873
198837741272834048
198837744053661697
198837743676162048
198837744494059520
198837740882755587
198837744984793092
198837744275951618
198837744955441153
198837744368222209
198837744489865216
198837745127391232
198837745131601920
198837744682803200
198837744728944641
198837744997384193
198837745551024130
198837745576181760
198837745718800384
198837745597153280
198837744930267137
198837745664274434
198837745144168448
198837745207091200
198837744624074752
198837745878183936
198837745362276352
198837746037555200
198837746943524864
198837747165835265
198837747237138432
198837747400712192
198837746536681474
198837746578632704
198837747245514753
198837747132284928
198837747136462852
198837747115507713
198837747685920769
198837747111309312
198837747123888128
198837746331172864
198837747773997056
198837747853688832
198837747824332800
198837748239564800
198837748222791681
198837747803365378
198837748273135616
198837748268941312
198837748436701184
198837747635597312
198837748554137602
198837747908227073
198837748419923969
198837748461875202
198837748587708416
198837748176654336
198837748398948352
198837748411539456
198837748537364481
198837748260536320
198837749049073665
198837749384609792
198837748906475521
198837748797423617
198837749611110400
198837749632077824
198837749640474624
198837749464305665
198837749254602752
198837749497872385
198837749439139841
198837750085074945
198837750085070849
198837749783068673
198837750210895872
198837749820829696
198837750751952896
198837750659690496
198837750152175618
198837750932312064
198837751066529792
198837750772928515
198837751003619329
198837750370287617
198837750466744320
198837749724348416
198837750890364928
198837751200751616
198837751142039554
198837750777126913
198837751347548160
198837751532105729
198837751481761792
198837750697439234
198837751272046592
198837751108468736
198837751368531970
198837751930560512
198837751989272576
198837752198991875
198837751792156672
198837752257708032
198837752295469057
198837752568090624
198837752836530176
198837752555515904
198837752635207680
198837753012682752
198837753092386818
198837753209827329
198837752534548483
198837752240947200
198837753239179264
198837752723283968
198837753478262785
198837753679581184
198837753352421378
198837753746698240
198837753910263808
198837754006740992
198837754170314753
198837754283565056
198837754006749185
198837752408711169
198837753801224193
198837754447134721
198837755105644545
198837755101458433
198837754774294529
198837754619101185
198837754967228417
198837754669441024
198837755357310979
198837754300334080
198837754640089088
198837755046928384
198837754950467584
198837755114029056
198837755604766720
198837755680264193
198837754904322049
198837755646717952
198837755793514496
198837755327942657
198837755470553089
198837756066140161
198837756187787266
198837756405874688
198837756347154432
198837756716269568
198837756024193024
198837756800143360
198837756997287936
198837757165047809
198837756607209473
198837756875653120
198837756670124032
198837757269909504
198837756640759808
198837757517373441
198837757357985792
198837756984692737
198837757337026561
198837757542547456
198837757773221889
198837757810982913
198837757425102848
198837757848715264
198837757622235137
198837757571903490
198837757882269696
198837758003920896
198837757697736704
198837757462847488
198837758205247491
198837757756452867
198837759165730816
198837759094439936
198837758825992192
198837758813417473
198837758360424448
198837758536593409
198837759207682048
198837758578528256
198837759341887488
198837759371247616
198837759190892544
198837759207669761
198837759530631168
198837759547412484
198837759589367808
198837759916515330
198837759882956800
198837759450947584
198837760080089088
198837760143003649
198837759555813377
198837759677440000
198837759778103298
198837760306593792
198837759585161216
198837760256253952
198837759782305792
198837760365301761
198837760419831808
198837759924895744
198837760444997632
198837760721813504
198837760767967233
198837760361103361
198837760906371072
198837760432410624
198837760352731136
198837761107697664
198837760197525506
198837761300643842
198837761179000833
198837760910561282
198837761501954049
198837761392910336
198837761241923587
198837762076585986
198837761959145473
198837761686503424
198837762114330624
198837761715867649
198837763309707265
198837762680553472
198837762701533184
198837762504400897
198837762911244288
198837762777034753
198837762953199616
198837763611705344
198837763301326848
198837763062235136
198837763729137664
198837763666227202
198837763527819264
198837764081467392
198837764148563969
198837764249231360
198837764496691200
198837764425400320
198837764370857984
198837764404416513
198837764509270018
198837764643504128
198837764706414592
198837764744167425
198837764664475649
198837764660277249
198837764828037120
198837764706406401
198837765327163393
198837764911939584
198837765482348544
198837765536890880
198837765008396289
198837765662711808
198837765230694400
198837765750800384
198837765415256064
198837765813714946
198837765507522560
198837765805309953
198837765960507392
198837766019223552
198837765297815552
198837765901791233
198837766149255168
198837765847257089
198837766212157442
198837766346383360
198837764949688320
198837766237335552
198837767604666368
198837767478837250
198837767000698880
198837766832914432
198837767701151744
198837767617261568
198837767856328704
198837766296051712
198837766774206465
198837767340441601
198837768024096771
198837768124760065
198837768082833410
198837767818592257
198837767915057152
198837768057659392
198837767520784385
198837767986348032
198837767768252416
198837767147499521
198837767583711232
198837767948603395
198837768284155904
198837768305115136
198837768607117312
198837768145747968
198837768770682880
198837768825208832
198837768397406210
198837769055895552
198837769215295488
198837767512403971
198837769034924032
198837768955232258
198837769437577216
198837769429192704
198837769529856000
198837769815072769
198837769722789888
198837768594526208
198837769634725889
198837770117058560
198837769257222146
198837770184163328
198837770125443072
198837770188365825
198837770049961985
198837770351939585
198837770465198080
198837770674905088
198837772247769088
198837772394569728
198837771731861504
198837772130320385
198837772675579904
198837772574916609
198837772662996993
198837772667195395
198837772734300160
198837772809814016
198837772914667521
198837772944015360
198837772323274752
198837772604293120
198837772948209664
198837772482658305
198837773053083648
198837772952403968
198837773300535296
198837773120184320
198837773480902656
198837773090828288
198837773866778624
198837774156173312
198837774248460288
198837774202322946
198837773745135616
198837774126817280
198837773925498880
198837774449770497
198837774449782784
198837773728350209
198837774470758400
198837774575607809
198837774600769538
198837774084878336
198837774617559041
198837774865010688
198837773300539393
198837774244249600
198837774453972992
198837774433001472
198837775016001536
198837774282014720
198837775020204033
198837775141847042
198837774936326144
198837774940512256
198837774948900864
198837775498346496
198837776060395520
198837775791951873
198837775955529728
198837774634323968
198837775875842049
198837775712256001
198837776299458563
198837776450465793
198837776047804416
198837776081358850
198837776622432257
198837776723095552
198837776639209473
198837776861499392
198837776643407872
198837774076477440
198837776333025280
198837776966361089
198837777113165824
198837773514448896
198837777234800640
198837777314488320
198837776865701889
198837777041866752
198837777457090560
198837777167687680
198837777549361152
198837777587126273
198837777163489282
198837777515814912
198837777687773186
198837777712947200
198837777218019329
198837777792638977
198837777423548416
198837777918476288
198837777423544320
198837777796833280
198837778056888320
198837778123984896
198837778052677633
198837778446958592
198837778035912704
198837777696165888
198837778514067457
198837771819958272
198837777230606336
198837777067028480
198837777989771266
198837776840523776
198837780137250816
198837780040781824
198837780317614082
198837780061765633
198837776601448449
198837780183400448
198837780959342594
198837780904812544
198837780728655873
198837780397301761
198837780913205248
198837781185826817
198837781370384384
198837780778975232
198837781403938816
198837781412319232
198837781244551168
198837781932425216
198837781198405632
198837781974364160
198837781995335681
198837781152268288
198837781374582785
198837782121160704
198837782024699904
198837782175682560
198837782192467970
198837781617844228
198837782242791425
198837781613658112
198837781982744576
198837780317609985
198837782444118016
198837781869506560
198837782083403777
198837782532202496
198837782016294913
198837782637051905
198837782561566720
198837781949194241
198837782586728448
198837782339256320
198837782817423362
198837782712549378
198837782867738624
198837782603501569
198837782754496512
198837783194910720
198837781735276545
198837783224258560
198837784453197824
198837784469970944
198837784440610817
198837783366868993
198837784239284224
198837784222507010
198837784235094019
198837784662917120
198837784730017792
198837784717438977
198837784075702273
198837785141063682
198837784553857026
198837785099124736
198837785342394368
198837785413685248
198837784579018753
198837784763580416
198837784298012673
198837785526939648
198837784860045312
198837785212362753
198837785786986498
198837782960025602
198837782720946177
198837785933787136
198837783580770304
198837781328445441
198837786143502338
198837786021859328
198837785870876673
198837786328055809
198837786369998848
198837786449678336
198837786369998849
198837785384333312
198837786000887808
198837786474848256
198837786432901121
198837786755862528
198837786839744512
198837786890076162
198837786822975489
198837787158515713
198837787225628672
198837787296940033
198837786936221696
198837785963147265
198837787389214720
198837787313700866
198837788668477441
198837788261613568
198837788265824256
198837788722995200
198837788425191425
198837788366475264
198837789159202816
198837788861411331
198837789251473408
198837788861415427
198837789305999362
198837789004013568
198837789020794880
198837788773318656
198837789016600576
198837789381500929
198837789515726848
198837789536694272
198837789696081921
198837790325219328
198837790341996544
198837790350389248
198837790019039233
198837789985484800
198837790417498112
198837790371360768
198837790908227584
198837790207787008
198837790815961090
198837790815952899
198837790941777920
198837790480404480
198837791038255105
198837791210221568
198837791239573505
198837790929190912
198837790778204160
198837791017287681
198837790941782016
198837787959640064
198837789863849985
198837791390564353
198837791675793408
198837791428321280
198837791629647872
198837791965192192
198837791927443457
198837792195874816
198837792275562497
198837792887943169
198837792132960256
198837792984403968
198837792892137473
198837792896323584
198837792518840320
198837792577564673
198837793324138496
198837793022152704
198837793131200512
198837792879554560
198837792858570752
198837793659682817
198837793017958400
198837792913096705
198837793760350208
198837793764544513
198837790467825665
198837792661446656
198837793965867008
198837793013768192
198837793663889408
198837792451735553
198837794007818242
198837793642905600
198837794129448960
198837794255286272
198837794284646400
198837794150420481
198837793739374594
198837794402086914
198837794477580288
198837794494353410
198837794007810048
198837794607599616
198837794741825536
198837794620190720
198837794460794880
198837794360147969
198837794708258817
198837795224174592
198837794657927169
198837795257724929
198837794389508097
198837795320643584
198837795421290496
198837795186409474
198837795693924352
198837795731668992
198837795790389248
198837796885102593
198837796977389568
198837796339843072
198837796549566464
198837796520198144
198837796188864512
198837796797038592
198837797023518720
198837797514264577
198837797640077312
198837797153538049
198837797476511744
198837797736546304
198837797853986816
198837797979820033
198837797925306368
198837797484888064
198837798235676674
198837797711388673
198837798269231104
198837798114041857
198837797820448769
198837798025953280
198837798416023553
198837797661057024
198837797988208641
198837798738989057
198837798751576065
198837798873206784
198837798806106113
198837798806102018
198837798952898560
198837798990659585
198837798030147584
198837798793510918
198837798948708352
198837798969679873
198837799502364672
198837799405895682
198837799099695104
198837799561072640
198837799003242498
198837799187779584
198837798952894465
198837799632384002
198837799657553920
198837795798794240
198837798827065344
198837799523328000
198837799762399232
198837801146527745
198837801448513537
198837801133932544
198837801637253122
198837801138135040
198837801519824896
198837801817608192
198837801066823681
198837802052489217
198837801435930624
198837801549176833
198837801289121793
198837801775665154
198837801767272448
198837801758883840
198837801905684480
198837802455142401
198837802593562624
198837802157359104
198837802639695874
198837802367057923
198837801884721152
198837802828439553
198837802799075328
198837802933301249
198837802669064195
198837803033964545
198837801029074944
198837802950066176
198837802807472130
198837802841022464
198837802530652160
198837803143020544
198837802677436416
198837803390472194
198837803709243392
198837803742806017
198837803361112065
198837803482750977
198837803671486466
198837804149637123
198837803818291201
198837804283858944
198837804439060480
198837804426473472
198837804460015616
198837804472598528
198837804149641217
198837804061573120
198837804304826368
198837805328236546
198837803411456000
198837805424709635
198837805445689345
198837805219184640
198837804862681088
198837805856735232
198837805214990338
198837806074839041
198837806141939712
198837806087417858
198837806255177728
198837805961588736
198837806364246017
198837806108393472
198837806322302977
198837805764444160
198837806133547009
198837806590726144
198837806716551171
198837806737539075
198837806129360896
198837806813024256
198837806838194176
198837805626040320
198837806674616320
198837806783672322
198837806808838145
198837806267777026
198837807333113857
198837807291170816
198837807425404928
198837807567994882
198837807526068224
198837807735767040
198837807698018305
198837807710613504
198837807270199298
198837807869997056
198837807219867648
198837807941300224
198837807962275843
198837808117448704
198837808197156864
198837808230694912
198837808071311360
198837807886761986
198837808088092672
198837808402665473
198837808306204672
198837809480605697
198837808935350272
198837809166036992
198837808612376576
198837809614819330
198837809614823424
198837809279279105
198837809136672769
198837809627410432
198837809648373760
198837810197827587
198837810025869314
198837810558537728
198837810072002561
198837810780831745
198837810764062720
198837810587901952
198837810365595650
198837810944413697
198837811028312066
198837811141550080
198837810977980416
198837811154128897
198837811246403584
198837811296747521
198837811036692480
198837811397406720
198837811393208322
198837811330285569
198837811078639616
198837811066060800
198837811460317184
198837811347079170
198837811166724096
198837811321909248
198837811221250048
198837811372236800
198837811397410818
198837811896516609
198837811607121920
198837811552591872
198837812076871681
198837812118822912
198837811510652928
198837811770687489
198837812315951106
198837811657449472
198837812047511552
198837812303368193
198837812517277696
198837813700075520
198837813603614720
198837814115303424
198837813339365377
198837814186606592
198837813792342017
198837813700079616
198837813767192576
198837813930770432
198837813846872064
198837814387945473
198837814354378753
198837814509568001
198837814195011586
198837814039818240
198837814266310656
198837814689927168
198837814836723712
198837814413107201
198837814643802113
198837815038054400
198837814002057216
198837814643793922
198837814278893568
198837814857707520
198837815046451202
198837815210033152
198837814664769536
198837815268745217
198837815352635393
198837815386177537
198837814991929344
198837815520407553
198837815285518336
198837815985967104
198837816136970242
198837815860133888
198837816384438273
198837816334090240
198837815927255040
198837816313126914
198837816401211393
198837816136970240
198837816849993730
198837816829022208
198837816334098434
198837816426364930
198837816522833921
198837816648663040
198837817059708928
198837817948909570
198837818024398848
198837818070540289
198837817449787392
198837817957294080
198837817571414017
198837818091515904
198837817453985793
198837818125058048
198837817084887040
198837817789513729
198837818473185280
198837818318004225
198837817772740608
198837818557071360
198837818905206785
198837818502561792
198837819161055232
198837818653544450
198837818875850752
198837818674528256
198837819345612800
198837819236556800
198837818850672641
198837819391754242
198837819416915969
198837818464804864
198837816942276608
198837820012498944
198837819525963776
198837820142530562
198837820180275200
198837820364820482
198837819689545728
198837820310294529
198837820041854976
198837820540977152
198837820255776769
198837819458854914
198837820926869505
198837821019140097
198837820314501120
198837821077848064
198837821056892930
198837820545171456
198837821258207232
198837820993961984
198837821182717952
198837821727981569
198837821736366080
198837822281629696
198837822386479105
198837822629756928
198837822269030400
198837822340341760
198837822155784193
198837823024021506
198837822919155712
198837822998851585
198837822852055040
198837823078539264
198837822449385474
198837822159994881
198837822604578818
198837822977880068
198837823607017472
198837823770599424
198837823372144644
198837823439241217
198837822470356993
198837823984500736
198837824043220994
198837824068395008
198837824202612738
198837824114528257
198837823997100033
198837824450072576
198837824454270976
198837824206815233
198837824525574144
198837824282296321
198837824307466240
198837824835948544
198837824118722560
198837824471040003
198837824521375744
198837824877887488
198837824999522305
198837824659783680
198837825330884608
198837825259585536
198837825817423872
198837825620291584
198837826014560257
198837825574150144
198837825905504257
198837825964216320
198837824160661504
198837826064891905
198837825674817536
198837826471735296
198837826522058753
198837825834201090
198837826564001792
198837826601746432
198837826639499264
198837826211676161
198837826547224576
198837826555617280
198837826966650880
198837826832445440
198837827117645825
198837827096678400
198837826681438208
198837827377704961
198837826916319232
198837827637751808
198837827595808768
198837827503529984
198837826954084352
198837827079909376
198837827709050880
198837827738419201
198837827084095488
198837827901984768
198837827868430338
198837827721625601
198837828078157824
198837828099129344
198837828078145536
198837822709448705
198837827839066113
198837828409499649
198837828434657281
198837826832445441
198837827822292992
198837828745039873
198837828828934144
198837829063802880
198837829269327872
198837829512609793
198837829462265857
198837829386776576
198837828958953472
198837828979933184
198837829772656640
198837829407744000
198837829525188608
198837829923639299
198837830137544704
198837830636670976
198837830028492802
198837830846398465
198837830410186753
198837831043514369
198837830670233600
198837830905102337
198837830804447232
198837831337119745
198837830863163393
198837831433596929
198837831441981441
198837831119028225
198837831584595968
198837831660085249
198837831584587776
198837831618142208
198837831886573569
198837832436023296
198837832436035584
198837832545075201
198837831941095424
198837832553463808
198837832691892224
198837832742219776
198837831764938753
198837832377315328
198837832708665344
198837832729624576
198837832725434368
198837833111318529
198837832691888129
198837832310194176
198837833065177090
198837833300054016
198837833333620736
198837832394092544
198837833589465088
198837833543323648
198837833501392896
198837833736261632
198837833778212865
198837833857896448
198837833799188481
198837833891454977
198837832696078337
198837834340241408
198837834055032832
198837834659016705
198837834025668608
198837833874681857
198837834440908803
198837834751287296
198837834843557888
198837834298306560
198837834906476544
198837834352836610
198837834977787904
198837835099410432
198837834944229377
198837835099414528
198837834575134721
198837834596093953
198837834663215105
198837835002941440
198837834508013568
198837835267190784
198837835393011712
198837835149742080
198837834935844864
198837835032301569
198837835539808257
198837835330097152
198837835736956929
198837835216850944
198837835736952832
198837835132968960
198837835829227520
198837835325902849
198837835799855104
198837836038934529
198837836210913281
198837835573374977
198837836177346562
198837834940035072
198837836395462657
198837836051525634
198837836613562371
198837836605165568
198837836689055744
198837836399644672
198837836957495296
198837836865212418
198837836928122880
198837835825033216
198837836844253184
198837836634521601
198837836894584833
198837838945587200
198837839079804928
198837838555512832
198837838815567872
198837838278692864
198837839293714432
198837839432134656
198837838773620737
198837838912028672
198837838744264706
198837839532785664
198837839138533376
198837839553757186
198837839440515072
198837839096586243
198837839281127425
198837839654432768
198837839763472384
198837839918665729
198837839700557824
198837840044503040
198837839604097024
198837839989981186
198837840291971072
198837839998365696
198837840459735041
198837840233250817
198837839956414465
198837838882680832
198837839440519168
198837840661065729
198837840736567297
198837840703004673
198837840686235651
198837840417783808
198837840816254978
198837840845619200
198837841059520513
198837840694624256
198837841063706624
198837840468115458
198837840635895810
198837841088884737
198837841256648704
198837841470554114
198837840522645505
198837841646714881
198837841684463617
198837841827074049
198837841810292737
198837843035033600
198837842628198400
198837843014062081
198837843219591168
198837842603028480
198837843320254464
198837843018256386
198837843345412096
198837843366379521
198837843286704128
198837843253137408
198837843475443712
198837842493976576
198837843790008320
198837843261538306
198837843454468098
198837843999735808
198837843504799744
198837844146524160
198837843232174080
198837844431740929
198837844364640256
198837844591132672
198837844117172224
198837844331085824
198837843513180160
198837844591116289
198837844809220097
198837844117172225
198837844792451072
198837843613859841
198837844003930115
198837844423344129
198837844389801985
198837844679208960
198837844767289344
198837844528205826
198837845555806208
198837845413199875
198837845849411584
198837845748748290
198837845966852097
198837846101065730
198837846080094210
198837846273040384
198837845744566272
198837845715193856
198837845543231490
198837846449197056
198837846474358784
198837847371948032
198837847275483139
198837847405506562
198837847237726208
198837846507921409
198837846222704640
198837847539724289
198837847384530946
198837846986080257
198837846998659072
198837847782993921
198837847975919617
198837847254499329
198837847556501505
198837847971725312
198837848089165825
198837848097554432
198837846965100545
198837848189829120
198837847527133184
198837848470847489
198837847925596162
198837848458268673
198837847971741698
198837847690706945
198837847812345857
198837848110153728
198837848407949314
198837848105947136
198837848248557571
198837848886099969
198837848693157889
198837849200660482
198837847925596160
198837849129365504
198837849179693057
198837849246801921
198837849523630081
198837845891366913
198837849741733888
198837849263579137
198837849473302528
198837849058066432
198837847954964482
198837847489396736
198837849213255682
198837849691394049
198837848517001216
198837850312155137
198837850333122561
198837851578830848
198837851239092224
198837851700461568
198837851784364032
198837851260059648
198837850547040257
198837851281031168
198837851897593856
198837851964702720
198837851654336512
198837851977297921
198837851943735296
198837851994062848
198837851931156480
198837851486552064
198837852275093504
198837852157640704
198837852367360000
198837852296069121
198837852237344768
198837850744164352
198837852392525824
198837852212170753
198837852279275520
198837852283478016
198837852572876801
198837850135990273
198837852098936832
198837852019236864
198837852107321345
198837852174430208
198837852472213506
198837853197836288
198837853210423296
198837853281722368
198837853181063168
198837853235576834
198837852417699840
198837853524996096
198837853072015360
198837853290106881
198837853604691968
198837853722116096
198837853537566720
198837853671800834
198837853801811968
198837853839568896
198837853747294208
198837853877321728
198837853785047040
198837855617953794
198837855173361664
198837855194333184
198837855194320898
198837855357906944
198837855819280385
198837855525679104
198837855936712704
198837855982850048
198837855244656642
198837855596982273
198837855638913025
198837855517294594
198837856234516480
198837855932518400
198837855659900929
198837856553279488
198837855940915202
198837856234508292
198837856012222464
198837855609552896
198837856574255104
198837857052409857
198837856683298816
198837856855277568
198837856356143104
198837857186619392
198837857379561472
198837857304059904
198837856771383296
198837857635401728
198837856968515586
198837857568305152
198837857639600133
198837857366970369
198837857811570689
198837857572495360
198837857983545345
198837857991921664
198837857404719104
198837857664761857
198837857866092544
198837857857699840
198837858029674496
198837857987723267
198837858172272640
198837858021285888
198837858247786496
198837858457485312
198837858965008385
198837859791282176
198837859631902720
198837859115991041
198837859577380864
198837859250216961
198837859346681857
198837860256849920
198837860391059456
198837860403654658
198837859946471424
198837855550840832
198837857291481090
198837860550447105
198837860437200897
198837860500127744
198837859459936260
198837859791286272
198837860349128705
198837860349132800
198837860781142016
198837858897899521
198837860856635392
198837860315561984
198837860462374912
198837860726616064
198837861284458497
198837861242503169
198837861561274368
198837861141856256
198837861162815488
198837861368340481
198837862010068993
198837861062164480
198837862207197184
198837861330583552
198837861917790208
198837861469007872
198837862228176896
198837861938765827
198837861808742402
198837862458867712
198837862307860480
198837862622429184
198837862672773120
198837862672777216
198837862819569666
198837862366588929
198837862458859520
198837862320455680
198837862626639873
198837864069476353
198837864010752000
198837864098836480
198837863935258625
198837864287580160
198837864354693121
198837863587123200
198837864539230209
198837864233041922
198837864614727681
198837864304353280
198837864119799808
198837864111411200
198837863729741825
198837864157548545
198837864220467201
198837864304345088
198837864249823232
198837865021571072
198837865352921088
198837865344540672
198837865252261888
198837864790896640
198837865164177409
198837865516511233
198837865373896704
198837865646534656
198837865571037187
198837865629757440
198837865206132736
198837865441001472
198837866212761601
198837866158231552
198837865592008704
198837866032398336
198837866154033152
198837865713643521
198837865759784960
198837866590257152
198837866514759680
198837866284068865
198837866065952768
198837866829332480
198837866825138178
198837866955161600
198837866690908160
198837867018072064
198837866506354689
198837866418290690
198837866678333440
198837868200865792
198837868129566720
198837867676569600
198837868318294017
198837867441684481
198837868561567744
198837868494454784
198837868620292096
198837868632875008
198837868188270593
198837866909024257
198837868737732608
198837868842594304
198837869094248448
198837868976803841
198837869090058240
198837869085851648
198837869282983937
198837869287190528
198837869421412353
198837869589176321
198837868792250368
198837869832441857
198837869710811137
198837869106823169
198837870109261824
198837870079909890
198837870113456132
198837870205743104
198837869970862080
198837870440615936
198837866435059714
198837870717440002
198837870591606786
198837870805524481
198837870650331136
198837870876819456
198837870109278208
198837870428041217
198837870964908032
198837870847459328
198837870897803266
198837871136866305
198837871162048512
198837871405305856
198837870843269121
198837871464038400
198837871623409665
198837871040409600
198837871774412801
198837872390963200
198837872202219520
198837872076406784
198837872114151424
198837871837323265
198837872508416000
198837872248365057
198837872491630593
198837872265142274
198837871812157440
198837872932040704
198837873003347968
198837872466464768
198837873024315393
198837871862493185
198837873431162881
198837872684576768
198837873670225920
198837873678622722
198837873271771136
198837873867374592
198837873435357184
198837873833820160
198837873536008192
198837873699598336
198837873913507840
198837874077073408
198837874123227136
198837873737338880
198837873712173057
198837874290995202
198837874391662594
198837873926078464
198837874152587264
198837874660085761
198837874450382848
198837874865610752
198837874899161089
198837874932719618
198837874509099008
198837875188563968
198837874928517121
198837875175993345
198837875087904770
198837875557670912
198837874551046144
198837875691880448
198837875104681986
198837875096289281
198837875083718656
198837876698525696
198837875985485824
198837876463636480
198837876652388352
198837876362969088
198837876371361792
198837876438470656
198837876316844032
198837876505575426
198837877222805504
198837876631416832
198837877487054851
198837877105360897
198837877466083328
198837877214412800
198837876052602880
198837877646426112
198837877449293824
198837877671604224
198837877482864640
198837877780647936
198837878187503617
198837877596094464
198837877663203330
198837878258798592
198837878573367297
198837878569181184
198837878313332736
198837878313320448
198837877969387520
198837878489481216
198837878766305281
198837878854402048
198837878846005248
198837878254600194
198837878871171073
198837878275575808
198837878363664385
198837879189934080
198837879173160961
198837879349329920
198837879240269826
198837878225256448
198837879747784704
198837879672287233
198837879961694210
198837879324147712
198837880083333120
198837880154619904
198837879617765376
198837880863469568
198837880477585408
198837880766996480
198837880905408512
198837880116887552
198837881006067712
198837880460808192
198837881010266114
198837881035431937
198837881052213248
198837880158830592
198837881152868352
198837881169641473
198837881232572418
198837881010266113
198837881459064833
198837881589075970
198837881727483906
198837881756848128
198837881761042432
198837881211588608
198837881261932544
198837881358401537
198837881832357889
198837881958174721
198837881786212352
198837882306314240
198837881983352832
198837882541182976
198837882549583873
198837882113372161
198837882687991808
198837882029486080
198837882159501315
198837882780258306
198837882822205440
198837882444709889
198837882478280704
198837882700574720
198837882973196288
198837882939637760
198837883132575744
198837883006754816
198837883279392768
198837882767683585
198837883426193408
198837882960609280
198837882922876929
198837883463925760
198837883669454848
198837885347184640
198837885561081858
198837885477199872
198837885485580289
198837885556895745
198837885376536578
198837885582053377
198837885955350528
198837886026653697
198837886152491008
198837885745631232
198837886211203072
198837886320259073
198837886102142978
198837886064406530
198837885481402369
198837886529970176
198837886584492033
198837886097952768
198837886131511296
198837886676766720
198837886416715776
198837886794215424
198837886701928448
198837885326213120
198837886357995521
198837886404141058
198837886844551168
198837887104598016
198837886626435072
198837886517387264
198837887163301888
198837887222030336
198837886928437248
198837886727094272
198837886806794240
198837886852935680
198837887071035392
198837887096193025
198837887716966400
198837886081171456
198837888161562625
198837887381405697
198837887989579776
198837888178323456
198837888065089536
198837888148963328
198837888010555392
198837888685850624
198837888115421184
198837889348534273
198837889289818112
198837888790708226
198837889562456064
198837889189150722
198837889558253569
198837889595998208
198837889268854784
198837889247879168
198837889545682944
198837889126252544
198837889675689985
198837889038159872
198837889881210880
198837889734418433
198837889432432640
198837889642147840
198837889872826369
198837889432424448
198837890111913985
198837889398878208
198837890225160194
198837890501976064
198837890527141888
198837890397126656
198837890602639361
198837890854301697
198837890623602691
198837890996899841
198837890594254848
198837891366006784
198837891378593793
198837890980130817
198837891777040384
198837891017883651
198837891638628352
198837890862694401
198837891810594816
198837890917212162
198837891747684355
198837891735101440
198837891869327360
198837890598453249
198837891584102401
198837891135311872
198837891588308994
198837891705733120
198837892095811585
198837892188094467
198837892552982528
198837893547040768
198837893488324608
198837893014360065
198837893614153729
198837893647695872
198837894096490496
198837893748367360
198837894314598401
198837894255878145
198837893920329729
198837894142636032
198837894494961665
198837894608195584
198837894616588289
198837894734024705
198837894763388930
198837894620782594
198837894801137664
198837894813720576
198837894708858880
198837894796943362
198837894188765186
198837895132479488
198837895241535488
198837895195398148
198837895270895617
198837895342194688
198837895430279169
198837891198238720
198837894843072512
198837895451246593
198837895463833601
198837894994075648
198837895015055361
198837895610634241
198837895665168385
198837895358976000
198837895358984192
198837895757443072
198837895635795969
198837895908442113
198837895845519361
198837896000700416
198837896122335233
198837896248164353
198837895526748160
198837895941980160
198837896348831745
198837895954579456
198837896390778881
198837897732964353
198837897854586881
198837897691004928
198837897774899201
198837897296756736
198837897896525824
198837898039148545
198837898097852416
198837897674231808
198837897598734336
198837896571142144
198837898076889090
198837898064310272
198837898420817921
198837897858789376
198837897984610304
198837898722807810
198837898806693888
198837898290798592
198837898886389762
198837898248847360
198837899251298305
198837898810900482
198837899234521088
198837898781523969
198837899481976832
198837899716861952
198837899293233152
198837899641364480
198837899951738882
198837899964317696
198837899985297411
198837900136296449
198837900169854976
198837900320841729
198837900115324931
198837900278898689
198837900404731904
198837900287291392
198837899809128448
198837900215975937
198837900668964864
198837900148879360
198837900878684160
198837900769636352
198837900870295552
198837900471844864
198837900631224322
198837900929011712
198837901084196864
198837901780459520
198837901805625345
198837901973401600
198837901516226561
198837902078259200
198837902166327299
198837902250225664
198837901797240834
198837902392823809
198837902522851328
198837902183112704
198837902652874753
198837902082453506
198837902577369090
198837902954872832
198837902527041537
198837902581563392
198837903353319426
198837903395258369
198837903554654208
198837903030370305
198837903600795648
198837903428812800
198837903638544385
198837903592394752
198837903772753920
198837903894396928
198837904007634944
198837904196382721
198837904305430528
198837904443850752
198837904066351107
198837904523534336
198837904645160961
198837904838107136
198837904536113153
198837904661954560
198837904833921024
198837904921989121
198837905194614786
198837904716476416
198837905286897667
198837904808742912
198837905416916992
198837905601474561
198837905228173314
198837904909410304
198837905215590400
198837905412722689
198837905186226177
198837905953783808
198837905748275201
198837905567907840
198837906339663872
198837904892633090
198837905895071745
198837906536808449
198837906524225536
198837906582929408
198837906310299649
198837906213842946
198837906725552129
198837906847174657
198837906910089217
198837906721349632
198837906939457537
198837907119812609
198837906591326208
198837907128188929
198837907283394560
198837907245629440
198837907321139200
198837907484712960
198837907790905344
198837907950280704
198837908042559489
198837908109660160
198837908071923713
198837908290011138
198837908210323458
198837908592017409
198837908642344960
198837908696875008
198837902535438337
198837908822695936
198837908839481344
198837908717838336
198837908818505730
198837908923359234
198837908894007298
198837908470378496
198837908592017408
198837908692664320
198837908684275712
198837908898193409
198837908688474113
198837909221154816
198837909384740864
198837909351182336
198837909053378560
198837910156484609
198837909560893441
198837910118744064
198837910034857984
198837909841920001
198837910533976064
198837910303285248
198837910567522304
198837910722715648
198837910764658690
198837910122934272
198837910114549760
198837910387167232
198837910945009664
198837910936625154
198837910995345408
198837911104401410
198837910563328000
198837910714318850
198837911075033088
198837911221829632
198837911309918210
198837911297327104
198837910953406464
198837911326699521
198837911494471682
198837911662235648
198837911905509378
198837911083425794
198837911733547008
198837907862200321
198837912039731201
198837911901310978
198837911565774848
198837912010375169
198837910626250752
198837911477698560
198837911691599872
198837912173948929
198837911746134018
198837912463347712
198837912584990721
198837912278794240
198837912660480000
198837912656281601
198837912379465729
198837912891162624
198837913029586946
198837913109282816
198837913105080322
198837914317238272
198837914392731648
198837913683894272
198837914413707264
198837913721638912
198837914497597440
198837914212368384
198837914535346177
198837914052988930
198837914724081665
198837914086543362
198837914233348096
198837914812170242
198837914937995264
198837914522755072
198837914996707329
198837914719879168
198837915189657602
198837914799583236
198837915198033921
198837915009290240
198837914740862976
198837915080601600
198837915038658560
198837915386781696
198837915676192768
198837915508408320
198837915432919040
198837915814600705
198837915277737984
198837915953004545
198837915667795968
198837916179505152
198837916062056450
198837916200468480
198837915936239618
198837916259196928
198837916385021953
198837916305342466
198837916389220356
198837916481490946
198837916649271298
198837916934475777
198837915403567104
198837916313718784
198837916645068800
198837916452143104
198837916657651712
198837914128490496
198837917391663104
198837918553477120
198837918704467969
198837918624788480
198837918645755904
198837918725439488
198837917878198274
198837918926766080
198837918960320513
198837918226325504
198837918679314433
198837919128092672
198837918880645122
198837918956142594
198837919270711297
198837919421702144
198837919153262592
198837918951936000
198837918708662272
198837919413309440
198837919354601473
198837919245549568
198837919543336960
198837918977110016
198837919820161024
198837919912439810
198837920122150912
198837920168296453
198837919698530305
198837920252170240
198837920239583234
198837919794991105
198837919711117312
198837919920832512
198837920206041090
198837920654823426
198837920872923136
198837921112006659
198837921208475648
198837921573380097
198837921372049408
198837921787293698
198837921401417729
198837921908928513
198837921300758528
198837922059927553
198837921657257985
198837922278027265
198837922244460544
198837921946664960
198837921074253825
198837922995253248
198837923079143424
198837919375556609
198837922697457664
198837923242721280
198837923167223808
198837923267878915
198837922949120000
198837923305631744
198837922898771969
198837923481792513
198837923632791552
198837923485990914
198837923590844417
198837923972513793
198837923922198528
198837924073189377
198837924018659328
198837923850883073
198837921942482944
198837924391948288
198837924542943232
198837924471640064
198837924274507776
198837924693946369
198837924291289089
198837924870098944
198837924765241344
198837924933009408
198837925222432769
198837925125959681
198837925096587266
198837925193060353
198837925406982144
198837925557972992
198837925490855936
198837925667020801
198837925054656513
198837925725732864
198837925499248641
198837925591523329
198837926002573312
198837925625081856
198837925859966976
198837925511827456
198837925151121408
198837926459736067
198837923154624512
198837926598148096
198837926442971136
198837927088898049
198837926619123712
198837927168589824
198837927332155393
198837927361515520
198837926833041408
198837927059533826
198837927156006912
198837927659307009
198837927801925632
198837927831273472
198837927223111682
198837926442962944
198837927713832960
198837926824656896
198837927936135169
198837927885811712
198837923938971649
198837927575420929
198837928187801600
198837927575433217
198837926602342402
198837928263290881
198837928405897216
198837928221343745
198837928087134208
198837928091320320
198837928783380480
198837927474769920
198837928749830144
198837928875655170
198837928925995008
198837929190240258
198837928779202560
198837929186045953
198837929173454850
198837928607223808
198837929433505792
198837928984711168
198837928846303234
198837929202810880
198837929580306432
198837929588695040
198837929706139650
198837929836167168
198837929488023553
198837929152491521
198837931434180609
198837931580997632
198837931132194817
198837931849424896
198837930800840705
198837931648106497
198837931614547969
198837932151422976
198837932273057792
198837932713459712
198837931790704640
198837931862011905
198837932705067008
198837932818305024
198837932696670208
198837931962675201
198837932155609089
198837932658933763
198837932700868608
198837933283880960
198837932843470848
198837933401313280
198837933430681601
198837933078351873
198837932046557184
198837933753634818
198837933753634817
198837933439070208
198837933938180097
198837933577482240
198837933925605376
198837933296463872
198837933892046853
198837933413892096
198837934206615553
198837934168879105
198837934164676608
198837933820739584
198837934466670592
198837933367754752
198837934676385792
198837934651228160
198837934265339904
198837934500229120
198837933812355072
198837934982578176
198837934235987969
198837935058071553
198837935058063360
198837934957404161
198837935435558912
198837934772854784
198837934735114240
198837935540412416
198837935636889600
198837935422980096
198837936073084928
198837935410384897
198837936136007680
198837935938879489
198837933883654145
198837933048999936
198837931962662912
198837936421220352
198837935624290304
198837936521887744
198837936584794112
198837936723210241
198837936849035265
198837936928731136
198837936299585536
198837937062948866
198837937054564353
198837937050361858
198837936668688384
198837936681259010
198837936870010880
198837937297829888
198837936916140032
198837936932929538
198837937021001728
198837937620783104
198837937893425153
198837937536897025
198837937490767872
198837938140889089
198837937629184001
198837938241540096
198837937805336577
198837938237341696
198837937398480896
198837938480619522
198837938434486272
198837938530951169
198837938543529986
198837938514182144
198837938707107842
198837938656780289
198837938623229955
198837938694524929
198837939533385729
198837939487252481
198837939109761025
198837939323666432
198837939587907584
198837939462082560
198837939604688896
198837939680190466
198837938396725248
198837939919269889
198837939864739840
198837939852156929
198837939915071489
198837938166046720
198837939248168960
198837940087037952
198837940271587329
198837939646636032
198837940523237376
198837939994759169
198837940296761346
198837940653273088
198837940766511105
198837940196085760
198837940540018688
198837940732968961
198837940665851904
198837940724568064
198837939973791747
198837941366300672
198837940670042112
198837940795879424
198837940892344320
198837941571813376
198837941701853185
198837941496332289
198837941836066816
198837941794119680
198837941878001664
198837941265637376
198837941907374080
198837941764763650
198837941542469633
198837941760565248
198837940334501888
198837941966094336
198837941601189888
198837941961891840
198837941877997568
198837941542453248
198837943752851456
198837943870308354
198837942574268416
198837943912235008
198837943517986817
198837944138739712
198837943643815939
198837944298115072
198837944415563776
198837944528805890
198837943497003010
198837943920635904
198837944390385664
198837944017108992
198837944625283072
198837944411369472
198837944939855874
198837944960827392
198837945367662593
198837945120206848
198837945313148928
198837945296367617
198837945665454080
198837945573179393
198837943983546368
198837945787101185
198837945699020800
198837945178927104
198837945736765440
198837945862598656
198837945929695232
198837945350885376
198837946026180609
198837945237647360
198837946068107265
198837946034569216
198837946227490816
198837946235891715
198837946374303745
198837946370113537
198837946302992384
198837946344947712
198837945719992320
198837945820651520
198837946479149056
198837946638544896
198837946533687296
198837946684686336
198837946894401536
198837946617565184
198837947871657984
198837947984916480
198837947955560448
198837947653570562
198837948052021248
198837947833913344
198837947762610176
198837948379168768
198837946961494016
198837948383363072
198837947972329474
198837948278505472
198837948249145345
198837948354002944
198837948488237056
198837948140101632
198837948542758912
198837947838103553
198837948278517760
198837948358209536
198837948639215616
198837948802793473
198837949251592192
198837948735696896
198837949390012416
198837949545193472
198837949704572928
198837949763289088
198837949763297280
198837949234823169
198837949759098880
198837948798611457
198837949427752961
198837949503258625
198837949805244418
198837950140788736
198837949461311489
198837949624893441
198837950119821312
198837950690242560
198837950769938432
198837950153359362
198837950329536514
198837950539247618
198837951193554944
198837950430195712
198837951118065664
198837950702829570
198837950782517248
198837951411662850
198837952330219521
198837951948529664
198837951902392320
198837952569290752
198837952384745472
198837952506380289
198837952305053696
198837952477007874
198837952665759745
198837951956918272
198837952950960128
198837952640585728
198837952921600001
198837952971931648
198837953521401859
198837953181663233
198837952716095488
198837953655619584
198837953638838272
198837953152286721
198837953823387648
198837952716091392
198837953961791488
198837953668186112
198837953483644930
198837953684979712
198837954116993026
198837953601077248
198837953928232960
198837953991151618
198837954561576960
198837954058272768
198837952825139201
198837954150543360
198837953466875905
198837954909708288
198837955043934210
198837954997780481
198837955098447873
198837955073282048
198837955543044096
198837954976821248
198837955417210880
198837955392057344
198837955907944448
198837956117659648
198837955694039041
198837955710828544
198837956113477632
198837956239306752
198837956751015936
198837956314796032
198837956155420672
198837956730040322
198837956889423873
198837956943953920
198837956398690304
198837957011062784
198837956360937473
198837957233360898
198837957266907137
198837957224964096
198837957019443202
198837957438865408
198837958088982529
198837957535342592
198837958214819840
198837958135128066
198837958273540097
198837958411956225
198837958734921729
198837958802022401
198837958806220801
198837958806212609
198837958088986625
198837958529392640
198837959024320513
198837958575529984
198837959179517952
198837959162740736
198837958932041729
198837959435362305
198837959141765121
198837958806208512
198837959594737664
198837959343079424
198837959770902529
198837959066259456
198837959024320512
198837959523446784
198837959003340800
198837959829630976
198837959309537281
198837959473102848
198837959884152833
198837959577960448
198837959707983873
198837960114835456
198837960106446850
198837960177758210
198837960647507968
198837960207118336
198837961066946560
198837958944620544
198837959406006273
198837960542650368
198837960894976001
198837961016623105
198837961603809280
198837961406689280
198837961691893762
198837961540902912
198837961784180737
198837961356353536
198837961209552897
198837962065182720
198837962060996608
198837962140692483
198837962165858306
198837962136489984
198837962262331392
198837962170048512
198837961498959872
198837962086158336
198837962283290625
198837962287484928
198837962031640576
198837962358792193
198837962451070976
198837961880649729
198837962555932672
198837962493014016
198837962434289664
198837962761445376
198837962857906176
198837963126345730
198837962757242880
198837963289931776
198837963633852417
198837963663220741
198837963780665344
198837963394785280
198837963453501440
198837964074266625
198837963503828992
198837963969404928
198837963705155587
198837963419959297
198837964095242241
198837964686630912
198837964552417280
198837964816646145
198837964481110016
198837964472717312
198837964426575874
198837965173161984
198837964728582145
198837965244469249
198837964523044865
198837965508714498
198837965554843648
198837965630341122
198837965777145856
198837965831680002
198837965785546752
198837965479346176
198837965928148992
198837965424832512
198837965571637250
198837966007832577
198837965621964802
198837965512904705
198837965974278150
198837965961699330
198837965793923073
