198803489290321920
198803489504235523
198803489139331072
198803489831399425
198803489831391232
198803489785249792
198803490116599808
198803490271793152
198803490330517505
198803490540224512
198803490645086209
198803490204684288
198803491098075136
198803491177762816
198803491592998912
198803489344856064
198803491446194177
198803491832070144
198803492603834370
198803492641579009
198803493165858818
198803491492347904
198803494101196800
198803493975371776
198803493040029696
198803494482882560
198803494805839872
198803494763905024
198803494512246784
198803492054376449
198803495015550976
198803494625492992
198803495028133888
198803493753073666
198803495162363904
198803495296569345
198803493836951552
198803494789062657
198803494986203136
198803496106074114
198803496080916480
198803494419972098
198803494851973120
198803496101879808
198803494659031040
198803496185761792
198803496559054848
198803496852664321
198803496802328576
198803496454193154
198803497578283009
198803497632808961
198803498316472321
198803496944934915
198803499075633154
198803499503456261
198803499717365760
198803499180503042
198803499771904001
198803500254244865
198803500090654720
198803500786921472
198803501764186114
198803501600608256
198803501877436416
198803501952925697
198803502808580097
198803503001509888
198803504012341248
198803504943468544
198803506084323328
198803506533122048
198803506587635712
198803506809937920
198803506977701889
198803508013711363
198803508122746881
198803508655435776
198803508881920000
198803509196496898
198803509087440897
198803508496044033
198803508873543680
198803509989224448
198803510400266241
198803511276863489
198803510857445377
198803511478194176
198803510702256130
198803508592517121
198803512572915713
198803512384163842
198803512275107841
198803512975560704
198803513311105025
198803512598081537
198803513541804032
198803513550192640
198803514208681986
198803513722150912
198803514229665792
198803513986396160
198803513822810112
198803514355490816
198803514611347456
198803515055947776
198803515471171585
198803515907375104
198803516029018112
198803516280668160
198803515894800385
198803516465225728
198803516658159616
198803516750446592
198803517446696961
198803517081780224
198803517786435584
198803517723508737
198803514678452224
198803515563458560
198803518453329920
198803518570770433
198803518751121408
198803518843400192
198803518889533441
198803517555748864
198803519220891650
198803519548043267
198803519975862272
198803519929724928
198803520105885696
198803521045409792
198803521213186049
198803521955565568
198803522672791552
198803523146743809
198803523205472257
198803523310338049
198803523155144705
198803523662655490
198803524665085953
198803524849643520
198803524748967938
198803524950306816
198803526388948993
198803526565113859
198803526669963264
198803526758055936
198803523939483649
198803526883876865
198803527408168962
198803527802437632
198803527911477249
198803528226045952
198803524790910976
198803528226050050
198803527638843392
198803528108621824
198803527726931968
198803528104411136
198803528993607680
198803529253654528
198803531355009024
198803531367596033
198803531313057793
198803531619254272
198803531661189121
198803531820564480
198803532177080320
198803531975770113
198803525298438145
198803529299804161
198803532000927744
198803533242441728
198803533083066368
198803533661876225
198803534165188608
198803534475563008
198803534869827584
198803535071150080
198803535868076033
198803536002301953
198803536132308992
198803536304275456
198803536132325376
198803536966979584
198803537264779265
198803535649968128
198803536505618433
198803537516445696
198803537642262529
198803538179129348
198803538082676737
198803538057510913
198803538388856833
198803538577600512
198803538548228096
198803538850230272
198803538766331904
198803538938306560
198803538854412288
198803539013804032
198803537566760962
198803539760398337
198803539726827520
198803540062371840
198803540733460483
198803540704100352
198803540880269313
198803541635244034
198803542293753858
198803542247608322
198803542646071296
198803542948065281
198803543417815043
198803543774334977
198803543690448896
198803543975669763
198803544294428672
198803544214736896
198803544944549889
198803544567070721
198803545510772736
198803545561116673
198803546081214465
198803546068615168
198803545670160384
198803546458697728
198803546328666113
198803545976340480
198803546647437314
198803547217862656
198803546773270529
198803547251425280
198803547104612352
198803547897344001
198803547268202496
198803547813445632
198803548249657345
198803548174168065
198803548086079488
198803548430016514
198803548442607616
198803548581019648
198803547784093696
198803549298241537
198803549226930176
198803548346122240
198803549373734912
198803549575061505
198803549864464385
198803549742833664
198803549373726720
198803550552334336
198803549797367809
198803550543945728
198803551085002752
198803551298924544
198803550644613123
198803551315705856
198803547691823106
198803551768678400
198803547561791490
198803551374426113
198803552448163843
198803552834039808
198803552787890176
198803553647722497
198803553228296192
198803553572237314
198803553991667712
198803553668698113
198803554318811136
198803554612416513
198803554834718720
198803555447087104
198803555673583617
198803555417726977
198803556130754560
198803556772483072
198803557045125120
198803557506494464
198803557909147649
198803558320181249
198803558190161920
198803558819307520
198803559058391041
198803559331008512
198803559649787904
198803559519748097
198803559914016768
198803559272284160
198803560069214208
198803560253767680
198803559930802176
198803559989522432
198803560513814528
198803560668995585
198803561038094336
198803562518679552
198803562673872897
198803562485137408
198803562363494400
198803562543845376
198803563508535296
198803563479179264
198803564120899586
198803563927969794
198803564439670784
198803564653580288
198803564934594560
198803565496631296
198803565597310977
198803565899284480
198803565542772736
198803566310334464
198803566364860417
198803566335492096
198803566478110720
198803567409242112
198803567707041794
198803567870607360
198803568021606400
198803567681875969
198803568118087680
198803569074388994
198803569347014659
198803569204412417
198803568923389954
198803569732886529
198803569644814339
198803569833549826
198803570106175488
198803570378817536
198803570085208064
198803572048150529
198803571603550208
198803572706656256
198803573298044928
198803573067350017
198803570601103361
198803573931384832
198803574703144960
198803574262738944
198803574698946560
198803574472458241
198803575458111488
198803574870917120
198803576150167552
198803576418603008
198803576376664064
198803575961423873
198803577785954304
198803578100514817
198803578285076480
198803578566090752
198803578893246465
198803578897444864
198803578922602498
198803579606286337
198803579119747073
198803579455279105
198803578947772417
198803580155731969
198803579639828481
198803580986204160
198803581502107648
198803581342715905
198803582257078272
198803582345154560
198803582559072258
198803582785568769
198803583603453953
198803583909634048
198803584899497984
198803584551358464
198803585197293570
198803585511854080
198803586069692418
198803586099056640
198803585042087937
198803586828861440
198803585679638528
198803587147632640
198803587109883905
198803586744983552
198803587223138306
198803587445424129
198803588041019392
198803588368175104
198803588552732673
198803588066193408
198803589085413376
198803589446115331
198803590083641345
198803589727141888
198803591488737280
198803591773958144
198803591581016065
198803592130465793
198803591958507522
198803592663138304
198803592667336704
198803593078390784
198803593292283906
198803593934028802
198803594361839616
198803594491867136
198803594777067521
198803594894512129
198803594760290305
198803595049709569
198803595557212161
198803595477532672
198803595938906113
198803596391882753
198803596463190016
198803596840665088
198803597125894144
198803597079752705
198803597423685633
198803597700505601
198803597989908481
198803597088141312
198803598405156864
198803598761660419
198803598761672704
198803599432753155
198803599583756292
198803599755710466
198803600523268097
198803600732991488
198803600644911106
198803600556818434
198803601357946882
198803601857056769
198803601534091264
198803602599448576
198803602637197313
198803603673194496
198803603748683777
198803604369444864
198803604440743936
198803604738547714
198803605011185664
198803604839215104
198803606407876608
198803605812293635
198803606412083200
198803606240116736
198803606974111744
198803607167057921
198803607238361089
198803607414505472
198803607406116864
198803608693768193
198803608521805824
198803609205489664
198803609306136576
198803609524248576
198803609645883392
198803609289367552
198803609692016642
198803609826246656
198803609897549827
198803609738149890
198803610417639425
198803610077888512
198803610690256898
198803611021623297
198803611172614144
198803610656710657
198803611524923393
198803611386511361
198803611344584704
198803611730444289
198803611390717954
198803612208594944
198803611541708802
198803611919204354
198803612661587969
198803613815021568
198803613454315520
198803614200893440
198803613940854784
198803614775508992
198803614922309632
198803615161384960
198803609138372609
198803615245271040
198803615912181761
198803616344190976
198803616595836933
198803617132707841
198803617657004032
198803616801357824
198803617384374273
198803617497616385
198803617988362240
198803619125002240
198803619221483520
198803619825459200
198803620106473473
198803619573809152
198803619787710464
198803620832092161
198803621196996609
198803618416177154
198803621947768832
198803622706946048
198803623034093568
198803623545802754
198803623822635008
198803623671640066
198803625529708545
198803625051557888
198803626448261120
198803626276294656
198803626976747520
198803628532830208
198803628499275778
198803628671250432
198803628813860866
198803628591550464
198803629078093825
198803629543653377
198803629749174272
198803629891796994
198803630202159107
198803631389159425
198803631426912256
198803631196209152
198803631745679360
198803631993143296
198803632156721153
198803631917645824
198803633087852547
198803632706174976
198803633469521921
198803633402425344
198803633998020609
198803633930911744
198803634362916867
198803634903986178
198803635050774529
198803634992066560
198803635247923201
198803635214364672
198803635260502016
198803635432472578
198803635084328961
198803635109498880
198803635625398273
198803636460068864
198803635851902976
198803636539760640
198803636950810626
198803637009518593
198803637206654978
198803636934017024
198803637122760704
198803637592522753
198803637542195200
198803637743517698
198803638246834177
198803638125199360
198803639358324736
198803639689691137
198803639786143744
198803639853252608
198803640138465280
198803641405157376
198803640650170368
198803641619066880
198803642160132097
198803642592137216
198803642248216576
198803643338731521
198803643397443588
198803644412465152
198803644223725569
198803644852862977
198803644475387904
198803645318438913
198803645096148993
198803644802543616
198803646048247810
198803645360381953
198803646278942720
198803645255516161
198803646593507328
198803647025520640
198803646010499072
198803647331708928
198803647419793408
198803647252017154
198803644332769280
198803647386222593
198803644966109184
198803647042293761
198803648078295041
198803648082481152
198803648753565697
198803648841646081
198803649089114114
198803649131065345
198803649131069440
198803649634373633
198803649865068546
198803650179629056
198803650297077760
198803651274354688
198803651987390464
198803653073711104
198803653111451649
198803653107261440
198803652746559488
198803653782540288
198803653811896320
198803654805946368
198803654801760256
198803654797565954
198803655422521344
198803655376375809
198803655707729920
198803656269766656
198803656575942658
198803656571760641
198803656324288514
198803656659845120
198803656743723008
198803657104433152
198803657452568576
198803657897148417
198803657540644865
198803657456758784
198803658526302208
198803658505334784
198803658614390784
198803658304008192
198803659696508929
198803659662954496
198803659331600386
198803660216602625
198803660287901696
198803659662958594
198803661240020993
198803661558792192
198803662162759680
198803660334043136
198803662250844160
198803661852389376
198803663324585986
198803664264118272
198803664700309505
198803664855502850
198803665342042112
198803665170083841
198803665484644352
198803665979588608
198803663081312256
198803667762163713
198803668038983681
198803667468562432
198803667338539008
198803667648921600
198803668466798595
198803669628633089
198803669632819200
198803669355986945
198803670228418560
198803670643654656
198803670886916096
198803670656221185
198803671537029120
198803672128434177
198803671981621248
198803672476565504
198803673101500416
198803672979869696
198803673193791489
198803673378328580
198803674041024512
198803674288496641
198803675563565056
198803675685195777
198803675534213123
198803675739734016
198803675358035968
198803676641509376
198803676561817601
198803676561817603
198803676284977152
198803676767322112
198803676645699586
198803677358727170
198803677518118912
198803678210162688
198803677736218625
198803678134673410
198803678117892096
198803677924966400
198803678503776256
198803679007096833
198803678788976640
198803679380381697
198803678860283904
198803678977728512
198803679464263680
198803680374439938
198803680835813376
198803680957431809
198803680764493824
198803681150382083
198803681141997568
198803681368477696
198803679971782657
198803683604041729
198803681074876419
198803683729879040
198803685197889537
198803685374042112
198803685495668736
198803685789278209
198803685453737984
198803685747335169
198803685889941506
198803686485536770
198803686342934528
198803687597019136
198803688356188161
198803689090187264
198803689257975808
198803689488650240
198803689924861953
198803689576730624
198803690180714496
198803690705006593
198803691296391168
198803691103457280
198803691334156288
198803691749380098
198803692303032320
198803692768600066
198803693590687745
198803693628428288
198803693401944065
198803693762658305
198803695750750208
198803695859810305
198803696300199937
198803694161100800
198803697302638592
198803697797570561
198803698829361153
198803698229579777
198803699152338945
198803699609518081
198803700112822273
198803699643064320
198803700712611841
198803698636435458
198803701710864385
198803701467586560
198803702713298944
198803702293860353
198803703724126209
198803704000937985
198803703443099649
198803704143544321
198803704328093697
198803704449744896
198803704609128448
198803703145316353
198803705976467456
198803705905164289
198803707104722944
198803707087949825
198803707150868481
198803707415109633
198803707402534913
198803707624820736
198803707243143168
198803708392374272
198803708929257472
198803708786651136
198803709088636929
198803708446916608
198803706882428928
198803709554200580
198803710439198720
198803711458418688
198803711731052544
198803711823327232
198803711752028160
198803711408095233
198803712347615232
198803712481824768
198803713840779265
198803714390237184
198803714759331842
198803714897756160
198803714994212865
198803714574794752
198803714675458049
198803714729975808
198803715598196736
198803715602399232
198803715099066368
198803716118282241
198803716302839809
198803716613222400
198803716172812289
198803717418516482
198803717955391491
198803717515001856
198803718710378496
198803719008161793
198803719469547520
198803719742164992
198803720300003329
198803720451010562
198803720392286208
198803720346144768
198803720295809026
198803721117904896
198803721604440064
198803721919016960
198803721369559040
198803722153893889
198803722548162560
198803723147948033
198803723533819904
198803724267823104
198803723844190208
198803724129419264
198803724699844608
198803725555478530
198803724976652288
198803725593227264
198803725563871232
198803726763442176
198803726230753282
198803726675357697
198803726520164352
198803727153508352
198803726838931456
198803727396765696
198803728252411904
198803728722182144
198803728785080322
198803728848003075
198803729254842368
198803728982220801
198803729099657217
198803729909170176
198803730148237312
198803729946914818
198803730328592384
198803731305857024
198803731058397184
198803731217780736
198803731733692416
198803731368783872
198803731448471553
198803732044062721
198803732182466560
198803732375416832
198803733386244096
198803733881171968
198803734078291968
198803734216708097
198803734963298305
198803735059759104
198803735147851776
198803735730851840
198803735336591362
198803735902822401
198803734468370435
198803735584047105
198803736104157184
198803736120934400
198803736620056576
198803736917839872
198803736611663872
198803736670384129
198803736808800256
198803737890922496
198803738004160512
198803738415218688
198803738603945985
198803739702861825
198803739199553537
198803740067766273
198803740516560897
198803740210380801
