198846774121742337
198846774864134145
198846776315355136
198846776290189312
198846777049354240
198846783248547840
198846783676362752
198846783743463426
198846784464883712
198846785064681472
198846785899335680
198846787077939200
198846787216359424
198846789439324161
198846790357876736
198846792861888512
198846794896130048
198846795403628544
198846795147771904
198846796456407040
198846796074721280
198846798494826497
198846798255751168
198846799237218304
198846799430172673
198846799291760640
198846800340332544
198846800172548097
198846801137250305
198846801703485440
198846801527316480
198846801611206656
198846802118721538
198846802055806976
198846805046345728
198846805004402688
198846805931327488
198846805839069184
198846806245908481
198846806929588224
198846805948121088
198846807793614848
198846807479042048
198846808242393089
198846807768440832
198846808250789888
198846809936904193
198846811077746688
198846812130516992
198846812839362560
198846812415733760
198846813292335104
198846813749522432
198846814110232576
198846814227660801
198846816068960257
198846817138507776
198846817813803008
198846817633452032
198846818111598593
198846820640768000
198846821165051906
198846821852909570
198846822796632064
198846823786496001
198846825791365122
198846826009477120
198846825892020224
198846822695968768
198846825657155584
198846826051403776
198846826256928768
198846825980108802
198846826361782272
198846826059800576
198846826563125249
198846827519418369
198846827808829440
198846827909480448
198846829478166529
198846829268443136
198846829633355776
198846831181037568
198846830900019200
198846832959438848
198846834603593729
198846835832524800
198846836461670402
198846837774499840
198846838412025856
198846837715763201
198846837711585280
198846841868124161
198846845450063873
198846845462642688
198846845286486016
198846847429779456
198846848943931394
198846849212358656
198846849287847936
198846849812135937
198846851447922689
198846852081254400
198846855449280513
198846856141348864
198846857080868866
198846857034743808
198846857240260609
198846860012699648
198846861874954241
198846863087124480
198846863082921984
198846863338774528
198846864081174528
198846864244740096
198846865108774913
198846864802582528
198846866606141441
198846866727763968
198846866560004096
198846869839941632
198846869915439104
198846870397784064
198846870955634689
198846870964011008
198846870745923584
198846871161151490
198846871408607232
198846871232458753
198846872956317696
198846870905307136
198846873463816194
198846872838881281
198846873468018688
198846873342193664
198846876534046720
198846877708468224
198846881286197249
198846880975818754
198846882573852673
198846882968109056
198846882301218817
198846883928621056
198846884343840769
198846884834578432
198846885329518593
198846886365503489
198846886734610432
198846885786685441
198846887619592193
198846888143884288
198846889418952704
198846889288941568
198846890626912256
198846890316537857
198846891012796416
198846892300443648
198846893227388929
198846893898469376
198846894187888640
198846894020116480
198846894376620032
198846894326296578
198846895404224512
198846895253229568
198846898482839552
198846898659004417
198846899200073728
198846899388813312
198846900311564288
198846901108486144
198846901477572608
198846901855068160
198846902534541315
198846903788638208
198846904635891712
198846905281810432
198846907571900416
198846907945197568
198846905625755649
198846908792455169
198846909589364736
198846910189158401
198846910486945792
198846910545657857
198846911107710976
198846911380324352
198846911342583808
198846910453391361
198846911917199360
198846912038834177
198846911669747712
198846912802201601
198846913213239297
198846913397796864
198846913880137730
198846913955639297
198846914706423810
198846914094051329
198846911556489216
198846916614819840
198846917382377473
198846919823458304
198846921224372225
198846921396326401
198846921874489346
198846924009390080
198846925615800321
198846925280260096
198846926773428224
198846927108972544
198846925892632578
198846927968804864
198846927998169091
198846928304340992
198846927834595329
198846917214613504
198846928824442880
198846929952710656
198846929986269184
198846930195984384
198846930581860352
198846931420725248
198846932817416193
198846932842582016
198846933815668738
198846934994255873
198846935191388160
198846936923643904
198846936957202432
198846937083023360
198846938785918978
198846938622345216
198846939243085824
198846939113074689
198846939591217166
198846939742216193
198846939738030081
198846940190998529
198846940383940608
198846941424123905
198846941902286849
198846942002941953
198846943294791682
198846943118622720
198846943802306560
198846945672966144
198846945471635456
198846945647804416
198846945798795264
198846946381803520
198846946612494337
198846946872524802
198846947858190338
198846947849809920
198846949468803073
198846949896622080
198846949707890688
198846950278303745
198846952010555392
198846952815857665
198846952903946240
198846953537286147
198846953130430465
198846953331757056
198846952979435521
198846953465982978
198846954149642240
198846954233540608
198846954137063424
198846954493587458
198846954782998528
198846950555136000
198846954501963776
198846955366006784
198846956716568577
198846956804648960
198846956947255296
198846958079709184
198846957878382592
198846957505085441
198846958046167041
198846959371563009
198846959421886465
198846959610630144
198846959841312768
198846961250615296
198846962160766976
198846963297419265
198846963557478400
198846962609553408
198846963897221120
198846964325040128
198846964073381888
198846966019522561
198846967948914688
198846969471438849
198846969106534400
198846969760845824
198846969710526467
198846970603913216
198846970469679104
198846970952040449
198846971090436096
198846973623799809
198846976203304960
198846977096695809
198846976924717056
198846977344155648
198846978363375616
198846978661171200
198846979349037057
198846979290300417
198846976954081280
198846980246601728
198846983086157825
198846983761444865
198846983610433536
198846985820839936
198846986097664000
198846986370293760
198846986340937729
198846987272069120
198846987582451712
198846987955736576
198846988626833408
198846988836544512
198846989562150914
198846990585569281
198846990635905024
198846991046950912
198846991181164544
198846991256657921
198846991210520576
198846990048698368
198846991281831936
198846991604781057
198846993005690880
198846993290903552
198846993903255552
198846994368827392
198846995685847040
198846995354488832
198846996054941696
198846996432429057
198846997300649984
198847001373323264
198847001381711872
198847002237337600
198847002426089473
198847002564509696
198847002296066048
198847002157645826
198847003134918657
198847003747303424
198847003499831296
198847004061872129
198847004187697152
198847004040904704
198847004581957632
198847006087712768
198847006742024192
198847007371177986
198847008193261568
198847008583331840
198847009032122370
198847009812254720
198847009959051265
198847010743398400
198847010537865216
198847011359961089
198847011880042499
198847012471443458
198847012970569728
198847012983160833
198847013641666560
198847014245638145
198847016518946816
198847016925806592
198847020570644480
198847020595806209
198847021707313152
198847022445502464
198847021061373952
198847023980617728
198847024488128513
198847024953700353
198847025444425728
198847025683496960
