198817581979803648
198817582717992960
198817582587985921
198817582973853696
198817583233896448
198817583783358464
198817584806764545
198817584664150016
198817584362172417
198817584529940480
198817584727068672
198817584626413568
198817585205215232
198817585473650690
198817585792434177
198817587264618496
198817587180744704
198817587851833345
198817588120256518
198817587751157764
198817588531314690
198817588896210946
198817588359331840
198817588132851712
198817587986055169
198817589038817280
198817590263549954
198817593107292160
198817592733990913
198817593988087808
198817594952781824
198817596424978434
198817596555001858
198817597234479105
198817598111105025
198817598278864896
198817598702493696
198817598626988035
198817599256133632
198817599365189632
198817599893671936
198817599843336193
198817600837386243
198817597448396800
198817601286176768
198817600870940674
198817602125041664
198817602448015361
198817602393485312
198817603035205632
198817603609837569
198817604176056320
198817604339630080
198817605803458560
198817605392400385
198817606306758657
198817606470336512
198817607174983682
198817607590223873
198817607590227968
198817608051589120
198817608437477376
198817608592654336
198817608886255617
198817609372794880
198817608596860929
198817610861789184
198817610756931585
198817610941480960
198817611524481026
198817611390271488
198817611377676289
198817612170403840
198817612828913664
198817612526923776
198817613047005184
198817612526915585
198817613441282048
198817613982351360
198817612610813953
198817614150111232
198817613999128576
198817615005757441
198817615022538752
198817615374848000
198817615953661952
198817619120365569
198817619132948481
198817620449964032
198817620663865344
198817621695672321
198817622756827136
198817622727471105
198817623012683776
198817623792816128
198817623117541377
198817624682004480
198817625315356672
198817625806077952
198817626045165568
198817625894158336
198817626800128000
198817627773222914
198817627957755904
198817628209418240
198817628737904641
198817629174104065
198817629316718592
198817629316722688
198817630193319936
198817630252044288
198817630201708544
198817630457573377
198817630151393280
198817630105251841
198817631405490176
198817630872813568
198817631598419968
198817631225135104
198817632399527936
198817633511014401
198817633565540354
198817634186297345
198817634605744129
198817634798673920
198817635163574272
198817635465560064
198817635343941634
198817636870664193
198817634664464384
198817637298479106
198817634828038144
198817638233817088
198817638409973760
198817637927620610
198817638091202560
198817639043301376
198817639286575104
198817639466942464
198817638997168129
198817640091877377
198817640758784000
198817641551507456
198817641543110659
198817640867835904
198817642046427136
198817642478436352
198817640947519488
198817642847539201
198817643417964544
198817643422171137
198817643682217985
198817643711574016
198817643682205696
198817643686404098
198817642897879044
198817643338280960
198817644143591426
198817645095698432
198817645297025027
198817646119104512
198817646186213376
198817646639202304
198817646035206145
198817646957957122
198817646186201088
198817646983135232
198817647385776128
198817647759073282
198817646949568513
198817648274972672
198817648153337857
198817648732151808
198817648694394881
198817649348710400
198817648992194560
198817649717813252
198817650086920192
198817650120470529
198817650816720897
198817651001266176
198817650665721859
198817651919826944
198817651814969345
198817652150509569
198817652116955137
198817652439924738
198817652678991872
198817653052289024
198817653094227968
198817652578320384
198817653014536192
198817653601738752
198817654046330881
198817654297993216
198817654327349248
198817653551403009
198817654734192640
198817654537064450
198817655065546754
198817655132659712
198817656080572416
198817656101535744
198817654750986241
198817655883444224
198817656445468674
198817656894267393
198817656739078145
198817657112367105
198817657250787329
198817658207088641
198817658383241216
198817658530045952
198817658731372545
198817659628957699
198817659876413442
198817660245520384
198817660572680192
198817660639789056
198817660585259008
198817660539109377
198817660329398272
198817660539109376
198817660530720772
198817661323444225
198817661407346688
198817661759668225
198817662359437313
198817661990354944
198817662812434435
198817662925672448
198817664012009472
198817663579992064
198817664490151936
198817664645332993
198817666264334338
198817666310475776
198817666587312128
198817667304521728
198817667925295105
198817669368127488
198817670232154112
198817670383149056
198817670576078848
198817671050043392
198817671276531712
198817671247183873
198817671217823747
198817671624671232
198817670978744321
198817672136376321
198817672425783296
198817672417378305
198817672388030464
198817674158018561
198817673633734656
198817674489376768
198817673830875136
198817675399532546
198817676070625281
198817676775264258
198817676993376256
198817677140164608
198817677257609216
198817677190508544
198817676892704768
198817677228244992
198817677316329472
198817678171967488
198817677047898112
198817678322958337
198817678717231104
198817679073755136
198817679228928002
198817679493181441
198817679572869120
198817679744839680
198817679920992257
198817680004886528
198817679153438721
198817680038440962
198817679904227328
198817680793403392
198817681242202112
198817682034917377
198817682383052801
198817682584387584
198817682550824960
198817682676662272
198817682559221760
198817683020595201
198817682978643968
198817682898948096
198817683813310464
198817684320821248
198817684371144704
198817685520392193
198817685633646592
198817685822377986
198817686099206146
198817686334091264
198817686812237824
198817687986651136
198817687969857536
198817688074715138
198817688095694848
198817688926167040
198817688972312576
198817689718882304
198817689991512067
198817690050240512
198817690381598722
198817690129928195
198817689983131650
198817690725515264
198817690440314881
198817689278484480
198817690826178560
198817691136557056
198817691539210241
198817691186892801
198817691929292802
198817691547615232
198817692336144386
198817693162414080
198817693133045760
198817692902359040
198817693200166913
198817693200154627
198817693544095744
198817694609448960
198817695033077761
198817694798184448
198817695741911040
198817691660849153
198817695800623104
198817696706609153
198817696127782914
198817696945672192
198817697323155457
198817697356709888
198817698371739648
198817698518544385
198817698661154816
198817698153639936
198817699277701120
198817699231567873
198817700292739073
198817699978149889
198817700275957760
198817699680358401
198817700510842880
198817701190303745
198817700867354625
198817700468891648
198817702083690496
198817702154993667
198817701441966080
198817702549266433
198817702847066114
198817702893199363
198817703794970625
198817704436711427
198817704575111168
198817705267175424
198817705187487744
198817704839352320
198817706286399488
198817706055700481
198817706970062851
198817706806489089
198817707058135040
198817707334963201
198817707402072064
198817707720851456
198817707888615425
198817707628560385
198817708471627779
198817708563906560
198817708660375552
198817708995919873
198817709700554754
198817709381783554
198817710547800066
198817711411830784
198817711449571328
198817711420223490
198817711608963073
198817712242311168
198817712493957120
198817712644964354
198817712506544130
198817712988893185
198817713584480256
198817713630617601
198817713546723328
198817712489762816
198817713941004288
198817714905677824
198817715245416450
198817715861979136
198817716067516416
198817716495327232
198817717371932672
198817717850083328
198817717741043714
198817718055604225
198817718617645056
198817718554722304
198817718621831168
198817718391152642
198817718986739713
198817718990934017
198817719087411200
198817719133544450
198817719376814083
198817719309713409
198817719670411264
198817720635101184
198817720119214082
198817721092280322
198817721377497088
198817721771761664
198817721868230657
198817722010828800
198817722031812608
198817722329604096
198817722333802496
198817721792737284
198817723483037696
198817723340423168
198817723424317441
198817723373989889
198817723608875009
198817724472885249
198817724217040898
198817724649046017
198817724531609602
198817725294977026
198817725437583360
198817725722791936
198817724791656449
198817725760544769
198817725907353603
198817725890564096
198817725857013760
198817725588578304
198817726515519488
198817726855258112
198817727199199232
198817727287271424
198817727480217600
198817729296343040
198817729522827264
198817729212461056
198817730131009536
198817729808048130
198817729719967746
198817731154427904
198817731406073857
198817732437872640
198817728512012289
198817732945391616
198817732324630529
198817732647596033
198817733092184065
198817733620670466
198817733402566656
198817733574541312
198817730546249728
198817734463717376
198817734673440769
198817735365500928
198817734807654401
198817735973670912
198817735986257920
198817736502161408
198817736548290560
198817735977865216
198817736175005696
198817736296640513
198817736200171521
198817736980303872
198817737173245953
198817737378770944
198817737039028224
198817737584295936
198817737546539008
198817737789804545
198817737794007040
198817737433288705
198817738305699841
198817738788052992
198817738871943170
198817739387842562
198817739874373632
198817739845017600
198817740604194817
198817741333999616
198817741497581568
198817741833121794
198817742328037376
198817742575505408
198817742403543041
198817743468904449
198817743850577922
198817744152559617
198817744316137474
198817744722993152
198817744349696001
198817744890761217
198817745322774529
198817747143110657
198817747604484098
198817748258795522
198817748137152512
198817747747094532
198817747898073088
198817748237828098
198817748678221828
198817749139603457
198817748602728448
198817749206700033
198817749219287040
198817749881987073
198817749957492736
198817750259470336
198817750053949440
198817750179790849
198817750393696257
198817750649544704
198817750334976000
198817751278686208
198817751140274176
198817751672958976
198817752058834945
198817752490835968
198817752566345730
198817752448909314
198817752973180928
198817753119981571
198817753078042627
198817753606520833
198817753245827073
198817753770098689
198817752918654978
198817754361495554
198817754210504707
198817754801913857
198817755657543680
198817754780938240
198817755762405376
198817755640766464
198817755108085760
198817756039229440
198817756215377920
198817756102144000
198817756769038336
198817756685148162
198817757796634624
198817757758898176
198817757674999810
198817757435924480
198817758006353920
198817758249631745
198817758518067201
198817758396416002
198817758731960324
198817758790680576
198817759302393858
198817759327559682
198817759776358400
198817759990255616
198817760028012544
198817759382089728
198817760371933184
198817761168863232
198817761466650625
198817762137735168
198817762691387392
198817763807084546
198817764637540352
198817765707104256
198817765686116353
198817765262495744
198817766076203008
198817766491439105
198817766147489792
198817766504005632
198817767158329345
198817767812640768
198817767284158464
198817767498055680
198817768005574656
198817768253030400
198817768525664256
198817768546639872
198817768542437376
198817768576004096
198817769175789569
198817769628778496
198817770446663681
198817770647977987
198817770727677952
198817771054833664
198817771079999489
198817771495227393
198817771654623233
198817772006940672
198817772925497346
198817773240061953
198817773487521792
198817773726601216
198817773890174977
198817773986656256
198817774351556609
198817774561267713
198817774997471233
198817775374962688
198817775622422528
198817776062836736
198817775672758272
198817776310296577
198817776574537729
198817776457093121
198817775169454081
198817776582934528
198817777266593792
198817777199484929
198817776595505152
198817777455337473
198817777358864386
198817778122235906
198817778608779265
198817778927538178
198817779049185280
198817779133054976
198817779170820096
198817779640573952
198817780101943296
198817780068401154
198817780710121473
198817780693344257
198817781129543681
198817780659789824
198817781335076865
198817781829992451
198817782186512384
198817781989392384
198817783184760834
198817783952322561
198817783931351041
198817784413691904
198817783730012163
198817783448997889
198817784841519105
198817784950562816
198817784984125441
198817785030246401
198817785273524225
198817784837316610
198817785562923010
198817786347274241
198817786074644480
198817786879950848
198817786468909056
198817787592966146
198817787362283520
198817787475525632
198817788511535105
198817788574437376
198817788645740544
198817789576888320
198817789371363329
198817789794975744
198817789849505795
198817790063423488
198817791044886528
198817790814203906
198817790310883328
198817791409786881
198817791594336256
198817791569178624
198817791296540672
198817792127021057
198817792580005889
198817792454176768
198817791837618176
198817792584200192
198817793284653056
198817793423052800
198817793603420160
198817793192370176
198817793754402817
198817793045565440
198817791653060608
198817794878480385
198817794706522114
198817795436318723
198817795746701312
198817795931250689
198817796359065601
198817796686217217
198817796665249792
198817797785128960
198817798183583746
198817798007435264
198817797579620352
198817798779191296
198817798670131200
198817799152467968
198817798779179009
198817799307665408
198817799328645120
198817799701929985
198817799529967616
198817800381411330
198817799899070465
198817800301723648
198817800016498690
198817800729530369
198817800733736960
198817800729526272
198817800645648385
198817801002168320
198817800784052225
198817801111224320
198817801794883586
198817802109452290
198817801912336384
198817802042343424
198817803032199169
198817803233529858
198817803476807681
198817804047233025
198817803128668161
198817804235976708
198817804420526080
198817804793815041
198817805087408128
198817799412527104
198817806073085956
198817805733335042
198817805292929024
198817806396043265
198817806857408513
198817807000027138
198817803950768128
198817808036016128
198817808501575680
198817808778395648
198817808702906368
198817809072009219
198817809227186176
198817809487249409
198817809877315586
198817809856348161
198817810015719424
198817811026542594
198817811164962816
198817811798298624
198817811840249856
198817812196765696
198817812435832834
198817812712652802
198817812704280577
198817813513768960
198817814092587008
198817814226808832
198817814176468993
198817814449098752
198817815027916801
198817814994362368
198817814482649089
198817814767874048
198817815409606656
198817816051326977
198817815925493760
198817816810500099
198817817997475840
198817817913597952
198817817573851136
198817818131701760
198817818945400832
198817818895060992
198817819473883136
198817818811183105
198817818765049857
198817819188662272
198817820790894593
198817820157550593
198817821344546818
198817821751386112
198817821600399361
198817821885612032
198817822707691521
198817822795771904
198817823659794432
198817823907250177
198817823869501440
198817825048117249
198817824930660353
198817825320730624
198817825492701184
198817826071527424
198817826662907907
198817826381897728
198817827048783872
198817828189642754
198817828290314240
198817828101554177
198817828701351937
198817828575510528
198817829322113025
198817829909299200
198817829741535232
198817830181941250
198817829749927936
198817830374866945
198817830261624832
198817831247294464
198817830676873218
198817831490555905
198817830811090946
198817831528300544
198817831419252737
198817832719499265
198817832388149248
198817833214427138
198817833214410752
