198809780381417472
198809780528234496
198809780742127616
198809780733747200
198809780675026944
198809781954289664
198809781966872576
198809782004617216
198809781660688385
198809781820076032
198809782528909313
198809782633758721
198809782252085248
198809784894504960
198809785095815168
198809785846595584
198809784940642304
198809785943072768
198809786257653760
198809786282811393
198809786756767744
198809786458980352
198809787264278528
198809786647707648
198809787138449408
198809787499155456
198809784491843584
198809785188102144
198809787201363968
198809787885031426
198809786807099393
198809784756076545
198809788501602309
198809787910193153
198809787960537088
198809788333834240
198809787549499392
198809788287692800
198809789306912768
198809788522569728
198809789743116289
198809790804275200
198809790108008448
198809791164973056
198809791013982208
198809791139819520
198809791206932482
198809791466975232
198809791445991425
198809792079347712
198809792280674305
198809792607821825
198809792049983488
198809792934977536
198809792150642691
198809793085968385
198809792398110720
198809793262125056
198809793543151618
198809793476050945
198809793526366209
198809793618644992
198809792993705984
198809794386214912
198809794201653248
198809794516234240
198809794482679808
198809794323283969
198809795782905857
198809796558852097
198809796479168512
198809796772761600
198809797141860354
198809797120884736
198809797926203393
198809798626656256
198809798395953153
198809798807011328
198809799482294272
198809799939465217
198809800220487680
198809800409227265
198809800757350401
198809800363098115
198809801436835840
198809801298427904
198809801545879552
198809801499742208
198809797804560384
198809801390702594
198809801910796288
198809802346987520
198809803148115968
198809803626266624
198809803173277696
198809804771299329
198809804993597441
198809801868853248
198809804670631937
198809804762923009
198809805618552832
198809805434011648
198809806570668032
198809806583238656
198809806860066816
198809806977511425
198809806960734208
198809807766044676
198809808361631746
198809805673078785
198809808294522880
198809807283691521
198809808781058048
198809809255018496
198809810408452097
198809810777546753
198809810710433793
198809810857234433
198809810936938497
198809810047737856
198809810962104320
198809811004035072
198809811851288577
198809811608018947
198809812220395521
198809812723707904
198809812828557314
198809813055045633
198809813491269635
198809813113782277
198809813692588032
198809813638053888
198809814145572864
198809814544031744
198809815106060288
198809815202541568
198809815152197633
198809815764574210
198809815512907779
198809816465022976
198809816754421760
198809817329049601
198809817568124929
198809818314702849
198809817928826881
198809817391960064
198809818931269635
198809819048714240
198809819149385729
198809819950485505
198809820218920960
198809820764184576
198809820944539648
198809820957118465
198809820780961793
198809821351387136
198809821607247873
198809819497504770
198809822131523584
198809822160891904
198809822462873603
198809822848745472
198809822928453632
198809823838605312
198809823683424257
198809824320950272
198809824379670531
198809824287399936
198809824941719552
198809825000427521
198809825159823360
198809825205956609
198809825491169282
198809825751212032
198809825440841729
198809826195816448
198809826279686144
198809826522963970
198809827122757633
198809827340845057
198809827777060864
198809827772858369
198809827688972288
198809827621863424
198809828150353920
198809828351684608
198809828754325506
198809829165371392
198809828225847296
198809829245067266
198809829974880256
198809830755020800
198809831791005696
198809831866499073
198809830729850880
198809832613101570
198809832420147201
198809833628123137
198809833602953216
198809834047553537
198809832797646848
198809833988820992
198809834269835265
198809835154849792
198809835159027712
198809835637190656
198809835632992257
198809835758829570
198809835515543553
198809835276484612
198809833217064961
198809837767884800
198809837776277506
198809838006972416
198809838548029441
198809839084896258
198809838988435456
198809839307198465
198809839655321602
198809839755997185
198809839596601345
198809840234139649
198809840246718464
198809840364167169
198809840376741889
198809840796172288
198809841819598849
198809842733948928
198809842729746433
198809842524233729
198809841005895681
198809842801061890
198809843040137217
198809843463749632
198809843371487232
198809843606368257
198809843614748672
198809840414507009
198809843321151488
198809844000624640
198809844025794560
198809844621385728
198809845288275970
198809845254729728
198809845430878210
198809845028237313
198809845636407296
198809845841920001
198809846571732993
198809846546567170
198809848899567617
198809849075736577
198809849134448642
198809848832462848
198809849725857792
198809849457418240
198809850187227136
198809849411272704
198809850661191682
198809851030282241
198809851034480640
198809851286134785
198809852124995584
198809852066279426
198809852414402562
198809852640886784
198809852498284544
198809852951277568
198809853995655169
198809853865627649
198809852246622209
198809854356357120
198809853966295040
198809853169381376
198809853064511489
198809854809350144
198809855727902720
198809855845335040
198809856474492930
198809858525495298
198809858462588929
198809858634547201
198809858978480129
198809859670552576
198809859779592192
198809859733467136
198809859846709248
198809860236787712
198809860400365578
198809860094181376
198809860102569985
198809860693954560
198809858575843328
198809857892171778
198809862002577408
198809862250041344
198809862828851200
198809862937903104
198809863227318272
198809862782717954
198809863504150528
198809863793553410
198809864192012288
198809864334618624
198809864485613570
198809864653385730
198809864196210688
198809864879869954
198809865060237312
198809864439480320
198809864728879104
198809865077002240
198809865676787712
198809865915867136
198809864988934145
198809865894899715
198809865836183552
198809863646740480
198809866398208001
198809867148996608
198809867224489984
198809866326904832
198809867039944704
198809867891376129
198809868180787200
198809868747014144
198809868721856512
198809869137100801
198809869481017344
198809869380362240
198809869288079360
198809870085009409
198809870122745857
198809870391197696
198809869451665408
198809870785462273
198809871120994304
198809871280381953
198809870944837635
198809870957416448
198809871037108224
198809871662063617
198809871632699393
198809871943090176
198809872081498113
198809872287014912
198809872261853184
198809872320573441
198809871838232576
198809872366702592
198809873117483008
198809872383483904
198809873444646912
198809873780178944
198809873973125120
198809873465606148
198809872438013952
198809873704681473
198809874010865664
198809872517705729
198809874342227969
198809874400944130
198809874082185219
198809874514182144
198809874690359297
198809874811985923
198809874933612544
198809874958790656
198809875508244480
198809875579535360
198809875730530304
198809875382407169
198809875764084736
198809876342902784
198809875986391040
198809878037397504
198809878356172802
198809877697662976
198809878884655104
198809879622844416
198809879664803841
198809879845142528
198809879631241217
198809880486887424
198809880507846657
198809880289738752
198809880642060290
198809880860176384
198809880528814080
198809880646254594
198809881170554880
198809877999652867
198809882240090112
198809882458210304
198809883280293888
198809882684686337
198809883406118914
198809883540340738
198809883313831936
198809883678736384
198809884161089536
198809883934597121
198809884601499650
198809884236582912
198809884890894338
198809884320464898
198809885884956672
198809886329552896
198809886275026945
198809886535065600
198809886597980160
198809886082076674
198809880562372608
198809887814320129
198809887860461568
198809888548335616
198809888196009984
198809888867098624
198809889403969536
198809889995366400
198809890423189505
198809890595151872
198809890523844609
198809887457816576
198809889898905603
198809890884567040
198809891224297474
198809891824087040
198809891320774656
198809891161374721
198809892197380097
198809892239314944
198809892176400384
198809892105097217
198809892319010816
198809892574867457
198809892784586752
198809893078179840
198809892998496258
198809892759408640
198809893287886849
198809893694746624
198809894516830210
198809892734255105
198809894843985920
198809895015952384
198809895552823298
198809895728984065
198809895712198657
198809895347290112
198809895762538496
198809895825440769
198809896576221185
198809897406705664
198809897394122752
198809897612218368
198809897633198082
198809897054388224
198809898144907265
198809898153283585
198809898228785152
198809898669178880
198809899050872833
198809898413342720
198809899004735488
198809899411570689
198809899306713090
198809899856175106
198809899243814912
198809900577587200
198809901026385921
198809900988641281
198809901139636225
198809900485324801
198809901252870144
198809901470986243
198809901961707521
198809901991067649
198809902599241729
198809902808965121
198809902314037248
198809902905438208
198809903308095488
198809904432164864
198809904562188289
198809904981614594
198809905757552641
198809905635926016
198809905942106112
198809905644310528
198809906940350464
198809907078758400
198809907733086211
198809907494006784
198809905560424448
198809908169285633
198809908534181890
198809908479655936
198809908878118912
198809909041704961
198809909633093632
198809909159141376
198809910144806913
198809910421626880
198809911050768384
198809910782328832
198809911700881409
198809911579262976
198809912732680194
198809913101778944
198809913521217537
198809913781256192
198809914011951104
198809914578178048
198809914855010304
198809915412840448
198809915568029697
198809915882606592
198809914318139392
198809915903586305
198809916327206912
198809916406906880
198809916604039171
198809916931194881
198809916578865153
198809917321252864
198809918139138050
198809915870035968
198809917094760448
198809919149977600
198809919229673472
198809919615545347
198809919913332736
198809920014000128
198809920076922880
198809919938506752
198809920320192512
198809920072728578
198809921037418496
198809921192607747
198809921364561920
198809921674936320
198809919502303232
198809922455093250
198809921502982144
198809922182459392
198809923004547072
198809923218452480
198809923516243968
198809924472549378
198809925105893376
198809925131059200
198809925336571905
198809925500141568
198809925802135555
198809925894414338
198809925776969728
198809925630164992
198809927001714688
198809926032830465
198809926745853952
198809927593099264
198809928188702720
198809928692011008
198809928968835072
198809929690251266
198809929711239168
198809929535070208
198809929707040769
198809931288297473
198809931875491840
198809932517220352
198809932567543809
198809932257181697
198809931707715585
198809932643053571
198809932605308929
198809934266253313
198809933695827968
198809935021215744
198809935281270785
198809935612612610
198809935679717376
198809935826518016
198809935893635075
198809935805558786
198809936262725635
198809936912855041
198809937047060481
198809936623443968
198809937042870272
198809937244205057
198809937240002562
198809937479077889
198809937474879488
198809935818129408
198809937781067776
198809937944653824
198809937227415552
198809938502488064
198809939051937792
198809939244875778
198809939567837184
198809939806928896
198809940075347970
198809940444459008
198809941069398017
198809940712882176
198809934207516672
198809941367197699
198809941446885378
198809941660803072
198809942067654656
198809942239617025
198809942298345472
198809943225282561
198809943237861376
198809943116230658
198809944663932928
198809944890417152
198809944286441472
198809945171435520
198809945582485505
198809944793939968
198809945108529153
198809945775415296
198809946224205824
198809946991759361
198809947750936577
198809947784491008
198809948308774914
198809947855794176
198809948577206274
198809948912754688
198809948942118912
198809948895985664
198809949084729345
198809948262629376
198809949332180992
198809949424467968
198809949181198336
198809949994893313
198809949860671489
198809946266152961
198809950095540224
198809951127343104
198809951676805120
198809951177670656
198809951714541569
198809951920062464
198809951588716545
198809952360468481
198809953211916291
198809953526480896
198809952893153281
198809953438412800
198809953966895104
198809954168213504
198809953979482113
198809954386313216
198809954839314432
198809953975275522
198809954860277763
198809955137110017
198809956248588290
198809956072431617
198809956831592448
198809956860956674
198809957129396224
198809956491866112
198809957766930432
198809956970016769
198809958018584577
198809958299615232
198809958287020033
198809958568046592
198809958089895936
198809958530285568
198809959201390592
198809959012638720
198809960107356161
198809960916844544
198809960698753024
198809962691039233
198809962774921217
198809962959470592
198809963139833856
198809962774925312
198809963244687360
198809964066779137
198809963404075009
198809964406505473
198809963785752577
198809964909821953
198809964855300096
198809965169868801
198809965312487424
198809965283131393
198809965354426369
198809966126170115
198809967384469504
198809967090864130
198809954851880960
198809967657103360
198809967787126786
198809969347403776
198809967904571392
198809969414504448
198809969456463872
198809969620041730
198809969783603202
198809970169495552
198809969276108800
198809970601496579
198809970286927875
198809970815414272
198809971650068481
198809971742343168
198809971817840640
198809967401242625
198809973025808384
198809971905937409
198809973977919488
198809974531567618
198809974472851456
198809974506401792
198809975513022466
198809975097790465
198809976226070528
198809976293175297
198809976402214914
198809976142176258
198809976465133570
198809970463084545
198809977031360515
198809977320779776
198809977291419649
198809977429819393
198809976582586368
198809977475956737
198809977916370945
198809977656315904
198809978100916226
198809978423873536
198809978478407680
198809979141103616
198809977064914946
198809979162075139
198809980315500546
198809981041119232
198809980974010369
198809981745758208
198809981947092993
198809981892562944
198809982622371840
198809982530105345
198809982622375936
198809983285075970
198809983276695552
198809983524155392
198809983121506304
198809982823702530
198809983746445312
198809983524155393
198809980361654273
198809984585318400
198809985306722304
198809985143148545
198809985642266624
198809985029910528
198809986141405186
198809985520644097
198809986292400128
198809986451779585
198809986728603648
198809986820870144
198809987907207169
198809987668115456
198809987303211008
198809988184031234
198809988339220481
198809988142084096
198809988481814529
198809988465037313
198809989228412928
198809989832380416
198809990050480129
198809990784499712
198809991141007360
198809990599950338
198809991614959617
198809991539466240
198809991694659586
198809992042778624
198809992168607746
198809992177000449
198809992520937473
198809992969728001
198809993099743232
198809993049411585
198809993351405570
198809993796001792
198809993397542912
198809994479665152
198809994995576832
198809994903293952
198809995708600321
198809996555845632
198809997268889601
198809997310824448
198809997235326977
198809996773953537
198809996736212992
198809997679927296
198809998632030208
198809998594293760
198809998179045376
198809998913060864
198809999126966272
198809999152119809
198809999085019136
198809999449915392
198809999651258370
198810000192311297
198810000427200512
198810000087449601
198810000360095744
198810000578191361
198810001047957504
198810001043759104
198810001282834432
198810002377547776
198809999970013184
198810002633396225
198810002356568069
198810002637590528
198810003711344640
198810004323700736
198810004617314304
198810005263220737
198810005787521025
198810005753958400
198810005430996992
198810004881551362
198810004667637760
198810007427485696
198810007565910016
198810007121305600
198810007779807232
198810008174080001
198810008153104384
198810008505425922
198810008551559168
198810008371204096
198810009063272448
198810009625300992
198810009474314240
198810010002784258
198810011122675712
198810011252703232
198810011873443840
198810011923775491
198810012049612800
198810012234170370
198810011986694145
198810012687142912
198810013282746368
198810012846522371
198810011659546625
198810013668622337
198810013677006849
198810013337272322
198810013874139136
198810014142562306
198810014595555329
198810014402625536
198810015270842368
198810015346343936
198810014486511617
198810016319406080
198810016604618753
198810016856289281
198810017099550720
198810017456062464
198810017623842817
198810018257178624
198810018928267267
198810019305766914
198810019448369152
198810019066675201
198810020077510656
198810020731817986
198810020819910657
198810020933144576
198810021075759108
198810021054775298
198810021499383810
198810021738450944
198810021994299392
198810022401150977
198810022631849985
198810022854144000
198810023084826626
198810023521042432
198810023181295617
198810023164522496
198810023047073794
198810024032747520
198810024288587776
198810024355692548
198810024997429248
198810025077116928
198810025488154624
198810024879996930
198810025739829249
198810025010012160
198810025030983680
198810025882435584
198810026171834368
198810026201202689
198810026637393920
198810026834538498
198810027375607808
198810027493036032
198810027597901825
198810027644026881
198810028252205057
198810028340289536
198810028386422784
198810028998795264
198810029636337665
198810030231920642
198810030621999105
198810031125299200
198810031066591232
198810031544741889
198810031662174208
198810031964168192
