198776311009914880
198776312469524480
198776313027375104
198776313325162497
198776314361163776
198776314814144512
198776315820785664
198776314755420164
198776318047956992
198776321252397057
198776322972073984
198776323211137024
198776325941641216
198776325140525057
198776326293962752
198776327296389120
198776328978317313
198776329649401856
198776330748301313
198776332572827649
198776336821661696
198776336288985088
198776338109300737
198776339820593153
198776341192126464
198776341598969856
198776340999176193
198776343931011075
198776345742950401
198776346342719489
198776348678946816
198776353816969216
198776354613886976
198776357239533568
198776357747032064
198776357788987394
198776358837551105
198776359768686592
198776361656127488
198776362566287360
198776363447103488
198776363577131009
198776365565222912
198776365904961536
198776366362132481
198776366957727745
198776367221968896
198776368413147136
198776370069905408
198776371584053250
198776372154482694
198776372989149185
198776373064630272
198776375417651201
198776375572832256
198776373479874560
198776375539281921
198776376608821248
198776376965349377
198776378420772865
198776379544846339
198776379888766976
198776378815025154
198776380920569856
198776382560534531
198776383810437120
198776383823032322
198776384431206400
198776386125705216
198776385865654273
198776385492361216
198776389988646912
198776389757972481
198776390114480129
198776392597508098
198776393264414720
198776394648526848
198776395730649089
198776396171063296
198776398251433984
198776400386342912
198776402189885440
198776402361860097
198776403414630401
198776404664524800
198776405079752704
198776405306249217
198776404853268480
198776405176233987
198776405042012161
198776406539378688
198776407197876227
198776407885758464
198776409529909248
198776409869664256
198776409978703873
198776410230374402
198776411044061185
198776411962621952
198776412835024897
198776414756012032
198776416391806977
198776417335513088
198776420158279680
198776420586102784
198776421412372480
198776423169794049
198776424792985600
198776426428776449
198776426323906560
198776426311323648
198776426512662529
198776427057905664
198776427645124608
198776428370726914
198776430488858626
198776430929260544
198776433118691331
198776433659756544
198776433710071809
198776434943205376
198776435350061058
198776436474126336
198776437241679872
198776439741485058
198776439565332480
198776441125605377
198776441834442755
198776443742846977
198776445223436288
198776447962324992
198776449396768768
198776447555469313
198776451116437504
198776451212918787
198776451280027648
198776452185993218
198776452139843585
198776453926625280
198776454123753472
198776454132142080
198776454484459520
198776456699064321
198776457638580224
198776457550508033
198776458586488833
198776458699743232
198776459689603072
198776461933559810
198776462411702273
198776462562689024
198776465070899201
198776466199154688
198776466056556544
198776466526310400
198776468069818368
198776462868885508
198776469684617216
198776470758359040
198776470582206464
198776475107864576
198776477389557760
198776480577232897
198776484796698624
198776484092059649
198776485165797378
198776486147272704
198776489817284609
198776491377573888
198776491495002113
198776494800109568
198776495324413952
198776500617621506
198776503264231424
198776503515885568
198776504828698624
198776505105526785
198776512210677760
198776512344887296
198776513062109184
198776513313779712
198776514244919297
198776511053049856
198776515255734272
198776516040081408
198776516933455872
198776517671657473
198776519005442048
198776521085812736
198776521597517824
198776521358454785
198776521261989889
198776521886932992
198776518275645440
198776523510120448
198776523405271040
198776526060261376
198776526907523072
198776525691162624
198776529499590657
198776530321678337
198776529776410625
198776535568748544
198776537208729601
198776539347824640
198776540417372160
198776540958437376
198776542174773248
198776542619385856
198776546608160768
198776547803537409
198776548206194688
198776549351227392
198776553524563968
198776555420385280
198776555990827008
198776559753113600
198776561456001026
