198783106692558848
198783107917283328
198783107908911104
198783107523031040
198783107850174464
198783108764532737
198783110232555520
198783110786191360
198783109649547265
198783112153542656
198783113189535744
198783113818681345
198783115232161792
198783117048283136
198783117262192640
198783117845200896
198783122094030848
198783122471530497
198783122660274176
198783122488307712
198783123658518528
198783125780840449
198783127198511105
198783127857016834
198783128691675136
198783130184847362
198783130990153729
198783131300532224
198783132181340160
198783132604973059
198783132265222144
198783132789522433
198783132525268992
198783133099884545
198783134886670337
198783135952027649
198783136614723588
198783136904122368
198783137269022720
198783137029947393
198783137965289472
198783137482940418
198783139043213313
198783135616483331
198783139001286657
198783139324239872
198783139827556352
198783139957583873
198783140020486145
198783141136179200
198783141031321600
198783140536389632
198783140473479170
198783141618524160
198783143313022976
198783143413694464
198783144206417920
198783144613265408
198783145364033538
198783146135785472
198783146697834496
198783146903355392
198783146186121217
198783146702016512
198783147624771585
198783147943538689
198783148912422912
198783149998739456
198783150317514752
198783149889699841
198783152322396162
198783151861010433
198783152611803137
198783155103215616
198783155702992897
198783156902563840
198783157460410369
198783157477179393
198783158693543936
198783160329314304
198783160996200448
198783161872822272
198783161889587200
198783161830866947
198783162002837504
198783164351643648
198783165853216768
198783165266010113
198783165391835136
198783168105553920
198783168592101377
198783168696950784
198783169804242944
198783170177540097
198783169791668225
198783170202710018
198783171666522112
198783173096783872
198783175122620416
198783175378477057
198783175927930882
198783177815375872
198783177815363585
198783178037673984
198783178767470593
198783179316932608
198783178599698434
198783178691973120
198783179702812672
198783180961099777
198783183947436033
198783185037963264
198783186019422210
198783186514345985
198783187772645376
198783188712169472
198783188863172609
198783189098037248
198783189123207168
198783189592969216
198783193732743169
198783194550644737
198783195179786240
198783196077371392
198783196748460034
198783198128386050
198783198476509185
198783199210508288
198783199051128833
198783199315369984
198783200020017152
198783201433501697
198783201995530241
198783202612084736
198783198140968962
198783205296455681
198783206017867777
198783206290493440
198783205552291840
198783208853217280
198783210375753729
198783211499823105
198783211931836418
198783212812648448
198783213357891585
198783213857013760
198783213580193792
198783214481973250
198783215278886912
198783212741345280
198783216331661313
198783216814006273
198783216893702146
198783217883553793
198783217938071552
198783218017775617
198783218051334144
198783218395262977
198783219439644672
198783219594833920
198783220966367232
198783221356445696
198783222400811008
198783222920908800
198783221121552384
198783225026449408
198783224883838977
198783225546555392
198783227509481473
198783227337519106
198783228868444160
198783228956524544
198783229669552129
198783229837320193
198783232983048192
198783233326977025
198783238012018688
198783239358394368
198783239324844033
198783240771866624
198783240650227712
198783241719787523
198783242252464130
198783242558644224
198783246459355137
198783248103514115
198783247881220096
198783248829124608
198783249542156289
198783247969292288
198783250230022144
198783251538653184
198783251333132288
198783252796948480
198783249844146176
198783254889902081
198783255762313216
198783256341118980
198783256747982849
198783256450179072
198783258056601600
198783258866102272
198783259184857088
198783258954178565
198783262032797696
198783261751787520
198783262448037889
198783263827951618
198783265467940864
198783265937702914
198783265719582721
198783265895743488
198783266420031489
198783267514757120
198783267565076481
198783267586048000
198783267988717569
198783271637757952
198783272367554560
198783272329822209
198783272807956480
198783276738019328
198783277757239296
198783278436712448
198783278696775680
198783278839382017
198783279795679232
198783283029487616
198783283096584192
198783283453108225
198783285109862400
198783285843857409
198783286573662208
198783287995531264
198783287970365440
198783288637259777
198783289803292673
198783290088497152
198783290713452544
198783290268856321
198783290902196224
198783290172391424
198783290956709888
198783294274408449
198783294429601792
198783294609948672
198783294618349570
198783295385903104
198783295469793281
198783295780159488
198783296409313282
198783296069574656
198783296665165826
198783297134931968
198783298066059265
198783298049286147
198783298804264961
198783299047526401
198783299823484928
198783301035634688
198783302923075585
198783304525283328
198783307285147649
198783307968811009
198783308077862912
198783309038358529
198783309587816448
198783309424238592
198783310401511425
198783310959353858
198783310556704770
198783312884535296
198783314948132866
198783316634243072
198783316332253186
198783316961406977
198783316999143424
198783318303576064
198783320014864385
198783320404930562
198783320958570497
198783321373814784
198783321742917632
198783321914880000
198783323844251649
198783323819089921
198783324217548800
198783328546066432
198783330437701632
198783330127314945
198783335005298688
198783335361818625
198783335743496192
198783336662044675
198783338100699137
198783339224760322
198783339375759361
198783339132502017
198783340491440128
198783342022369280
198783342349520897
198783343398105088
198783343440039938
198783345881128961
198783346644492288
198783347625951234
198783347923759106
198783348003438592
198783342173372416
198783350318702593
198783350339665920
198783351564419073
198783352222912512
198783352294211584
198783353070170112
198783353674153984
198783353913229313
198783353133080578
198783354403962880
198783355024711681
198783355565768705
198783355574173697
