198836204521783296
198836204765052930
198836204995739648
198836205083832320
198836205209649154
198836205499060225
198836205708771328
198836205935267840
198836206161772544
198836206740570112
198836206925127681
198836206866411520
198836206858010624
198836206988050432
198836207352950784
198836206665076737
198836207122251777
198836208418304000
198836208510570497
198836208200196096
198836208896454657
198836209135529985
198836209345245184
198836209563348993
198836209680793600
198836209726930944
198836210968440832
198836211190738944
198836210897129473
198836211949912064
198836211031343104
198836212289642496
198836212759412736
198836212738424832
198836213157871617
198836213317242881
198836213875085312
198836215410200576
198836215594758144
198836215963856896
198836215301144576
198836216244867072
198836215913529344
198836216613974017
198836217016631297
198836216291000320
198836217192775680
198836216957906944
198836217608028161
198836217310216193
198836216911761408
198836217696104448
198836217633177600
198836218329448448
198836218329440256
198836218358796288
198836218866319360
198836218925031424
198836218987945984
198836219248001026
198836219197657088
198836219235418113
198836219868758018
198836220233662464
198836220837625856
198836221663920128
198836221764571136
198836221303205888
198836221127032833
198836221861052417
198836222142066689
198836222393729025
198836222402105345
198836222762823680
198836223408742400
198836223119327233
198836223689752576
198836223094173699
198836221932351488
198836223748481024
198836223719112705
198836224285351939
198836224629288960
198836224839004162
198836225250037763
198836226017595392
198836227116503042
198836227238133760
198836227640799234
198836227984723968
198836227905044481
198836227514957825
198836227955367939
198836228345434114
198836228798427137
198836228559351811
198836229402411008
198836229494669312
198836229154947073
198836230417428480
198836230681657344
198836230732001280
198836231038185472
198836231461806080
198836231759593472
198836231872851969
198836231944146945
198836232028033025
198836232581685248
198836232661381120
198836232745267201
198836232929808384
198836232879480833
198836233059831808
198836233558953984
198836233642844160
198836233156304896
198836233672196097
198836233605095424
198836233433124866
198836234020327425
198836234049691648
198836235278630913
198836234909528064
198836235358310400
198836235492536320
198836235211522048
198836236079730690
198836236419473410
198836236406894592
198836235400257536
198836236675334144
198836236700483584
198836237245751299
198836238202056704
198836238151712768
198836238197850112
198836238579535872
198836238587928577
198836238856359938
198836238931869696
198836238390792192
198836239061876737
198836238650834945
198836239397433345
198836239502282752
198836239628124160
198836239548424192
198836239951073280
198836239967854592
198836239984623616
198836240106270723
198836240085303297
198836240227905536
198836239703617536
198836240018190337
198836239502286848
198836238478876674
198836241272274945
198836241431662593
198836241318428672
198836241708482560
198836242161475584
198836242132123648
198836241301639168
198836242287300608
198836242312462336
198836242325057536
198836242975174658
198836243314900994
198836243692392448
198836243805638657
198836242295685123
198836243503652864
198836243725946880
198836242559942656
198836243868549120
198836244522868736
198836244074070016
198836244707426305
198836243746930689
198836244871000064
198836245110067200
198836245160398849
198836245391089664
198836245906984960
198836245881823233
198836246053785600
198836246104125440
198836246267703299
198836246389329920
198836246527754241
198836246422880257
198836246645182464
198836246997504001
198836246963957762
198836247232397313
198836248306139138
198836248293543936
198836248226435073
198836248922697730
198836249207902208
198836248813633537
198836249442787329
198836249648312321
198836250168397825
198836249560223744
198836250445225986
198836250516520960
198836250776576001
198836251137294336
198836250839498753
198836250789154816
198836252085202945
198836252701765632
198836253049896960
198836252391391232
198836252441710592
198836253234434050
198836253502881793
198836253670649858
198836253838409728
198836253112807424
198836253985218560
198836254639534082
198836255168016388
198836255432261632
198836254966689793
198836255595839490
198836256380162048
198836256807989248
198836257030287360
198836257466486785
198836258078859267
198836257462296576
198836258166939648
198836259953717248
198836260247306241
198836259551068161
198836260838719489
198836261081972737
198836261098762244
198836261631442945
198836261337841664
198836261673377794
198836262189285376
198836262575144960
198836262923276288
198836262642266116
198836263133003776
198836263757955072
198836263615332352
198836263862800384
198836264013803521
198836264475172865
198836264852664320
198836264433229824
198836264869441536
198836265926402049
198836265787981825
198836265985122305
198836266387767296
198836265557311488
198836266731704320
198836267729960960
198836268103237632
198836268539445249
198836268354912256
198836269709672449
198836269315391490
198836270842130433
198836271433515008
198836270481424385
198836272108802048
198836272645685248
198836272607928320
198836272792485890
198836272846995457
198836273115447296
198836273367105536
198836273601982464
198836273748770816
198836274235310080
198836274331791360
198836274243706880
198836274386305024
198836274486976512
198836274755411969
198836274407292928
198836275317448704
198836275128713217
198836276265357312
198836276491849728
198836276198256640
198836276953231362
198836276986789888
198836275703328769
198836277414604801
198836277406216192
198836277351686144
198836277775306752
198836277683027969
198836278282813441
198836278312185856
198836278261854208
198836278668689408
198836278421229570
198836278849056768
198836278874214400
198836279138455552
198836278639341570
198836278878416896
198836279587246080
198836279142653952
198836279738245120
198836279658557440
198836279817928704
198836280187027456
198836280207998977
198836280145100801
198836280031854592
198836280434499585
198836280816173056
198836281415962624
198836281655037952
198836281634070529
198836281428541440
198836281579552768
198836282380648448
198836281965428736
198836282871394306
198836282485522432
198836283194347522
198836282695225344
198836283357929472
198836283374706689
198836283492151296
198836283789946881
198836284112900096
198836284343595008
198836285236985857
198836285287313408
198836285190844416
198836286222647296
198836286369439745
198836286776287232
198836285933236224
198836287053107200
198836287095058433
198836287157960704
198836288017809408
198836287296389121
198836287971655681
198836287506104321
198836288378503168
198836288034570241
198836288248487937
198836288995078144
198836288982499331
198836290341453825
198836291830431744
198836291738157057
198836291943673856
198836292035936256
198836292178546688
198836292216291328
198836292392468481
198836293327790080
198836293617201152
198836294279892992
198836296079257600
198836296356081664
198836296750350336
198836296960061440
198836297152991232
198836297731813376
198836297866022912
198836298633580544
198836298281267201
198836300659425280
198836301317935104
198836302093889536
198836302119047170
198836302387490817
198836302337163264
198836302387486721
198836302945333248
198836303138275328
198836303649968128
198836304136507393
198836304836968450
198836304321069057
198836304719519744
198836305000538112
198836305248002049
198836305969418240
198836305952653313
198836307286429697
198836307580035072
198836308125294592
198836307835883520
198836307886211072
198836308859293696
198836309035462656
198836310075654144
198836311099056130
198836311417815040
198836311908552706
198836313296871425
198836310851592193
198836313783402497
198836314852962304
198836314991374337
198836314974597120
198836315201085440
198836315977023488
198836316090269696
198836316232876032
198836316216098817
198836316576813057
198836316627140608
198836317348564993
198836318267113472
198836317914808321
198836318359396352
198836318934020099
198836318602674178
198836319475081216
198836319584124928
198836319781261313
198836317738639360
198836321198936065
198836322117496832
198836322742452225
198836322574680066
198836319336665088
198836323312861184
198836322868277249
198836324046880769
198836323711324162
198836324269170688
198836323572916226
198836324541804544
198836324386607104
198836324806049793
198836324831207424
198836324508246016
198836325439377411
198836325686853632
198836326127255552
198836326613794816
198836326777356290
198836326815121408
198836326437621760
198836327146459137
198836327612035073
198836327570092032
198836327733657602
198836328698359808
198836328916451328
198836329004531714
198836329088421890
198836328882905088
198836329533030400
198836329520431104
198836329574961152
198836329629491200
198836329717567488
198836329944072193
198836330216693760
198836330136997890
198836330308972544
198836329855987712
198836331365933056
198836330116030466
198836330787110912
198836332439678976
198836332754243587
198836332896858112
198836333484056576
198836333576335360
198836333014298624
198836333886709761
198836333735710720
198836334641692672
198836334801063938
198836334834626560
198836335321169922
198836336088719360
198836336709484544
198836336650764288
198836336935960577
198836337229565952
198836337305059328
198836337447665666
198836337741279232
198836338043256834
198836337690939392
198836338252980224
198836337976152065
198836338479480833
198836338554974209
198836337997127680
198836338991185920
198836339196702720
198836338894708736
198836339913920513
198836340505325568
198836340496941056
198836340987662336
198836340522090497
198836341755224064
198836342044622848
198836343239999490
198836343277760512
198836343370022912
198836344070488064
198836345102270465
198836344611540992
198836345173590016
198836345567838209
198836346058588165
198836345525911552
198836346519949312
198836346893250560
198836347472052224
198836347694354432
198836348071841792
198836349132996608
198836349434990592
198836349745377281
198836349896368128
198836350567452672
198836351079170049
198836350655545344
198836351808966660
198836352018677762
198836351829950464
198836352492646401
198836351095943168
198836352723337216
198836352836579328
198836352803028993
198836353641889792
198836353025327104
198836353251807232
198836354099056640
198836354279411712
198836354564624385
198836354958888961
198836355034382336
198836355302834176
198836355550294017
198836353541226496
198836355676119040
198836356821172224
198836357509021696
198836357571936256
198836357278351361
198836358570188800
198836357475471360
198836358972837888
198836359157391361
198836359199342592
198836359283220481
198836359463583744
198836359178371074
198836359748780032
198836359824277506
198836360646361088
198836361141293056
198836361858523136
198836360415690753
198836361401339904
198836361938206720
198836363838242817
198836363783708674
198836363683049472
198836365121687554
198836365729857536
198836365750837249
198836366103150593
198836366279315458
198836366572929024
198836367600521219
198836367978008578
198836368170946560
198836369336975360
198836369810923520
198836369978695680
198836370318438401
198836370544918528
198836370532352001
198836371257950208
198836371501236224
198836372839215105
198836373019561984
198836373027958785
198836372579164161
198836373057306624
198836373195722752
198836372788871168
198836373921345537
198836373967486976
198836373816483840
198836375104126976
198836375095738368
198836375162851328
198836375070584832
198836375422910464
198836375762640896
198836376073023489
198836375863296000
198836376261754880
198836376056238080
198836376442114052
198836376349843457
198836376567939072
198836377226444800
198836376756695041
198836376786042880
198836377855606786
198836378216312832
198836377868185600
198836377750736896
198836379180990464
198836379378126849
198836378879000577
198836379986305024
198836380116332546
198836379654946817
198836380212789250
198836379705286656
198836381022306304
198836381139746818
198836381177495552
198836381479473153
198836381743710208
198836381903097856
198836382238646272
198836382007959553
198836382922321923
198836383031373825
198836383048138752
198836383136227328
198836383173967872
198836383434031105
198836383756988416
198836384235130881
198836384629391361
198836384868478976
198836385094967296
198836385636040705
198836385669595137
198836385573109760
198836385044639744
198836385443090435
198836386223226880
198836386546188288
198836387171147776
198836387217281025
198836387280207873
198836387426996225
198836388265865216
198836388274245632
198836389083750400
198836389532545024
198836388744011777
198836388857262080
198836389805166592
198836389675147265
198836389847117825
198836390660812800
198836389935194114
198836390971183106
198836391025717250
198836390849552384
198836391466115072
198836391923286017
198836392107851776
198836391600328704
198836391734546432
198836392518885376
198836393361932288
198836393185771521
198836393508749312
198836393571659776
198836393731043328
198836393877835776
198836394142085120
198836394544738304
198836394276298752
198836394976751616
198836394611851264
198836394611843072
198836395161296898
198836395622674432
198836396142759937
198836396738355200
198836397128433665
198836397099057153
198836397099061248
198836397258444800
198836398084726784
198836398504153088
198836398227324928
198836398512553984
198836398709678081
198836398944559104
198836399716306944
198836399699542017
198836399674376192
198836400248987650
198836400228024322
198836400450318336
198836399703732224
198836400450310144
198836400756498434
198836401557618688
198836402027372544
198836402140626944
198836401767317504
198836402862034945
198836403017220097
198836402362908672
198836403570884609
198836403348578304
198836403835121664
198836403046592513
198836404392968192
198836404481036290
198836404929830912
198836404783026177
198836405022097408
198836404682375168
198836405735129089
198836405370228736
198836406456549376
198836406683041793
198836406922121217
198836407450607617
198836407748411395
198836407723237377
198836407475781632
198836408314634242
198836408377556992
198836407047954432
198836408931201024
198836409203822592
198836409359015939
198836409128325121
198836409891700736
198836410525040640
198836410176905216
198836410642472960
198836410915110912
198836411149987840
198836410642464768
198836411724607490
198836411925934081
198836411594575875
198836412534108160
198836412399882240
198836412727046144
198836412987092992
198836413079371777
198836413536534529
198836413591060480
198836413146472448
198836413435879425
198836413784010752
198836413779804160
198836414161489922
198836414916476929
198836415096832002
198836415205879808
198836415193296896
198836415415586818
198836415558193152
198836415910526977
198836416787128323
198836417235914752
198836416858427392
198836417957335040
198836418125111296
198836418171240450
198836418435497984
198836418909437952
198836419060445185
198836419584737282
198836419500843009
198836420050296832
198836419949637633
198836420264198145
198836421405048833
198836421535088641
198836421610569728
198836421375696896
198836421526691841
198836421329563650
198836422373945344
198836422873071616
198836424294936577
198836424311713793
198836424810831872
198836424789860355
198836425452568578
198836425364471810
198836425419005953
198836426488553472
198836427339997184
198836427918819328
198836427998498820
198836428388573185
198836428543758337
198836428636045312
198836428921249792
198836428883509248
198836429651062784
198836429877551104
198836429982408704
198836430343110658
198836430741577730
198836430489927680
198836430464745472
198836430989041665
198836431756591105
198836431706271745
198836431991484418
198836432297672705
198836432511569921
198836432289275904
198836432834531328
198836432708702208
198836432683540481
198836433849556992
198836434113794048
198836433463689216
198836434302550016
198836434503864320
198836434352881665
198836434453528576
198836434860388352
198836434998792192
198836435623747584
198836436349358080
198836437494407169
198836437586677760
198836437179842561
198836438052253696
198836438433927169
198836438614282240
198836438647832576
198836438723342336
198836438689792000
198836441395109888
198836440711434240
198836441634185218
198836441927790592
198836442993131520
198836442850525184
198836443320299520
198836443475492864
198836443634860033
198836444008161281
198836444201107456
198836443634876416
198836443676811264
198836445081894913
198836445119643648
198836445660725248
198836446625415168
198836446646374400
198836446692519936
198836447057428480
198836448118587393
198836448596725762
198836448642867201
198836448466702336
198836448860962817
198836449070690304
198836449100038144
198836449582391297
198836449079083008
198836449855029248
198836450098282496
198836450320584705
198836450563854337
198836450870034432
198836450320584704
198836451339812864
198836451021037568
198836451306246145
198836451838918657
198836451306246144
198836452086386689
198836451868291072
198836452589699073
198836452262551552
198836452975587328
198836452652613632
198836453319507968
198836453223051264
198836453118189568
198836453629898753
198836453843800064
198836453789278208
198836454519091200
198836455567659008
198836455542489089
198836455693484033
198836455156625408
198836456029028352
198836452870733826
198836455823507456
