198826138301251585
198826138372538369
198826138435461120
198826138708090882
198826138896834561
198826139194634241
198826138657751040
198826139425308673
198826139790229505
198826139639230465
198826139152695296
198826140108996608
198826140117385216
198826140247400448
198826140348059648
198826139798614017
198826140570361856
198826140046073857
198826140188688385
198826140792668160
198826139937017857
198826140935274496
198826140444540928
198826140834594816
198826141262413824
198826141379870720
198826141446971392
198826140796854272
198826141455351808
198826141484711936
198826141396631552
198826141736378368
198826141744771072
198826141086257153
198826141807673345
198826142025777152
198826142298423296
198826142101282816
198826142508138496
198826142323585024
198826141795094528
198826142420041729
198826142562660352
198826142554275842
198826142499745793
198826142835281920
198826142839476225
198826142038360064
198826142621368321
198826143242133506
198826142638161920
198826143175020546
198826143342796800
198826143233753088
198826143300857856
198826143611240449
198826143980326912
198826144055820288
198826143133077504
198826144185851906
198826142797529088
198826143707693056
198826144542371840
198826142793351169
198826144403959808
198826144311672833
198826145075040256
198826143833530369
198826145720967168
198826144131330048
198826145666449409
198826145720963073
198826145788067842
198826145855193088
198826145339281411
198826145993596928
198826144781451264
198826144756273152
198826144999550976
198826146106851328
198826146001977347
198826144869523456
198826146077483008
198826145481891840
198826145351872512
198826145431556097
198826145389613056
198826144445894657
198826146429804546
198826144953413632
198826144840167426
198826146572402688
198826145867759616
198826146194931712
198826145620312064
198826146765357056
198826146098446337
198826147084124160
198826147180589056
198826147151224832
198826146299789314
198826147226718209
198826145842593794
198826144223596544
198826146975072256
198826145922301953
198826146878586880
198826147839094784
198826147725852672
198826147071541249
198826147872645120
198826148019445762
198826147239313408
198826148157865984
198826148082360320
198826148090757120
198826148346601472
198826148258525185
198826149424541696
198826149349040128
198826149521014784
198826149743312896
198826149613277184
198826149269352449
198826149772668929
198826149621661696
198826149386792962
198826149973991424
198826150229852160
198826150397624322
198826150057881600
198826149919469569
198826150259212288
198826150456344576
198826150380830721
198826150083047424
198826150867382273
198826150544408578
198826150582165505
198826150338904066
198826150527647745
198826151102259200
198826151261638656
198826151299383296
198826151425220609
198826151798517762
198826151509106688
198826152121466881
198826151689453568
198826152377331713
198826152058552320
198826152075333633
198826152394096640
198826152347967489
198826152687706114
198826152419270661
198826152893218817
198826152800948224
198826152977104896
198826152163426305
198826153199411200
198826153425899521
198826152465412097
198826153073573888
198826152943554560
198826153182642176
198826153560125440
198826153505591296
198826153606258689
198826153337815041
198826153685942273
198826153925033985
198826154050850816
198826153920839680
198826153178447873
198826153606250497
198826154294132737
198826153753067520
198826154445127681
198826153060990976
198826154495459328
198826154352844800
198826154172493825
198826154910695425
198826153966977024
198826154734518273
198826154558373888
198826154545790976
198826155380441088
198826155632115714
198826155711799296
198826155732779009
198826155724382210
198826155837636608
198826155292377088
198826155913125888
198826155795693570
198826155942490114
198826155971854336
198826155921518593
198826156181569536
198826156307398656
198826156181561344
198826155871174656
198826156257050625
198826156164788224
198826155141378048
198826156936544256
198826156227702784
198826156559052800
198826156936531969
198826156286414848
198826156798124032
198826157494374400
198826156848447490
198826156831686657
198826158291288065
198826158039633920
198826158492614656
198826158488432640
198826158660403201
198826158182252544
198826158790426624
198826158790422528
198826158429700096
198826159079833601
198826159075622912
198826159268577280
198826158664581121
198826159608311808
198826159587336193
198826159537000451
198826159763501058
198826159776088065
198826159780278272
198826159855767552
198826159734132736
198826160036118528
198826160115810304
198826159889330177
198826160262615041
198826160367476736
198826160539447296
198826160338112513
198826158043832321
198826160501698560
198826160749162496
198826160031932416
198826160036122626
198826160413609984
198826160526860288
198826161223114752
198826161277640706
198826160744955905
198826161428635648
198826161491558400
198826161445416962
198826160925323264
198826161554456576
198826162007457794
198826162049384448
198826162154242048
198826161881628673
198826162191998978
198826162510766080
198826162393329665
198826162439458817
198826162384941058
198826162707902464
198826162384932865
198826162749837312
198826162896650240
198826162582065152
198826163056025600
198826162661765120
198826163043446788
198826163311878144
198826163139903488
198826163295092737
198826163525783552
198826163513204736
198826162884067330
198826163550957569
198826163097976833
198826163660009472
198826163718717440
198826163555139584
198826163668398080
198826162867286016
198826164205260801
198826164406591488
198826164322697216
198826164364656641
198826164356263936
198826164482093057
198826163970383872
198826164737933313
198826164398206976
198826164863762433
198826164591132672
198826164494671873
198826164414976000
198826164914094080
198826165241253890
198826164817637376
198826164482084864
198826165585186817
198826165778124801
198826165119614977
198826166277242881
198826166222733313
198826165799100417
198826166679908353
198826166608596992
198826166436634624
198826166403080192
198826166830895104
198826166843478017
198826166382108672
198826166646341632
198826166856056834
198826167292268546
198826165400633344
198826167032233984
198826167606837249
198826167615234049
198826167753641985
198826167799787520
198826167787208704
198826167887872000
198826167514570752
198826167829135361
198826167585882113
198826167908839425
198826167984332800
198826167552311296
198826168022077441
198826168013697024
198826168147902464
198826168361811968
198826168210829312
198826167736860672
198826168764477440
198826168919658496
198826168827396096
198826168537989121
198826168693161984
198826169074843649
198826169305538561
198826169393627136
198826169443950592
198826169410404352
198826169418784768
198826169427181568
198826168982568960
198826169318121477
198826169079054337
198826169704001536
198826168860942336
198826170765152258
198826170354118656
198826170865827840
198826170924531712
198826170945519618
198826170668695554
198826171398488066
198826171432042496
198826171360747521
198826171536916480
198826171675328512
198826171490762752
198826171729850370
198826171775975425
198826171050364928
198826171079729152
198826172094758915
198826171377528832
198826172174442496
198826172593872897
198826172598059008
198826172447076354
198826171100704769
198826172338028544
198826172732284928
198826172627427331
198826172786814976
198826172673568768
198826172832940033
198826172870701057
198826172866502657
198826172765835266
198826173034266624
198826172509978625
198826173088796675
198826173231403008
198826172937805825
198826173357232129
198826172967174144
198826172275105792
198826173399175168
198826173571149824
198826173592125440
198826173629865984
198826173466292224
198826173965418496
198826173923463168
198826174003163136
198826174170927104
198826174179315712
198826174464536576
198826174414196738
198826174087049218
198826174821044224
198826174900744194
198826174565191680
198826175152390145
198826175395667969
198826174825238528
198826175391469568
198826174892351488
198826175504719872
198826174942683137
198826175081103360
198826175324360704
198826175286607873
198826175869632512
198826175928348676
198826176054177792
198826175232090113
198826176159031299
198826176171606018
198826176171618304
198826176452624385
198826175336955904
198826176607817728
198826176532316161
198826176746242048
198826176754626563
198826176159035394
198826176955944961
198826176930783232
198826176737853440
198826176809152513
198826177266327553
198826177681559552
198826177748680705
198826177710923776
198826177836761090
198826177941610499
198826177920634880
198826177715122176
198826178121969664
198826178134552576
198826178231025664
198826177929027585
198826178004516865
198826178352648192
198826178591719424
198826178533007360
198826179145379840
198826179246034944
198826178428153857
198826179434786816
198826179493498880
198826179678056448
198826179594162177
198826179791294464
198826179560615936
198826180101668864
198826179657080832
198826179162161152
198826180269445123
198826180311400448
198826180403666944
198826180244279296
198826180500135936
198826180567244801
198826180701470720
198826180768563204
198826180550475777
198826180483358720
198826180714049536
198826181301256192
198826181338996738
198826180961517569
198826181582258176
198826181527740419
198826181649379328
198826181917818880
198826181938778112
198826181972340736
198826181297045504
198826182408536065
198826181926203392
198826182081396737
198826180890198016
198826182194630656
198826182656008193
198826182874103809
198826182702153728
198826183113183232
198826182450487296
198826183255797761
198826183251607553
198826183067041794
198826183679422464
198826183570370560
198826182978965505
198826184027541504
198826184241459200
198826184069492737
198826183532617728
198826184266629123
198826184333721600
198826184832860160
198826184858009601
198826184937709568
198826184820260864
198826184740569088
198826184371486720
198826184593784833
198826185139044352
198826184795099137
198826185302605826
198826185373921281
198826185382313984
198826185638150145
198826185193570305
198826185482960896
198826185722048512
198826185772380160
198826185306808320
198826185759793152
198826185176788992
198826185856270336
198826185906601985
198826185965305856
198826185537495041
198826186460237825
198826184824467456
198826186388942848
198826186405707776
198826186523152384
198826186695118848
198826186707705857
198826186820960256
198826186237943809
198826186435067904
198826187068416001
198826187135520769
198826187122950146
198826187307483138
198826186934198273
198826187257151488
198826187492044800
198826187462680577
198826187546574848
198826187613679616
198826187051634690
198826187299110912
198826187664007168
198826187571724290
198826187273936897
198826187240374274
198826187676585984
198826188209258496
198826188184109056
198826187668197376
198826188276367361
198826188267978753
198826187991171073
198826188536414208
198826188125388800
198826187986964480
198826188414787584
198826185499750400
198826188167323648
198826188897132544
198826188804857856
198826189245259776
198826189555646464
198826189589200898
198826189245267968
198826189232680960
198826189748568066
198826189945704452
198826189996040193
198826189849231361
198826189501112320
198826190251900930
198826189677268993
198826190335774720
198826190298030080
198826190432247809
198826190658744320
198826190579052544
198826190763606017
198826190637776896
198826191493414912
198826191703113729
198826191791198208
198826191870885889
198826191925420032
198826191908642816
198826191531151360
198826192294510592
198826192328065025
198826191984140288
198826191929610240
198826192491651072
198826192424538112
198826191988330496
198826192680398848
198826192785244160
198826192776863744
198826193192095744
198826192873328640
198826193158541314
198826192541990912
198826193351483393
198826193561194496
198826193871568897
198826193951272960
198826194047737856
198826193368260608
198826194131623936
198826194114842624
198826193636696065
198826194291011585
198826194295193600
198826194291015680
198826194408452096
198826193846411264
198826193229848577
198826192672006146
198826193825443841
198826194085482498
198826194601377794
198826193909325824
198826193896742912
198826194932731905
198826194953707520
198826194924343297
198826194886602753
198826195113082881
198826195222138881
198826195205357568
198826194731417600
198826195532525568
198826195578658821
198826195532517378
198826195461218304
198826195834507265
198826196115537921
198826195561885697
198826195985506304
198826196186832898
198826196987949057
198826197122154498
198826196677574657
198826196438487040
198826196912451584
198826197378007040
198826197445120000
198826197604511744
198826197629677568
198826197495463937
198826197751312384
198826197273157632
198826197877145602
198826197273165824
198826197898108928
198826198007156736
198826198061678593
198826196656594945
198826198208491520
198826197260582915
198826198439165953
198826198816669696
198826198753746944
198826199160594433
198826197835194370
198826198778920963
198826198619533313
198826198682451968
198826199370309633
198826199324180482
198826199462580224
198826198661468160
198826199584210944
198826199630360576
198826199328358404
198826199957512193
198826199441608705
198826199697457153
198826199705862144
198826200435654658
198826199894589441
198826200485994496
198826200016232448
198826200704106496
198826200636993537
198826200339202048
198826200729260033
198826200666345473
198826201081589760
198826201039642624
198826199437410304
198826200829935617
198826200720879619
198826201450680321
198826199470972928
198826201505218560
198826201647824897
198826201631035392
198826200980914176
198826201169666049
198826201903661056
198826201941413888
198826201660391424
198826202134360066
198826201438093313
198826202146930689
198826202348265474
198826202503462912
198826202507657217
198826202599919617
198826202306314240
198826202222432256
198826202650251265
198826202859970561
198826202763501569
198826202964828160
198826202641866753
198826203132608515
198826202717368320
198826203182940161
198826203258433536
198826202608308225
198826203111624706
198826204059549696
198826202004340738
198826204164403201
198826204319596544
198826204151808000
198826204407664642
198826204659326977
198826204726427648
198826204663513091
198826204286038018
198826204806127618
198826204877426688
198826204499935232
198826204961312768
198826204160200704
198826204885819392
198826204667719681
198826204474773504
198826204881633281
198826205355573248
198826205313642498
198826205632413696
198826205624020992
198826205825339392
198826203421999105
198826205833728000
198826203929509889
198826206014095360
198826203631722496
198826205586259970
198826206018281472
198826205728866304
198826205850509312
198826206169272320
198826206274134016
198826206467076096
198826206462877697
198826206626447362
198826205925998592
198826206513217537
198826206215413760
198826206735503361
198826206664200192
198826206811000835
198826206639042561
198826207222046720
198826207167528960
198826207603720192
198826207729565696
198826207628902400
198826208128024576
198826208211906560
198826207352070144
198826208094461952
198826208190926848
198826208316764160
198826208442589186
198826208249643008
198826208899768320
198826207884746752
198826209084321792
198826209029787648
198826209298219009
198826208698449921
198826209449226240
198826209172402176
198826209424064512
198826209398882304
198826208987840512
198826209688301568
198826209805746177
198826209872855041
198826209294032896
198826209059160064
198826209767981057
198826209541505024
198826208908165121
198826210363580418
198826209965121536
198826210426490880
198826210493612033
198826209776386048
198826210330025984
198826209772191745
198826210132893697
198826210816569346
198826209717649408
198826210900459520
198826210762039301
198826210543935489
198826211139534848
198826211269558272
198826211294711810
198826211256963073
198826210854318081
198826211332456448
198826210548129792
198826211609296896
198826211655430146
198826211814817793
198826212339089408
198826212414586882
198826212632698880
198826212632707072
198826212750143489
198826212880166912
198826212964048897
198826212754341890
198826213148606464
198826213249265664
198826213349916672
198826213471551488
198826213404450816
198826212808855552
198826213186342913
198826213777752064
198826213828071424
198826214046183424
198826214021017601
198826214029406211
198826214012628992
198826213685469184
198826214226530305
198826214314610688
198826214457221123
198826214587240448
198826214629195776
198826214557888512
198826214578847744
198826214721466368
198826214746636289
198826214293643265
198826214943768576
198826214994083841
198826214893436928
198826215119921152
198826215275102209
198826215300284416
198826215455465472
198826215455457281
198826215526764544
198826215317061633
198826215908442113
198826215849730048
198826215354802176
198826215967166465
198826215413522434
198826215375777792
198826215866503168
198826214750814208
198826216541794304
198826216134950913
198826216621481985
198826216600510464
198826216738926593
198826216176877568
198826216885723136
198826216873144320
198826216906702848
198826217141567489
198826217191903232
198826216634064897
198826217321938944
198826216969601024
198826217477120000
198826216927670273
198826217586163712
198826217544228864
198826218227900416
198826217917526016
198826218517315585
198826218559254528
198826218085302273
198826217170931712
198826218366316546
198826218634739712
198826219083534336
198826218722836480
198826218840272897
198826218529894401
198826219368742912
198826220014682112
198826219423272960
198826220211798018
198826220215992320
198826220077580288
198826219716886528
198826220207616000
198826220299894784
198826220283105280
198826220211806209
198826220257939457
198826219930796033
198826220459261954
198826220048228352
198826220668977153
198826220979359744
198826220899672064
198826220056616961
198826221235216385
198826221365235712
198826221394608128
198826220853542914
198826221331685376
198826221516230656
198826221000335362
198826221713375233
198826221138751488
198826221725941761
198826222032125955
198826222212485120
198826221784674305
198826222455767040
198826222699024384
198826222761947136
198826222019555328
198826222816473088
198826222275403777
198826222938103808
198826222950682624
198826222870999041
198826222803881984
198826223126855681
198826222808080384
198826223143628801
198826222631915522
198826223311400961
198826223332364288
198826222954876928
198826223433023489
198826223063928832
198826223491747841
198826223416262657
198826223642750976
198826223571443714
198826223894405120
198826223726628866
198826222774525952
198826224066363392
198826222929715200
198826224150265857
198826224141864961
198826223990865920
198826223747612674
198826224187998209
198826225047846912
198826225144307713
198826225265934336
198826225316270080
198826225467260928
198826225601482754
198826225203023872
198826225609875456
198826225899290624
198826225387585536
198826226121584640
198826225639231488
198826222870999040
198826225257562112
198826226016714754
198826226322911234
198826226415173632
198826226771689472
198826225744101376
198826226423566338
198826226805260288
198826226608123904
198826226125770753
198826227392462848
198826227463749633
198826227803496448
198826227744780290
198826227744780291
198826228038373377
198826228063539201
198826228348764161
198826228252295168
198826227975462912
198826228554276864
198826227996430337
198826228143226881
198826228415856640
198826228197769219
198826228831105025
198826228914978817
198826228461993985
198826228885635074
198826229049196544
198826229598658560
198826229678354432
198826229158248450
198826229875482624
198826228487168000
198826229711912960
198826230093582336
198826229795799040
198826229565112320
198826230286532608
198826229682548738
198826230781444096
198826230739501057
198826230605283329
198826231049887746
198826230789832704
198826231125393408
198826231024726019
198826231230242819
198826231045693440
198826231100219392
198826231599349760
198826231255416832
198826231360270337
198826231855185920
198826231486091268
198826231716790272
198826232127823872
198826231733551105
198826232454987778
198826232668897280
198826232656297985
198826232664686592
198826232060719105
198826232761167872
198826231909724160
198826232845045761
198826232782131203
198826232639533056
198826233100902400
198826233319014403
198826232681467904
198826233339969538
198826233600024577
198826233100894209
198826233130258432
198826234027839488
198826234317246465
198826234036224002
198826234438877184
198826234447273984
198826234489221120
198826234334019584
198826234426310657
198826234938007553
198826234795393024
198826234795409408
198826235453898752
198826234795409409
198826235361628160
198826235357437953
198826235529396224
198826235630071808
198826235642646530
198826235684585472
198826235722334210
198826235957231616
198826235525206018
198826235953025024
198826234816380928
198826236259213312
198826236024336384
198826236414394369
198826236330520576
198826236456353792
198826236598960128
198826236586364928
198826236011749376
198826236515069953
198826235059642369
198826234837340161
198826236909326336
198826236846424065
198826237442011137
198826237366501376
198826237618176000
198826236372463617
198826237739806720
198826237941121024
198826238213758976
198826238142455808
198826238058573824
198826237966299138
198826238549307393
198826237169385473
198826238196973569
198826238704488448
198826238717067264
198826238708678656
198826238641569793
198826238696108034
198826239040036864
198826239165857794
198826239182635009
198826238129876992
198826239178448896
198826238679334912
198826239212007424
198826239358803970
198826236913524737
198826239694348288
198826239362998273
198826240067641344
198826239929237504
198826239409135617
198826239476240384
198826240197660673
198826239555928064
198826240180883456
198826239744684034
198826239644008450
198826240298319872
198826239539159040
198826240453521409
198826240579354626
198826240579350528
198826240587730944
198826240650649602
198826240596115459
198826240696778752
198826240944259072
198826240768090112
198826241032339457
198826241791508480
198826241787310081
198826241862811648
198826241342713856
198826240482873344
198826241887965185
198826241590169602
198826241518874624
198826242097692674
198826242257068034
198826242416455680
198826242470985730
198826242374508544
198826242651328512
198826242282233857
198826242345156610
198826242424840192
198826241846026241
198826242118660097
198826243016241152
198826243058176000
198826242932355073
198826243221753856
198826243209175042
198826243288870912
198826243288858625
198826243767021568
198826243611832320
198826244106764289
198826244253552640
198826244568129539
198826244593303552
198826244568121345
198826244706537473
198826244849139712
198826244639424512
198826244471664640
198826245021122560
198826245067251713
198826245054664707
198826245142753280
198826245495074816
198826245469913088
198826244907868161
198826244920442881
198826245675425793
198826245675417600
198826245755125760
198826245625094144
198826245914509312
198826245461512194
198826245436358656
198826245943865344
198826245843206144
198826246031933441
198826246677864448
198826245788667904
198826246300372992
198826246023548928
198826246757564417
198826247118262273
198826247244087296
198826247197958144
198826247151824897
198826246753370112
198826247323791362
198826246828851200
198826247277641729
198826247474786306
198826247483166721
198826247269265408
198826246904356864
198826247508340738
198826246824660992
198826247554473985
198826247843872768
198826247634173954
198826246757564416
198826248036823041
198826247332167680
198826248254926850
198826247659331585
198826247432843264
198826248313647105
198826248561106947
198826248468832256
198826248372363264
198826248653381634
198826249009893378
198826249144107011
198826249253163008
198826248447864832
198826249467076608
198826249546760192
198826249580322818
198826249714548739
198826249827778560
198826249962008576
198826250075254784
198826250087829504
198826250419187712
198826250507255809
198826250675027969
198826250872168449
198826250326908928
198826250997989376
198826251006386177
198826251128020992
198826251744583680
198826251505516546
198826251903975425
198826251992043520
198826251945914368
198826252365344768
198826252436652032
198826252537303040
198826252583440385
198826252453416960
198826252667322368
198826252801544192
198826252839305217
198826252931571713
198826253032243200
198826252998684675
198826252377915392
198826253229375488
198826253330030593
198826252520521729
198826252981911553
198826251211915264
198826253514571778
198826253694926848
198826253883674624
198826253829160960
198826253283897345
198826253724291072
198826253392949249
198826253753651201
198826252877045763
198826254206644224
198826254139527168
198826253678166018
198826254374416384
198826254131150849
198826254332465152
198826254487650305
198826254705758209
198826254756093956
198826254932250624
198826254596718595
198826255171338242
198826255183912960
198826254873530368
198826255154556928
198826255427190786
198826254999363584
198826255762722816
198826255729176576
198826255603351552
198826255980830724
198826255460728832
198826256035356672
198826255548809217
198826255490101249
198826256307986433
198826255989227520
198826256584806400
198826256597401600
198826256647720964
198826256890998784
198826256924553218
198826255704010752
198826257125867520
198826257071349761
198826257083936769
198826257260089345
198826256920346624
198826257671143424
198826257465618432
198826257780187138
198826257847300096
198826257771802624
198826258052808705
198826258073792512
198826256605777921
198826258333827072
198826258304471041
198826258371579905
198826258551930881
198826258786828288
198826258585485312
198826258283511808
198826258849738752
198826258468061184
198826258908446722
198826258791018498
198826258329636865
198826259369836544
198826258996535297
198826259512430592
198826258967183361
198826259889922049
198826259810234369
198826259772489728
198826260095447041
198826259659227138
198826259474681857
198826260447768576
198826260426801154
198826260443566081
198826260414214144
198826260145766401
198826260720394242
198826260737163264
198826260892360705
198826258128318465
198826260766535680
198826260863000577
198826261257273346
198826260674248704
198826261169180673
198826261437620226
198826261299212288
198826260078657536
198826261131440128
198826261597003776
198826261609578496
198826261777350657
198826261349535744
198826261982875649
198826261987082240
198826262347776002
198826262368751616
198826262435860481
198826262733656065
198826262758834176
198826262343581697
198826262964342784
198826262347780096
198826263119532032
198826263102750720
198826263249563650
198826263316676608
198826262553309184
198826263023063040
198826263140511745
198826262628794368
198826263417323522
198826263526379521
198826263643832320
198826263220203523
198826263660605440
198826263002103809
198826263853531137
198826263920644097
198826263836770304
198826263857733632
198826263954202625
198826264000348161
198826263803199488
198826263828365313
198826264348475393
198826264302333953
198826264428163072
198826264184893440
198826263937425408
198826264688197632
198826264449134593
198826263757078529
198826264264577025
198826264948244481
198826264457523202
198826264449134592
198826265095045121
198826265594171392
198826265711620098
198826265594167296
198826265573208067
198826266068135936
198826266042961922
198826266156220417
198826265501900800
198826265292185600
198826266290438144
198826266957324289
198826266877628416
198826267175432193
198826267410317313
198826267083157505
198826267078967296
198826267104133120
198826267389329410
198826267389329411
198826267762634752
198826267208974336
198826268110766080
198826268186247168
198826268261756928
198826268026863616
198826268546973696
198826268249165824
198826268848959489
198826268903485441
198826268257558528
198826268626653185
198826269268377600
198826269218062336
198826269524234240
198826269230641152
198826269373243394
198826269700407297
198826269599739904
198826269872373762
198826269964636160
198826269993996288
198826270212100096
198826270543458305
198826270686056449
198826270753173504
198826270593785859
198826270430208003
198826270979657728
198826271378116608
198826271407476736
198826271046778882
198826271554273281
198826271801745408
198826271814320128
198826271776587777
198826272103743488
198826272061792256
198826271986294785
198826272212791298
198826272405716992
198826272409915393
198826269159342080
198826272040824832
198826272799993856
198826273022283778
198826273131339777
198826273303306242
198826272380555265
198826273550761984
198826273546571776
198826272942592001
198826273710157824
198826273714356224
198826273957617664
198826271919194115
198826274284769280
198826274125381632
198826274679033858
198826274695823361
198826274632904705
198826274851012610
198826274758729729
198826274905530368
198826274750345217
198826275081699329
198826274905538561
198826275136221184
198826275069108224
198826275190743041
198826275245260800
198826275299794944
198826274867781632
198826275354320897
198826275429826560
198826275572432896
198826275694063619
198826275689873408
198826275773759489
198826275991846912
198826275715039232
198826275895394304
198826276025401344
198826275970887681
198826275664695297
198826276394516481
198826276683919362
198826276755226624
198826276772003841
198826276402900996
198826276964933632
198826276969136129
198826276583247872
198826275723415552
198826276411293698
198826277413715970
198826277090758656
198826277149474818
198826277698932737
198826277342429185
198826277929615361
198826277661192192
198826278227423234
198826278432948224
198826278449709056
198826278504243201
198826277900271616
198826278734921729
198826278772686848
198826278818824192
198826278948843521
198826279095635968
198826278437142528
198826279221460995
198826279406022657
198826277543747584
198826279347302400
198826279573794816
198826279657672704
198826279552815105
198826279699611653
198826279309541376
198826279896748032
198826279347298305
198826279854817281
198826279917723649
198826280102277120
198826279800274944
198826280374902784
198826280710443009
198826280781754369
198826281335394304
198826280957915137
198826281431863297
198826281515761664
198826281431871488
198826281528336385
198826281545121792
198826279695417345
198826281834524672
198826281708695555
198826280949530624
198826281125691393
198826282333650944
198826282413342721
198826282354614274
198826282472046592
198826282170060801
198826282480435201
198826282044243970
198826282845347840
198826282312671233
198826282803408896
198826282966990848
198826283080224770
198826283369635841
198826283411578883
198826283021516800
198826283025694720
198826283822612482
198826283835203584
198826283399000064
198826283575148545
198826284204298240
198826284451770368
198826284019744768
198826284464357377
198826284598558721
198826284850221056
198826284883779584
198826284829249537
198826284871204864
198826284527263744
198826284476932097
198826285026377729
198826285177389058
198826285085097984
198826285282234368
198826284434989057
198826285424840705
198826284674072576
198826284950888451
198826285022183425
198826285974298625
198826285068333056
198826286171426816
198826286339207171
198826286397919232
198826286074961920
198826286460841984
198826286045609984
198826286150451202
198826285919768578
198826286674751488
198826286230155264
198826286775410690
198826287089987585
198826287140306945
198826287358418945
198826286683140096
198826287446507521
198826287366799360
198826287509413889
198826286897041408
198826287605882880
198826287714938880
198826287937228800
198826287773655041
198826288113397760
198826287115157505
198826288050475008
198826287949819904
198826288344080387
198826288453132290
198826288755118081
198826288151146496
198826288851587074
198826288721571840
198826288901918720
198826288939679744
198826288981622784
198826289090666496
198826288532828160
198826289149378562
198826289438793728
198826289535262722
198826289531068418
198826289719803905
198826289573003264
198826289816281088
198826289996636160
198826289992450048
198826289904361472
198826290235707392
198826290172801025
198826289744969728
198826290269265923
198826290411864064
198826290478989312
198826290030182401
198826290176995328
198826289921146880
198826290772574210
198826290801934337
198826291036831744
198826290877431808
198826291523354624
198826291024240641
198826291229769729
198826291775021056
198826291418497024
198826292051841024
198826292123144193
198826292106379264
198826290902605825
198826292102172672
198826292244783105
198826291733073920
198826291624017920
198826292223807488
198826292001505281
198826292488056832
198826292001521664
198826292819406849
198826292366426112
198826292811022336
198826292907487232
198826292869742592
198826292957818880
198826292265754625
198826293129773056
198826293377236992
198826292571942912
198826292903284736
198826293301739520
198826292769062913
198826293540823040
198826293373059072
198826293482094592
198826293880569857
198826293960253441
198826290101485569
198826293633101824
198826294211919873
198826293641486337
198826294388064256
198826293545021440
198826294459371520
198826294056718336
198826292802633728
198826294094462976
198826294971076608
198826295071748096
198826294916558848
198826295189192704
198826295235325953
198826295180804097
198826295315021824
198826292932653056
198826294551642114
198826295159832576
198826296220983297
198826296007069696
198826296283906048
198826295864467456
198826296464252928
198826296384565248
198826296309059584
198826296753651712
198826296350998530
198826296854331392
198826296967569408
198826297005314050
198826297101778944
198826296552341505
198826296917241858
198826296925618177
198826297814818817
198826297764478976
198826297881919488
198826297789652992
198826297986785280
198826298079059968
198826298204884992
198826298376855554
198826298796285953
198826298112606209
198826298179731457
198826298649485312
198826299140222976
198826299152809984
198826298607538176
198826299152801794
198826299299602433
198826299425427456
198826298955677697
198826299056324609
198826299681280002
198826299639336960
198826299760984064
198826299844870147
198826299714834432
198826299731615744
198826299735814144
198826297810620416
198826299819692034
198826299509325825
198826299094073345
198826300037808129
198826300398510080
198826300348174337
198826300264300545
198826300264292353
198826300281073665
198826300457234432
198826300453040128
198826300662755328
198826300784390144
198826300423680000
198826301082185728
198826301228982272
198826301333835777
198826301296099328
198826301497413633
198826301451276288
198826301732298755
198826301648412673
198826301669388288
198826302235619329
198826301015072768
198826302143336448
198826301744885761
198826302432739328
198826302034284546
198826302424367104
198826302537596928
198826302583734275
198826301698744320
198826302583746560
198826302256586752
198826302634070017
198826303108034560
198826303149965314
198826303342907392
198826303414214657
198826303460356096
198826302491463680
198826303611346944
198826302986391552
198826303640702976
198826303716212736
198826303728787456
198826304076910592
198826303984631808
198826304324370433
198826304454410240
198826304353738753
198826304458588162
198826304668315649
198826304307593218
198826303850422272
198826304466989056
198826304525709313
198826304781561856
198826304924172290
198826304794136578
198826304911585280
198826305083551744
198826305284874240
198826304655732736
198826305502986241
198826303644893184
198826305532342272
198826305519747072
198826305649778691
198826305444253696
198826305767219203
198826305586872321
198826306098569216
198826306241179649
198826306551562241
198826306060828674
198826306438303745
198826306597691392
198826305884651521
198826306123735040
198826306262147072
198826306589306881
198826306874507264
198826307038101506
198826307021316097
198826307130376192
198826307172319233
198826306652217344
198826306920656896
198826307335892993
198826306408951813
198826307696599040
198826307499462656
198826308044726273
198826308006973440
198826308191518721
198826308069900288
198826307604316160
198826307709181954
198826308304769025
198826307629498368
198826308464148481
198826309030395904
198826309093310465
198826309412069376
198826309546283009
198826309223329794
198826308959088640
198826309227528192
198826309605011459
198826309277847553
198826309122670592
198826308829052929
198826309932171264
198826309919584256
198826308464148480
198826310242541568
198826310355779584
198826310221570049
198826310385139715
198826310519357440
198826310641008640
198826310821359616
198826310401921024
198826310942994434
198826310401925120
198826311026868227
198826311161102336
198826311156899840
198826310372560896
198826311068823552
198826310741655552
198826311312089088
198826311433723904
198826311790239745
198826311827992577
198826312008343552
198826311899291649
198826312213860352
198826311886716930
198826312469708800
198826311551160320
198826312473919489
198826312897544192
198826312918515712
198826312943677440
198826313199521792
198826313258250240
198826313241477120
198826313329553408
198826313849651200
198826313946116096
198826313702842369
198826313191129088
198826314126462977
198826314927579136
198826314919186432
198826315019845632
198826315032440832
198826314558484481
198826315036631042
198826314923388928
198826315053412352
198826314940162048
198826315145691136
198826314944364544
198826315569311744
198826315657379841
198826315959382017
198826315732893696
198826316068429824
198826316085215232
198826316349452288
198826316022288384
198826315615436800
198826315816775680
198826316387188737
198826316575940608
198826316622077952
198826316433338368
198826317288968193
198826317360283648
198826317133791232
198826317423194114
198826317720981504
198826316043255808
198826317427376128
198826317221863424
198826318064914432
198826318408847361
198826318090092545
198826318081703938
198826318790533120
198826317398032385
198826318626959361
198826318887010304
198826319000240129
198826319042191362
198826318677295104
198826319310630913
198826319490981890
198826319310618624
198826319537111040
198826318819897348
198826319595839490
198826319755231232
198826319964938240
198826320078188544
198826320019468290
198826320350806017
198826320338239488
198826320350810112
198826320552132608
198826320195629056
198826320900259842
198826320879296512
198826320933822465
198826321068032001
198826320669589504
198826321386811392
198826321458118656
198826321437143041
198826321491673088
198826319335796736
198826321827213312
198826321122570240
198826321881739266
198826320887685120
198826321974001664
198826321474879490
198826321718157312
198826322225659904
198826321919488000
198826322322137089
198826322179526656
198826322787708928
198826322926120960
198826323173588993
198826322406031360
198826323278434304
198826323278430208
198826323190366208
198826323634946050
198826323735621632
198826323832086528
198826324146651137
198826324150845441
198826322947084288
198826324473806849
198826324461232128
198826324683530241
198826323572047874
198826324993900544
198826325132328960
198826325539160067
198826325472059392
198826325828567040
198826326013132801
198826325518204928
198826326050881536
198826326176694273
198826326218641408
198826326323494914
198826326336090113
198826326201872384
198826326558375936
198826326470299648
198826326503849984
198826326017323008
198826326436749315
198826326390603777
198826326289944577
198826327061708801
198826327225270272
198826326906515458
198826326596124673
198826327338524675
198826326889734145
198826326700986368
198826326956843008
198826327854432256
198826327439192065
198826327544037378
198826328022192128
198826328366133248
198826327892172801
198826328483569664
198826328647147520
198826328672305152
198826328559075329
198826328944947200
198826328911396864
198826329293070338
198826329230147585
198826329423093760
198826329146273793
198826328982687744
198826329074966528
198826329859293185
198826329087553537
198826329804767232
198826329746046977
198826330110963714
198826330203234304
198826330333261825
198826329381154817
198826329746063360
198826330400366593
198826330073214976
198826330672988161
198826330744299520
198826330853355522
198826330912079872
198826330840768512
198826331037908992
198826330509414400
198826331507671041
198826331448946688
198826331662848000
198826331318919169
198826331717369856
198826331457339392
198826331482488833
198826332094869504
198826332061306883
198826332329746432
198826331809652736
198826331973222402
198826332778528768
198826331985809409
198826332568829954
198826332820480000
198826333030203394
198826332958887937
198826333063745536
198826333176999937
198826332384268292
198826333424455680
198826333575454720
198826333520924672
198826333588041728
198826333680312322
198826333541904385
198826333877448704
198826333919383553
198826333386706944
198826334032629761
198826334066184192
198826334074580992
198826333864865793
198826334259126272
198826333785161730
198826334296870913
198826334494007296
198826333739032576
198826334179442688
198826334636609536
198826334368169985
198826334934409218
198826334796001280
198826334775021568
198826335530008576
198826335429328897
198826336268193794
198826336297562115
198826335571947520
198826336238829569
198826336196902915
198826336364670979
198826336289173505
198826336394018817
198826336469520384
198826336024936448
198826336503070720
198826336482115584
198826336561803265
198826335840382977
198826336721182720
198826336758927360
198826336792477697
198826336981233665
198826337094467584
198826337136410624
198826337677492224
198826336859594752
198826337635549184
198826337660715008
198826337635540992
198826337866231809
198826337107058688
198826337526480896
198826337622962176
198826337958506497
198826338034003968
198826336301744129
198826338335989761
198826338352775168
198826337996251136
198826338948349952
198826338650566656
198826339095150592
198826337375498242
198826338944159744
198826339510390784
198826339208409088
198826339271327744
198826339514597376
198826338558296064
198826339908861952
198826339942412289
198826339871100928
198826340030484480
198826340064047104
198826340147920896
198826339787223040
198826339934027776
198826340399591427
198826340038885376
198826340210835457
198826340944842752
198826341070675968
198826340621893632
198826341330722816
198826340827406336
198826340953227264
198826341490110465
198826341456551936
198826340152119296
198826341733376000
198826341666275328
198826341850820608
198826341418807296
198826341494304769
198826342245072896
198826341821448192
198826342400278528
198826342240890880
198826342685478913
198826342861651968
198826342366711808
198826342769373184
198826342891008001
198826342937149441
198826342878420992
198826343041998848
198826342672891905
198826343033610241
198826343394324480
198826343532724225
198826343675334657
198826343742439424
198826344405139456
198826344501620736
198826344275124226
198826344904278017
198826344883298304
198826344921055232
198826344837160962
198826345252397056
198826345239822336
198826345122377728
198826346263220224
198826345827020801
198826345655046145
198826346485518337
198826346598772736
198826347039170560
198826346699431940
198826346682658816
198826347328581632
198826347387289601
198826347064332288
198826347689279488
198826347609595906
198826347806724096
198826347894808576
198826348041609216
198826348104527872
198826348188413953
198826348133879808
198826348280684544
198826349127929857
198826348947574786
198826349450899457
198826349375406082
198826349606080512
198826349547372544
198826349727711232
198826349912268800
198826349845155843
198826349652230144
198826349950017537
198826350595932161
198826350465921024
198826350746943488
198826350704984064
198826350222643202
198826350784684032
198826350491090944
198826351048929280
198826350973431811
198826351782932481
198826351904555008
198826351808090114
198826351896174593
198826351929720832
198826351715815424
198826352089120770
198826352181395459
198826351753576450
198826351556431873
198826352420454401
198826351795507201
198826352533712896
198826351812284417
198826352676306945
198826352642764800
198826352902807552
198826353037033472
198826352584040450
198826352999272448
198826353171238912
198826351896174595
198826353250942976
198826353422901248
198826353439682560
198826353359986689
198826353552920578
198826352957325313
198826353183830017
198826353745862656
198826353393545217
198826353339023360
198826354282741760
198826354169487360
198826353464836098
198826354576343042
198826354869944321
198826354953814016
198826354505031680
198826355033522176
198826355582959616
198826355209666560
198826355704594432
198826355826245632
198826355855589376
198826355855605760
198826356866420736
198826356535078913
198826357088714755
198826357269073922
198826357197770753
198826357126479872
198826357902409729
198826358317649920
198826358397353984
198826357864665088
198826358246350848
198826358581899264
198826358472843265
198826358644809730
198826358888083457
198826358544150529
198826358816784384
198826358435094528
198826359202652160
198826358430896128
198826358422511616
198826359521411072
198826359215226881
198826359605313536
198826359177486337
198826358955180032
198826360272203777
198826360406425600
198826360431579136
198826360104423424
198826360750354434
198826359177490432
198826360620322816
198826360666472448
198826360108630017
198826360590970880
198826360884572162
198826361215918080
198826361295618049
198826361316581376
198826361404665856
198826361232691202
198826360469336064
198826361765367808
198826361912172545
198826361866031104
198826362264494080
198826362444853249
198826362730070016
198826362818150400
198826362943975425
198826362931392513
198826363107557377
198826363296301056
198826363124330499
198826363111747588
198826363795410945
198826363912855554
198826363359215616
198826363824771073
198826364302925826
198826363724103680
198826363795415040
198826364680421377
198826364940460032
198826364885925890
198826365091459073
198826361425625088
198826365263413248
198826364806250496
198826365385064448
198826365389258753
198826365561208832
198826365531852800
198826364927873024
198826365968060418
198826365917732864
198826365699624961
198826366106468352
198826366681100288
198826366655938560
198826366572040192
198826365737381888
198826366274244608
198826366727237633
198826367662567424
198826367729664002
198826367834525696
198826367964561411
198826367578673152
198826367511572480
198826368765669376
198826368811798528
198826368656617473
198826368816005120
198826369105412098
198826368224600064
198826368526598144
198826369411588098
198826369482883072
198826369243807746
198826369155735553
198826369453522946
198826369025708033
198826369034100738
198826369445146624
198826370351108096
198826370397257728
198826370309160960
198826370426617857
198826370468548609
198826370476937216
198826370573414400
198826370711826434
198826370837643265
198826370837651456
198826371131244544
198826369751330818
198826371320004609
198826371378724865
198826371374526464
198826371559067649
198826371580039169
198826371412267009
198826371148034048
198826371861057536
198826371613605888
198826372246933506
198826372389539840
198826372683141121
198826372695724032
198826372590866433
198826372452454402
198826372716691456
198826371370336257
198826372385353729
198826373387796480
198826373559758848
198826373517803520
198826373530398720
198826373589123072
198826373094187008
198826373173882881
198826373668810753
198826373391990784
198826373941436418
198826374042107904
198826373366812673
198826373727526915
198826374667042816
198826374230839299
198826374675431424
198826374973227009
198826375283617796
198826374742556672
198826375283621888
198826375015186433
198826374478307328
198826375296200704
198826375833063426
198826375711428609
198826375984066561
198826376009236481
198826376164409344
198826376269266944
198826376797757440
198826376046977025
198826376831303680
198826376156033024
198826377041027072
198826376634171392
198826377099747329
198826377263325185
198826377821175809
198826377959571456
198826377997324288
198826377871499264
198826377754050560
198826377682759682
198826378429333506
198826377762455553
198826378232209408
198826378454507520
198826378647449603
198826378852962304
198826378186067970
198826378957832192
198826378886524929
198826379159142402
198826379175919616
198826378953637890
198826379364679682
198826379561811968
198826378995580928
198826377997320192
198826379972849667
198826379909926912
198826379893161984
198826380069314560
198826380228702208
198826379972849664
198826380593606657
198826380534886400
198826380081901570
198826380765573120
198826379813453826
198826380107063297
198826380824285185
198826380853657601
198826380400660481
198826380937531392
198826380887199744
198826380480360451
198826381050773504
198826380471959553
198826381528928256
198826382032240641
198826381931577344
198826382166474752
198826382258749440
198826382254542848
198826382388772864
198826382246158336
198826382166462464
198826382678163456
198826382636220417
198826382858526720
198826382862721026
198826382862712833
198826382992736256
198826382518792193
198826382225195009
198826382632026112
198826383269572608
198826383311519744
198826382892077057
198826383537995778
198826383798050816
198826383936454656
198826383890317312
198826383567360000
198826384032931840
198826384141987840
198826383647047680
198826384242647040
198826384414605312
198826384519467008
198826384091652096
198826384766930945
198826384892755971
198826384280403968
198826379171737600
198826384372662276
198826385119252480
198826385391878145
198826384980844544
198826385349935104
198826385442222080
198826385316380672
198826385719033858
198826385651933184
198826385593204736
198826385660321792
198826385958125568
198826386373349376
198826386402717697
198826386503385088
198826386125885440
198826386541129728
198826386763419650
198826386834735105
198826386914422788
198826387342229505
198826387111546880
198826387027673088
198826387824582656
198826387761672192
198826387933626368
198826387929444352
198826387887501313
198826388386611200
198826388223033344
198826387744894978
198826388365656064
198826388436942848
198826388617306113
198826388697006081
198826389070286848
198826389259042816
198826389292593154
198826389489717249
198826389108031488
198826389384863744
198826389082882048
198826389716213761
