198849794842705920
198849797740961794
198849798131040256
198849797594152962
198849799322218497
198849799515160578
198849798995050498
198849802333724672
198849802862202880
198849802962878464
198849804254711808
198849803940139008
198849804753842178
198849805261344768
198849805399769088
198849804971941888
198849805458477056
198849807375269888
198849807505297408
198849807928930304
198849808251887616
198849808444825603
198849809413701632
198849809153658881
198849811057876992
198849811758333953
198849812588802048
198849812874006530
198849813327003649
198849816275582977
198849817177374721
198849817357729792
198849817638731776
198849817168982016
198849818158841856
198849818863480832
198849819496820737
198849819698135040
198849819219992576
198849820688003072
198849822470569984
198849824190234624
198849824169279489
198849827910582272
198849828615237634
198849828829138944
198849824953597954
198849829697372161
198849829764476929
198849831127617536
198849831656108032
198849832616599553
198849832897626112
198849833493213184
198849834835386370
198849835036712960
198849835665858562
198849836907376641
198849837481988096
198849836412444673
198849837595246593
198849837498773504
198849838513782784
198849838685761536
198849840413802497
198849840862605312
198849841072320512
198849841323970561
198849840409612289
198849842401918976
198849844037681153
198849844247400448
198849843966377984
198849844771692545
198849844960436224
198849845509894144
198849846231318528
198849847531552769
198849848236187648
198849850060713985
198849851511939074
198849852321435648
198849852925415424
198849853168680960
198849853353242624
198849853667815426
198849853541974016
198849854833831936
198849855379079168
198849855827881984
198849855593005056
198849854045294594
198849857585299456
198849857572716544
198849857543340033
198849858285735937
198849858914885633
198849859493707776
198849860416450561
198849862224183296
198849862840758272
198849859615342592
198849863461507074
198849865063731201
198849866057777152
198849866137473027
198849866057789441
198849867299291136
198849867492245504
198849863759302657
198849869237059584
198849869677473792
198849870449221632
198849871564910592
198849872508624899
198849875104899072
198849877587931136
198849877344649220
198849877692792832
198849878602940416
198849878372270080
198849878846226432
198849878921711616
198849878816849921
198849879697661952
198849879425036288
198849881404751872
198849881488633856
198849882751119360
198849884395282433
198849884307202048
198849883933904897
198849885028630530
198849884877623296
198849886924443648
198849887578755072
198849888484724736
198849889239695360
198849890917425154
198849891315888130
198849892632895489
198849892532228096
198849893614362625
198849893719216129
198849894012813313
198849895019462656
198849894621003776
198849895988334592
198849896109981697
198849895560523777
198849895900250112
198849892486098944
198849896525209600
198849896286138368
198849896646844418
198849897301155840
198849897221464064
198849897179516928
198849898211323904
198849898030960641
198849898521694208
198849898752393216
198849898697867264
198849898542678016
198849897682837504
198849900673384449
198849898609774592
198849901206061056
198849903257075712
198849903668105217
198849904775409664
198849905559740416
198849905899483137
198849907715612672
198849907149381632
198849908126662657
198849908470587392
198849908843888640
198849910366416896
198849910567731200
198849911440150528
198849912157384704
198849911935078400
198849913403088896
198849913478578176
198849914816573440
198849915655426049
198849915030482945
198849916406210560
198849916724969474
198849916716580864
198849916452339713
198849919103152129
198849919304482817
198849919635828736
198849921833631744
198849922869624832
198849922739617792
198849922802524161
198849922861252608
198849923305844737
198849923557498880
198849924480237569
198849924115333122
198849924996145152
198849925994389506
198849927126843392
198849927093297152
198849927504347140
198849927701467136
198849927747608577
198849928288681984
198849929408557056
198849929815392256
198849931677663232
198849931484725248
198849931941904385
198849932122267648
198849933745459200
198849933703528449
198849933699330048
198849934873739265
198849936077488128
198849936996044801
198849937973313536
198849937725857792
198849938589876224
198849938736685056
198849939701379073
198849940783497216
198849942540922880
198849943094571008
198849943262347264
198849943996342273
198849944990400512
198849944763899905
198849945418211328
198849946118664192
198849946148020224
198849946189955074
198849947506966528
198849947955769345
198849948190650369
198849948215820288
198849948626845696
198849949444751360
198849951084711937
198849949197271043
198849951604801536
198849951512543232
198849951793549312
198849953303498752
198849954263994368
198849955279028226
198849957007065091
198849958781272064
198849960089878528
198849960014381057
198849960932933632
198849961713082369
198849962510004224
198849962879107072
198849961964740608
198849963189477376
198849963214651393
198849963986399233
198849963759894530
198849967346032642
198849967148900354
198849967912267776
198849968696598528
198849968319111169
198849969413816321
198849969862606848
198849969938120705
198849970437230593
198849970424643586
198849971171241984
198849971292868608
198849971305447425
198849972005904384
198849971674546176
198849972224004097
198849973222244353
198849975344566273
198849975885639680
198849976024051712
198849976690950145
198849976552534017
198849977173295104
198849976560926720
198849977311703040
198849977315885056
198849979425619968
198849979006201857
198849976850329600
198849981120135168
198849981451476992
198849982072233984
198849982315499520
198849984119058433
198849985268289536
198849986383986688
198849986086178816
198849987495469056
198849987839397889
198849989265457152
198849986602078212
198849990590869505
198849991048048640
198849987919097856
198849993111633921
198849993505910784
198849993526882304
198849993296183296
198849993841459200
198849994109890560
198849995661774848
198849995988938752
198849995691134976
198849998295810048
198849998232891393
198849999075934208
198849999348568065
198849999604432896
198850001231810560
198849999579262977
198850001923878913
198850002414600192
198850003626762240
198850002137780224
198850003932946433
198850004566282240
198850004620812288
198850004889247745
198850004289454082
198850004834717698
198850005249949698
198850006663434240
198850006218833921
198850007326142467
198850007942701056
198850008278237185
198850008932564992
198850008269860864
198850009054195712
198850008664117248
198850009129697280
198850010148904960
198850009637208064
198850011956654081
198850012069888000
198850011663044608
198850012371886082
198850012535463936
198850012787113984
198850012581597185
198850014846533633
198850015068819456
198850015542788097
198850015685386240
198850015882514434
198850017056931841
198850017925152768
198850018063560704
198850018843705344
198850019946790913
198850022538870784
198850023356760065
198850023537119232
198850024006889475
198850024451481600
198850024740896769
198850024954789889
198850025403580417
198850025806245888
198850022924746755
198850026288586752
198850025911099392
198850026066288640
198850026171138048
198850027932749824
198850027878232064
198850028863885314
198850030357069824
198850030562574337
198850032198369281
198850031858622464
198850032731041792
198850032861065216
198850033360183298
198850033842536448
198850034412949504
198850035721576448
198850038078767105
198850038829551619
198850038913437697
198850039366434817
198850039597109249
198850039727136768
198850040238845952
198850040561807360
198850040683442176
198850041530683393
198850041274830848
198850042109493248
198850042017230849
198850044160520192
