198841489500020738
198841489814597633
198841490175307776
198841490120777728
198841489843945472
198841490917687296
198841490787676160
198841491077074946
198841491337121792
198841490741542912
198841490905120768
198841491429404672
198841489986555905
198841491471335424
198841491018362880
198841491928518657
198841491987247105
198841491945308160
198841491924324352
198841491966275585
198841492524122115
198841492868050945
198841492721254400
198841492457005056
198841493799190528
198841493853700098
198841494562537472
198841494721921024
198841493593669633
198841494277337088
198841495237836800
198841495594352642
198841495426580481
198841495871164417
198841494935846912
198841495384621056
198841495191691264
198841495397220354
198841493295865856
198841495984422915
198841496361897984
198841496634527744
198841495145549824
198841496634523648
198841497406283778
198841497158819840
198841497397895171
198841497251090433
198841497687310336
198841497792151552
198841497511137280
198841495883759616
198841496676478976
198841496349327361
198841497804750848
198841498509385728
198841497712459777
198841498266107904
198841498974961665
198841498249334785
198841498895265793
198841498979155969
198841498484215808
198841498551324673
198841499104985089
198841499276943362
198841499142721536
198841500027727872
198841499427938305
198841500132573184
198841499432124417
198841500187107328
198841499658616832
198841499788656640
198841500300345346
198841500099035137
198841500338106368
198841499318878208
198841500157751296
198841500728168448
198841500912721921
198841500858195968
198841501172760578
198841501596401664
198841501739008000
198841501567025153
198841502439448579
198841502049370112
198841502598823936
198841502271684608
198841502586241024
198841502821126144
198841504192663552
198841504515633153
198841504167497731
198841505140576257
198841505035726852
198841505446768640
198841505371262976
198841506176581633
198841506419843072
198841506520502273
198841501546053632
198841506298208256
198841506369503232
198841506776354818
198841506797326338
198841507506159616
198841507837521920
198841508009492480
198841507720073217
198841507497771008
198841508126928897
198841508282118145
198841508420517888
198841508651208704
198841508114337795
198841508600872961
198841508802203648
198841509133561856
198841509301334016
198841509448122370
198841509519425536
198841509582356480
198841508739284992
198841509867556864
198841509594927104
198841510135992320
198841510396051456
198841509976616962
198841510530269184
198841510882590720
198841510693830656
198841511201349634
198841511125848064
198841511746600960
198841511591411712
198841511222312961
198841512241545216
198841512077950977
198841512585461760
198841511822106625
198841512451256323
198841512862302211
198841513487241216
198841513449496577
198841513977978880
198841513369800704
198841514493886466
198841514644877312
198841514770694145
198841515064295427
198841514842001409
198841514858782720
198841515525672961
198841515521474560
198841514665852928
198841515798310912
198841516393902082
198841516335173632
198841516381323265
198841516968513536
198841517459247105
198841517694132225
198841517698318337
198841518210031616
198841517656391683
198841518927249408
198841518801428480
198841519220850688
198841519594160129
198841519715782656
198841519560605698
198841519447343104
198841519703212032
198841520667893761
198841520667889664
198841521301241857
198841521611608067
198841521888428034
198841522433695744
198841522660196352
198841523058651139
198841522458869760
198841522689540096
198841523457114112
198841523805229057
198841522286899200
198841524161757185
198841524115611648
198841523989778432
198841524572786688
198841524748959744
198841525139021824
198841524920918017
198841525315178496
198841526158229505
198841526216953857
198841526367944704
198841525889810435
198841526657359876
198841525860450306
198841526556692480
198841527089381376
198841527596875776
198841527483641858
198841527173259265
198841527622045696
198841527483637761
198841528339271681
198841528465108993
198841528007929856
198841528511246338
198841528347668480
198841529291374592
198841529182334976
198841529312354304
198841529589182465
198841529203306496
198841530306396160
198841530029572096
198841530566459392
198841530671308801
198841530532892672
198841530415460352
198841531094925312
198841530113474560
198841531539529728
198841531535331328
198841531854106624
198841532151898112
198841532265144321
198841532223201281
198841532684578818
198841532273524737
198841532252561408
198841532198043648
198841533020127233
198841533405995008
198841533812838400
198841534228074496
198841534303571968
198841534345527296
198841534756560896
198841535465394176
198841535687692290
198841534190325760
198841536329424896
198841535452819456
198841536132288513
198841537168277504
198841537461895169
198841537227010048
198841537768062976
198841537851961344
198841537981988864
198841538485288961
198841538523041793
198841538577571840
198841538439163904
198841539194126337
198841538812456961
198841539898769408
198841539823280128
198841539999432704
198841540276260864
198841540167213058
198841540599222272
198841540536303617
198841541014462464
198841541333233664
198841541622636544
198841542134337537
198841541958184961
198841543182909441
198841543208091649
198841543589761025
198841545452040193
198841545787576320
198841545418489856
198841546173448192
198841546236379137
198841546995531777
198841546957783041
198841546886492160
198841547054260224
198841546961989632
198841546865516544
198841547687604225
198841547826003971
198841547406585856
198841548924928000
198841548966862848
198841548937494529
198841548643893248
198841550044803074
198841549742800896
198841550506172417
198841549893795840
198841546425114625
198841550900428800
198841551185653760
198841550929805314
198841551282118656
198841550917210112
198841551349227520
198841549273055233
198841552271982592
198841551995150336
198841552313909248
198841553224077312
198841552741744640
198841553886781441
198841553890979841
198841553786126336
198841554041970689
198841552561373184
198841554562056193
198841555501588480
198841553723211778
198841556315287552
198841556365611008
198841557531639810
198841557531639809
198841557451943937
198841557934288896
198841557984620546
198841557951057920
198841558349524993
198841558987051008
198841559771398144
198841560085970945
198841561071624192
198841561067433984
198841561100992513
198841561121955844
198841561688178689
198841561151307776
198841561772077057
198841561218424832
198841562002755585
198841562036318208
198841562753548290
198841562489294849
198841562845818880
198841562904526848
198841562921316354
198841563323961344
198841563269439488
198841563428814848
198841563974086658
198841563894394881
198841563810500608
198841563957297152
198841564829724672
198841564565479424
198841564942962688
198841565395959808
198841565635035136
198841565710524416
198841565807001600
198841566037671937
198841566138339329
198841566557773824
198841566717149185
198841567006564352
198841567824449536
198841568008998912
198841567207890944
198841568025784320
198841568076115970
198841567774121984
198841568176766976
198841568780754944
198841566289330177
198841566817812480
198841568558456832
198841569967738881
198841569657356288
198841570441707520
198841570357813249
198841570060021763
198841570479456257
198841570638823425
198841570349432832
198841570978566144
198841570567532545
198841571263782912
198841571523833858
198841571351863296
198841572027154432
198841572358496257
198841572249452545
198841572924735488
198841573037973504
198841573138632705
198841573126049793
198841573067325440
198841573272854528
198841573360943105
198841573465792512
198841573079916544
198841574040412161
198841573990076417
198841573696479232
198841574287880192
198841575034462209
198841575302905856
198841574724091905
198841575537778690
198841575894286337
198841575487438849
198841575978184705
198841576447950849
198841573528711168
198841576603123712
198841575688781824
198841576510849025
198841576129183744
198841576858992641
198841577035153409
198841577584590848
198841574648582144
198841576636694528
198841577584607232
198841577857220609
198841577555234816
198841578247290881
198841578268274690
198841579232956417
198841578624782337
198841579413311488
198841579644006400
198841578851278849
198841579526569985
198841579954388993
198841580071821313
198841580264751104
198841580378013696
198841579908247552
198841580046647297
198841579803385856
198841580575129600
198841580906491904
198841580516409344
198841581460131841
198841581808263168
198841581237833729
198841582022168577
198841582118649857
198841582064123905
198841582886207489
198841582353514496
198841579593670656
198841584819773440
198841584991735808
198841585302118400
198841585541185537
198841584840753153
198841587785138176
198841587608989696
198841588200390657
198841587814506496
198841588686929920
198841588519145473
198841588938575872
198841588519145472
198841589882294272
198841590268170241
198841590133960704
198841590339485697
198841589739700224
198841590695997440
198841590360453120
198841590788263938
198841590758903808
198841591480320001
198841591241261056
198841591950098433
198841592063332352
198841592096894976
198841591924928512
198841592461803520
198841593007050752
198841592780562432
198841593325817856
198841593757839360
198841592663117824
198841593590063105
198841595771097089
198841595414589440
198841596630929408
198841595909517313
198841596047929344
198841597062942721
198841597494956032
198841597545299968
198841597931171840
198841596588986369
198841598195412993
198841598451253251
198841599009103874
198841599218823168
198841599793430528
198841599797637120
198841600250617856
198841599843774464
198841600380645378
198841600846204930
198841601295007744
198841600032522241
198841601357918208
198841601236287488
198841601387274242
198841601903173632
198841602305830912
198841603438292992
198841603455057920
198841602632990720
198841603186634753
198841604356845568
198841604134551552
198841604759502849
198841604784664578
198841604428148737
198841605208281089
198841605489307649
198841605623529472
198841605275394048
198841605619322881
198841605472522240
198841605850021888
198841606131036160
198841605724180480
198841606600802304
198841607158628352
198841606701461506
198841607099916289
198841607481606145
198841607955558400
198841608395964416
198841608316272640
198841608517586944
198841608932835329
198841607771013120
198841609490665473
198841610241449986
198841610337910785
198841610086260737
198841610660872192
198841611235495936
198841611461992450
198841612061786112
198841613114544128
198841612938395649
198841612732858369
198841612795781122
198841612812566528
198841613462683649
198841613496233985
198841613701758976
198841613810806784
198841613483638784
198841613928251392
198841613420724224
198841614347681794
198841614741929984
198841615413018624
198841615371079682
198841615933120512
198841617069776897
198841617485004800
198841617384357888
198841618508423168
198841618474864640
198841618600689665
198841618768461824
198841618701361153
198841618898501632
198841619015938048
198841618797834241
198841619225640960
198841619510870019
198841619846410240
198841620056117250
198841619817037825
198841620576210944
198841621264076802
198841621171802112
198841621377327105
198841621402497024
198841621545103360
198841621243105282
198841621385707520
198841622102941697
198841621645766657
198841622232973312
198841622300069888
198841622249750529
198841623214432257
198841623214436352
198841623193468928
198841622912446464
198841622853730305
198841623512231936
198841623034077188
198841623772274688
198841624242040835
198841624296570880
198841624883769345
198841625206730752
198841624380440576
198841625563246592
198841626095915010
198841626221744129
198841626263691265
198841626376941569
198841627278716929
198841627412938752
198841628700581888
198841628071428096
198841629291970561
198841629363290112
198841625823285250
198841628750909440
198841630055342081
198841630231498752
198841630495739904
198841618537775105
198841631674339328
198841631112306688
198841632202825728
198841632358006784
198841632525778944
198841632806805504
198841633238818816
198841633591144448
198841633595338752
198841634006384641
198841633775685632
198841633159127041
198841633641467905
198841635180773376
198841634631327744
198841634958491648
198841635835084800
198841635256270849
198841635839283201
198841635528908802
198841636535537664
198841636640407552
198841636963368962
198841636959170560
198841636741062656
198841637122736128
198841638909509632
198841639375081474
198841639492526080
198841639689650176
198841639857422336
198841639979065344
198841640100696064
198841639886786560
198841640155234304
198841640322998272
198841640528523266
198841640528510977
198841640369139713
198841641002483712
198841641073782785
198841640910196736
198841640964718592
198841641501605888
198841641547739136
198841641690349568
198841641723887616
198841639798702083
198841641942007808
198841641950392321
198841642080419840
198841641694535682
198841642361421825
198841642436935682
198841642701172737
198841643300962304
198841643456143360
198841644013985792
198841645540708352
198841645339377665
198841645477806081
198841644685066241
198841645754630146
198841646153080832
198841646673174528
198841646299877376
198841646765453312
198841647197466627
198841647512043523
198841647553978371
198841648271204352
198841644919951360
198841649021984769
198841649131032580
198841648824844288
198841649651134464
198841647939850240
198841649974091776
198841650888458241
198841651169464321
198841650989121536
198841651844759553
198841652578746368
198841653379862528
198841653350506496
198841653451169792
198841653480529921
198841652931072000
198841649135239169
198841654059352065
198841654147420160
198841653627334656
198841654923370497
198841654227107840
198841654411669504
198841655401512962
198841655686737921
198841655787401216
198841655443468288
198841656248778752
198841656328466432
198841657112797186
198841657452527616
198841657683214337
198841657213452289
198841658111049728
198841657251201026
198841658782130179
198841659117682688
198841659075739649
198841659327385600
198841660317245441
198841659767791618
198841660510191616
198841660078174209
198841660023648258
198841660870889472
198841661541982208
198841661751697408
198841661957226496
198841661906890753
198841662011736067
198841661923659776
198841662494089216
198841662460526594
198841661521018880
198841663249072128
198841663387467777
198841663165181952
198841664331186176
198841664658341888
198841664427667457
198841664356360192
198841664217956352
198841665572704257
198841665560133633
198841665174245378
198841665107144704
198841666357047297
198841666243792896
198841666487070720
198841666055057409
198841666663235585
198841665866305536
198841666432540672
198841666801643521
198841666881339393
198841667095248896
198841666700984320
198841667728572416
198841667208491009
198841667703418880
198841667934097408
198841667879579648
198841668038950913
198841668013797376
198841668227702784
198841668424830977
198841669003653121
198841669704093696
198841669179817985
198841670064816129
198841670056427520
198841670295490560
198841670048034816
198841670236766209
198841671880949760
198841672149381121
198841671574757376
198841672489111553
198841672262623233
198841672841428993
198841672849817601
198841672887570432
198841665211998208
198841672627527680
198841673562857473
198841674007453697
198841674720477185
198841674758234113
198841675135717376
198841675488047104
198841674938593280
198841676289155072
198841676389822464
198841676515655681
198841676616302592
198841677341929472
198841677539057665
198841678008819712
198841677945913345
198841678470189056
198841679678152704
198841679913037824
198841680370208769
198841680114364416
198841680525398016
198841680147910656
198841680693166081
198841681322319872
198841681309736960
198841681817251840
198841679111917568
198841681821433856
198841682194731009
198841683021004800
198841682693849088
198841682811305984
198841683767607296
198841683578855425
198841682547056641
198841684556132353
198841684145094656
198841684182831104
198841685101395968
198841685415952384
198841685919277056
198841686128988160
198841686095433728
198841686003163137
198841686732972032
198841686636507137
198841687081091072
198841687269838848
198841688368754688
198841688649768961
198841688712679425
198841689618649089
198841689757061122
198841690533007361
198841690914697219
198841689572507648
198841690772082688
198841690566574081
198841691459944449
198841691535454210
198841691631927296
198841691829059584
198841691749355520
198841692101681152
198841692412059648
198841692131049472
198841692609196032
198841692944728064
198841692529496064
198841693431267329
198841693460631552
198841692944740353
198841693620015104
198841693779394561
198841694039453696
198841694186254336
198841694198837248
198841694341435393
198841694488248321
198841693695524864
198841694270136320
198841694836367360
198841695440351234
198841694932828161
198841695020920832
198841696056905730
198841692923756544
198841696077873153
198841696103047170
198841696556036097
198841696816070657
198841695876558850
198841696748974080
198841697197752321
198841697533304832
198841697881436162
198841698334412800
198841698556706816
198841698762235904
198841698657370113
198841699009695745
198841698921615360
198841699244576768
198841699106168832
198841699529785344
198841699571728384
198841699252969472
198841695360659457
198841699525603328
198841699903082497
198841700091822080
198841700670644225
198841701127823361
198841702180601856
198841702381920257
198841701845053440
198841702138654720
198841702809743360
198841702755217410
198841702570663936
198841702973308929
198841702369333248
198841702667141120
198841703514386432
198841703224967168
198841703833153538
198841704332271616
198841704000913408
198841703770226688
198841704537784321
198841704248389634
198841704592318464
198841705628319745
198841705737355264
198841705229852672
198841705905143809
198841706211311616
198841706714628096
198841706672693249
198841706286813184
198841706622369792
198841707117293568
198841706446196736
198841706190348289
198841707230535682
198841706878214144
198841707821924352
198841707721261057
198841707817738240
198841707624804352
198841705783496704
198841708283305987
198841708472053761
198841709252198401
198841709403185152
198841709533208576
198841709570949122
198841710464339968
198841708954398720
198841710401433600
198841710787301377
198841711336755200
198841711504527361
198841710623723520
198841711445815298
198841712074960896
198841712456630272
198841712322428929
198841712725065730
198841712389537793
198841712452448256
198841712486002690
198841713417138176
198841712855097345
198841713542971392
198841714100801536
198841712284676096
198841713974976512
198841714272772096
198841714209861632
198841714037899264
198841715036135424
198841715602362370
198841715539456001
198841715946299392
198841715942096896
198841716332171264
198841716407664640
198841716554473472
198841717485608960
198841717506576384
198841717015838721
198841718538379265
198841719754735617
198841720035753984
198841719821836288
198841719448551424
198841720140595200
198841720002187266
198841720589398016
198841721134653440
198841721629581313
198841721302425600
198841722657189888
198841722778812416
198841723621867521
198841723231813632
198841723600900097
198841723231805442
198841723319894016
198841723919679488
198841723860959232
198841722816577536
198841724804677632
198841725224091649
198841724930498560
198841725589012481
198841725224091648
198841726331404288
198841726335598592
198841725349937152
198841726469816323
198841726742437888
198841726096523264
198841726734053378
198841726436261888
198841727388356609
198841726906007552
198841727992340482
198841727971364865
198841728722149376
198841729129000960
198841728566956033
198841728562774017
198841729133187073
198841729133187072
198841726310424576
198841729913327618
198841729816854529
198841730018181123
198841730760589312
198841730278227968
198841730244685824
198841730425040898
198841730617966593
198841730878013440
198841731830136833
198841732383768576
198841732568330241
198841733528817664
198841733231030272
198841732459282432
198841733759504386
198841733595938816
198841734606766081
198841731758817280
198841734027935744
198841734271221760
198841733637881856
198841734560620544
198841735164596225
198841735307210752
198841734476738560
198841735240089601
198841735554666496
198841734661283840
198841735567245312
198841735726645248
198841735659532288
198841736213180417
198841736397717505
198841736766820352
198841737114943488
198841737119150080
198841737471467520
198841737626660864
198841737513406464
198841737949626370
198841738738143232
198841738977218560
198841738964643840
198841739107237888
198841739254046720
198841739522490370
198841739350515713
198841739111440384
198841739438587904
198841740118069248
198841740331991041
198841739916754945
198841740474585088
198841740101287936
198841740193570816
198841740336181248
198841740436840449
198841739753177088
