198826641600946176
198826641726767104
198826642464972801
198826642855038976
198826643157037056
198826643312222209
198826643379326978
198826643589038082
198826643257688066
198826642808909825
198826643781984257
198826643333201920
198826644176244736
198826644457267201
198826644927033344
198826645082218496
198826645057044480
198826645291929600
198826645061246978
198826645400989697
198826645585526785
198826645677801472
198826645241610241
198826645694595072
198826645434540032
198826646000762880
198826645715554304
198826645694586881
198826644801208320
198826645317095425
198826646910939137
198826645933654017
198826646885769216
198826647015792640
198826646822854656
198826647967903745
198826646629920768
198826647913377792
198826648085336064
198826647644930050
198826648085344257
198826648274092033
198826648571875331
198826647330357248
198826647175180289
198826647527501824
198826647158407170
198826649121333248
198826649750474753
198826648555106305
198826648886452224
198826650643865601
198826650769690624
198826647485546498
198826651004575744
198826651038126080
198826650438340608
198826650874548225
198826651247853571
198826651130413056
198826650853584896
198826651629518848
198826651025555456
198826651797299200
198826652434837504
198826651881193472
198826652585820160
198826653068173312
198826653059792896
198826653571493889
198826653886070785
198826654150303745
198826650736136192
198826654137716737
198826653932195841
198826654267748353
198826654129328128
198826654326464513
198826654339039235
198826654662008832
198826654825590784
198826655056273408
198826655396003841
198826655358271488
198826655685427204
198826655614115841
198826655970623488
198826656096456705
198826655886749696
198826655899324417
198826656587202561
198826656306180096
198826656775946241
198826644646002690
198826654397759488
198826656989839361
198826657237303299
198826652241899520
198826657287651328
198826656616562688
198826656742375424
198826657631580160
198826657786765313
198826657828704256
198826657140834305
198826658189422593
198826657744822272
198826657971310592
198826657958739970
198826658906648577
198826658860503041
198826658969563138
198826659149914112
198826658902441984
198826659288326144
198826659175084032
198826659426738176
198826659393183744
198826659426746368
198826659523203072
198826659640655873
198826659699372036
198826659770662912
198826659405758465
198826659921670144
198826660185911297
198826660362059776
198826660420792322
198826660890554368
198826660886347776
198826660697604096
198826661054132224
198826661117038592
198826661263851521
198826661276434432
198826661456789505
198826661100257280
198826661045743616
198826661804916736
198826661276426240
198826661570027522
198826661939122177
198826661901385728
198826661683277824
198826662262083585
198826662232731649
198826661939134465
198826662702493696
198826662660554754
198826662975123456
198826662366945281
198826663264534528
198826663298080769
198826663381975042
198826663797202945
198826664023691264
198826664103395328
198826663704928257
198826664451510272
198826664455704578
198826664485072896
198826664610889728
198826664132739073
198826665034530817
198826665512669184
198826665466535936
198826665525256192
198826665072267265
198826665722396678
198826666166984704
198826666158587904
198826665999204352
198826666179563520
198826666653523970
198826666573840384
198826666548658177
198826666632548352
198826666884218881
198826666544476162
198826667119087616
198826666544472064
198826667278475266
198826667370749952
198826667223957504
198826667601440770
198826667702091776
198826667848892417
198826667773403136
198826668176064513
198826667593043968
198826668297691136
198826668247355392
198826668431908866
198826668582907906
198826668545146880
198826668708741120
198826668733906944
198826668696150016
198826669006536704
198826669170098178
198826669300125696
198826669363036160
198826669044277248
198826669279162368
198826669371432960
198826669216235520
198826669509840896
198826669681807361
198826669878943745
198826669518229504
198826669807640576
198826670302568448
198826670428393472
198826670839439360
198826670550028289
198826671183376385
198826670520664064
198826671200153600
198826669778276352
198826671648931840
198826671695073280
198826671690883072
198826671674097664
198826672005459968
198826672009658369
198826671770574848
198826672341004290
198826672009641984
198826671997059072
198826672496181249
198826671778963456
198826672064180224
198826672773021697
198826672865288194
198826672705908736
198826673196630016
198826673213407232
198826672970149888
198826672370364417
198826673460871168
198826673746096129
198826673699946496
198826673116954624
198826673792225280
198826673989361664
198826674480103424
198826674937266176
198826675096666112
198826675063111681
198826675134410752
198826674463322112
198826675272810496
198826675553845250
198826675943911425
198826676338176001
198826676346560513
198826676006830080
198826676560478208
198826676451409920
198826677038628865
198826677349003265
198826677734875137
198826677617438720
198826677286076416
198826677718097920
198826678108168193
198826678137536512
198826678238195712
198826678317879297
198826678527590400
198826678712152065
198826678322081793
198826678863142912
198826678934454273
198826679127388161
198826678754086913
198826678787645441
198826679139971072
198826679303553024
198826679253209088
198826678842175489
198826679433572352
198826679030906880
198826680595382272
198826680696045568
198826680746393600
198826680868024320
198826680922546177
198826681216139266
198826681279053824
198826681253896192
198826681648156673
198826681765605377
198826681866260480
198826681568464897
198826682260525056
198826682356998144
198826682474434560
198826682499608576
198826682105348096
198826683275558914
198826683095191553
198826683342655489
198826683476869120
198826684160552960
198826683694977024
198826683757895682
198826683829198848
198826683996971009
198826684647096320
198826684726775809
198826684911337472
198826685410451457
198826685594992641
198826685582413825
198826684559007744
198826685716635648
198826685829877761
198826685779542016
198826685938929664
198826686039597056
198826686047977472
198826686626807809
198826686870065153
198826687130112000
198826687218192384
198826687713132545
198826687713128449
198826688027705344
198826687532765185
198826688338083841
198826688585547776
198826688723943425
198826687906070529
198826688803635200
198826689197907968
198826688572964865
198826688472285184
198826689462157312
198826689587986432
198826689550221312
198826686626807810
198826689436987393
198826690284224513
198826690351337472
198826690590408704
198826690649145344
198826689327935489
198826690959515648
198826691408310272
198826691035013120
198826690737209344
198826691265708033
198826691165040640
198826691701911552
198826688447135748
198826691865481217
198826692960190464
198826693274767361
198826693505449984
198826693731954689
198826690074513408
198826693878751233
198826693933285377
198826694029754370
198826693752930304
198826694340116480
198826694361088001
198826693710979072
198826694369480704
198826694105251840
198826694377873408
198826694801489920
198826694717620224
198826694801489921
198826694134595584
198826695145426944
198826695346757634
198826694772137985
198826695388708864
198826695397093376
198826695388692480
198826695757799425
198826695686488066
198826691659972608
198826695199956992
198826695371915264
198826696269500416
198826696437284865
198826696160448513
198826696680550402
198826697003515904
198826697393577984
198826697179676675
198826698052079617
198826698052087808
198826697989169153
198826695803936768
198826698685423616
198826698995793921
198826699213914112
198826699452989440
198826697074814977
198826699746590720
198826699360714752
198826699419430912
198826699742380032
198826700438638592
198826700614811648
198826699742384132
198826700543504384
198826699830464513
198826700971323394
198826699947917312
198826700493164544
198826701361381376
198826701000687616
198826701071982592
198826701730480129
198826701839540224
198826702489661441
198826702581932033
198826701378166784
198826702758084608
198826702766473217
198826702837776385
198826702657437696
198826703009755136
198826703164948480
198826703424978945
198826703542423553
198826703680839680
198826704075104257
198826704452587520
198826704578412544
198826704876216320
198826705194979329
198826705379524609
198826705241116672
198826703546613761
198826705450840064
198826705404706816
198826705866076160
198826706054823937
198826705824124928
198826706386165761
198826706314862593
198826705761210368
198826706390364160
198826706784620546
198826706923044864
198826706692349952
198826707170508800
198826707506036736
198826707107577856
198826707606712320
198826707300519936
198826707325681664
198826707195666433
198826708550434817
198826708663664641
198826708764332033
198826708881780737
198826708894355459
198826708948893696
198826708902748161
198826708881780741
198826708613337088
198826709531901953
198826709338959872
198826709976481792
198826709997457409
198826709653520384
198826710270087168
198826710001664001
198826710165225473
198826710597246976
198826711029264384
198826710530134016
198826711205425153
198826710773411840
198826711138304001
198826711834570752
198826712002338817
198826712291737600
198826712216240128
198826712291753984
198826712610508801
198826712727953408
198826712841195520
198826713868795904
198826713906544640
198826713852026881
198826714141433858
198826713868795905
198826712006529024
198826714418266112
198826714049159168
198826714527313920
198826714632171521
198826714300809216
198826714871234561
198826714950930432
198826714921566208
198826715118710785
198826715089350656
198826715542331392
198826715475214338
198826715819159554
198826715777220610
198826716163092480
198826716213411840
198826716804816897
198826716913872896
198826716658020353
198826717400403971
198826716947415040
198826717282967553
198826716788031489
198826715814952960
198826717647867904
198826716557352960
198826717626892288
198826717970841602
198826718008573952
198826718331535361
198826718113447936
198826718474141696
198826718256050178
198826718969077761
198826718973263872
198826719187185664
198826719224934400
198826719711473664
198826719887638528
198826718763560960
198826719501750272
198826720273514497
198826719963127809
198826720453857281
198826720638406658
198826720697135105
198826721108172800
198826721254981634
198826721447907329
198826721322078209
198826721640857600
198826721464692737
198826721867350016
198826720525160448
198826722295160834
198826722844622848
198826722999795712
198826722978840576
198826721695367168
198826722983018496
198826723654123520
198826723893190657
198826723880607745
198826723951919104
198826724337778688
198826723800911872
198826724484587520
198826724262289410
198826724656545792
198826724664942594
198826724950147072
198826724643962880
198826724916596736
198826725126311936
198826725226971137
198826725185036288
198826724635590657
198826725495418881
198826725336035329
198826725587685376
198826725679955968
198826725809983488
198826726401376260
198826726741118976
198826726602706944
198826726770483200
198826727479324672
198826727156355072
198826726485262336
198826727470923776
198826727160545280
198826727412211714
198826727391240193
198826727189905408
198826726816612352
198826727693225985
198826727873581056
198826728045547520
198826728150417410
198826728225898497
198826728196550656
198826728439820289
198826728792141825
198826729098313729
198826729148661760
198826729022816257
198826729240936448
198826729433874432
198826729475805185
198826729735864320
198826729706500096
198826730373386243
198826730717319168
198826731195473920
198826731950444544
198826732218880001
198826732252430337
198826731732348928
198826731522637825
198826732390842368
198826732478930945
198826732755755010
198826732776726528
198826732923523072
198826732365692929
198826732348907520
198826733271662593
198826733070331905
198826733540093952
198826733334564866
198826732785115136
198826733686886401
198826733812723712
198826733875630080
198826734097936385
198826733519122432
198826734181822464
198826734282473472
198826733724639232
198826734337007616
198826734362165249
198826733636558848
198826734383153153
198826734601244674
198826734668357633
198826734693519360
198826734806773760
198826734836137984
198826724673323008
198826735289110529
198826735301701634
198826734404108288
198826735339446275
198826735180058625
198826735377190912
198826735343648770
198826735213613056
198826735880507393
198826735494635522
198826735884697602
198826735582711808
198826736199278592
198826736291557376
198826736534822913
198826736417390592
198826736601923584
198826736740347904
198826736891342848
198826736891346944
198826737671483395
198826736845193216
198826737851834370
198826738149625857
198826737528872962
198826737990250497
198826738279649280
198826738707476481
198826738397102082
198826738921381888
198826739068174337
198826739256926208
198826738954928129
198826739244343298
198826739978350593
198826740099973120
198826740464877569
198826741437972480
198826741173731328
198826741597347841
198826741131784192
198826741878362112
198826741907718144
198826741798674432
198826742436216833
198826742490730497
198826740884316160
198826742746595330
198826742436208640
198826742260056066
198826742859825152
198826742486536194
198826742960500736
198826742822076419
198826744164265984
198826744348811264
198826744235556866
198826745032482816
198826745170886657
198826744898273280
198826744688553984
198826745938452481
198826745946836992
198826746009751552
198826746328530944
198826746416603136
198826745883926528
198826746601156610
198826746580185088
198826746550820864
198826745992970240
198826747196743680
198826747398070272
198826747582611457
198826747616182273
198826747838476288
198826748236931073
198826748404699137
198826748702498816
198826748870275072
198826749046423552
198826748572467200
198826748652171264
198826749453283328
198826749893689345
198826749608472576
198826749482647553
198826750107590656
198826750455726080
198826750384418816
198826750573162496
198826750036279296
198826750225039360
198826751181328384
198826750392795136
198826750866767872
198826751504289792
198826751407816704
198826751151980546
198826751391039488
198826751013556224
198826751575605248
198826752078921728
198826751835635712
198826752297009152
198826752787750913
198826752347348993
198826751978258432
198826752687095808
198826752510918656
198826753500786689
198826753907621888
198826754188656640
198826754201227264
198826753676939264
198826754054438913
198826753878269953
198826754796826625
198826754448687104
198826754671001601
198826755031699456
198826753525940225
198826754801016832
198826755375636481
198826755480498177
198826755736346625
198826755748925440
198826755799252992
198826755472109568
198826756059316224
198826756432609280
198826756558430208
198826756503904256
198826756260626432
198826757044969475
198826756310958080
198826757154025473
198826756600365056
198826757426647042
198826757439234048
198826757300813824
198826757305012224
198826757988679682
198826758013853697
198826758156455936
198826758185816064
198826757791551488
198826757753802754
198826758223564800
198826758357790722
198826758601064448
198826758651387905
198826758231949312
198826758227755009
198826759196655617
198826759351840768
198826759427338240
198826759452499970
198826759448309761
198826757606998017
198826759393771520
198826759569944576
198826759716741120
198826759536377856
198826759171473408
198826759783841792
198826760115208192
198826760622706688
198826760266199040
198826760777895936
198826760593354753
198826759624470528
198826760081637378
198826761004388352
198826760937279489
198826761331539970
198826760362659840
198826761407041537
198826758261321729
198826761180557313
198826761402855424
198826762027802625
198826762304634882
198826762208149504
198826761176358914
198826762447241217
198826762564673537
198826762313015297
198826762443030529
198826762602414081
198826762761797632
198826762296242178
198826762430459907
198826763101548544
198826763185438722
198826763076374528
198826763546148864
198826763319644161
198826763898454018
198826763797803008
198826763965566976
198826764007514113
198826764066230272
198826763948797953
198826764296925186
198826764259180544
198826764691185664
198826764875735043
198826764431134720
198826764519227392
198826765030920192
198826765274189824
198826765332922369
198826765521657856
198826765173534722
198826765613940737
198826765303562240
198826765324533761
198826765953671168
198826765978845184
198826766079504386
198826766163378176
198826765819445249
198826766490542081
198826766268248064
198826766704459776
198826767128072194
198826767077752833
198826767593644034
198826767815946241
198826767287459840
198826768008888320
198826768185044993
198826768222789636
198826767346184194
198826768587689984
198826768860315650
198826768981954560
198826768306675712
198826769162321922
198826769330077696
198826769825021952
198826768906461186
198826770202501121
198826770131189760
198826770533859328
198826770919718913
198826770705813505
198826771142025216
198826771246874625
198826771599200256
198826771536285698
198826771704066048
198826772429668352
198826772438061056
198826772559708163
198826772245123072
198826772249321472
198826772731662337
198826773142704128
198826773318877185
198826773448900608
198826772312227840
198826773507608577
198826773553758208
198826773155287040
198826773801222144
198826771896999937
198826774065463296
198826773948014592
198826773520187392
198826774342275074
198826774828822530
198826775155982337
198826774321299456
198826775323742209
198826775990636544
198826775952900096
198826776275861504
198826776351354880
198826776422649856
198826776489754625
198826776812728321
198826776896606208
198826777693519872
198826777781608448
198826777139879936
198826777836138496
198826777873874946
198826777899044864
198826777978732544
198826778259759104
198826777760645120
198826778075205632
198826778511409152
198826778846953472
198826779094425601
198826779350278144
198826779950055424
198826779534831616
198826780495331328
198826780520493057
198826780470153217
198826780826681344
198826780189134848
198826780835053568
198826780721811457
198826780650520577
198826781355155456
198826781329989632
198826781292244993
198826781761994752
198826781954949120
198826781950754817
198826782315651072
198826782231756800
198826782546337792
198826782516981760
198826782600863744
198826782726696960
198826782919622658
198826782953177089
198826782793797632
198826783431331842
198826783049658370
198826783062233089
198826783141933056
198826783716552704
198826782420516864
198826783561363457
198826784416989184
198826783943049217
198826784240844800
198826785004199936
198826785071304704
198826785524293632
198826785264250880
198826785402662912
198826786203774976
198826786086338560
198826786459631616
198826786103111682
198826786832908288
198826786946158592
198826787277512704
198826786405105664
198826787252350977
198826787353018368
198826787394961408
198826787545944064
198826787994742784
198826788099604480
198826787940216832
198826788581941248
198826788800036865
198826788892323840
198826789018140673
198826789425000449
198826789437583360
198826789546639363
198826789596962817
198826789668265984
198826789928304642
198826790364520449
198826790762979328
198826790762971136
198826790981079040
198826790993666049
198826791228542978
198826790762975234
198826791429869569
198826791870279680
198826791207575552
198826792663003136
198826792763670529
198826792780439552
198826792923054080
198826792415535104
198826792734306304
198826792788819968
198826793237610496
198826794168745984
198826794416214016
198826794198118401
198826794374275072
198826794667872257
198826795104092160
198826795083120641
198826794604961792
198826795297026048
198826795993284608
198826795917778945
198826795708055552
198826796089753601
198826796517572608
198826796886654977
198826796597260291
198826796983136257
198826796957970432
198826796685340672
198826797301903360
198826797062828032
198826797549363200
198826797238988802
198826797838774272
198826797163491328
198826797528383488
198826798287568897
198826798065262594
198826797780054016
198826798417575937
198826798816047105
198826799449382913
198826799633936384
198826799302574080
198826799516487681
198826799990456320
198826799747178496
198826799667494912
198826800707682305
198826800506339328
198826799336144898
198826800456015873
198826801131307008
198826801391349760
198826801416507394
198826801307463680
198826801521360896
198826801403924481
198826801332629504
198826801605251074
198826800703471617
198826801152278528
198826801257132033
198826801789800449
198826802435719168
198826802871926784
198826802934845440
198826803039715332
198826803337502723
198826803413004288
198826803383644160
198826803467526146
198826803954069505
198826803710787584
198826804184748032
198826804016984064
198826804201537540
198826803425574913
198826804230889472
198826804440604673
198826804130217985
198826804801310720
198826805015232513
198826805061357569
198826805145243649
198826805535313920
198826805870854144
198826806147686401
198826804042149888
198826805606612992
198826806537748480
198826807095607297
198826807074619392
198826807091408897
198826807477284866
198826807582138368
198826807624081410
198826807766687744
198826806705532929
198826808030920707
198826808240640000
198826808496492544
198826808630722560
198826808169349121
198826808639102977
198826808345493504
198826808991424513
198826808995618817
198826809377300481
198826809750597632
198826809876430848
198826809905778690
198826810111295488
198826810060976128
198826810136473600
198826810513956866
198826810472009730
198826810870476800
198826806399344640
198826810144854016
198826811407351809
198826811268939776
198826811507998720
198826811168264192
198826811432501248
198826811306684417
198826811373789187
198826812061655040
198826811449290752
198826812040679425
198826812296544257
198826812493672448
198826812397207552
198826812057452544
198826812959240192
198826812573364224
198826813257039873
198826813328338944
198826811994542081
198826812833402880
198826813819060225
198826813567414272
198826813634519040
198826814137831424
198826814674710528
198826812955045890
198826814527913984
198826815010250752
198826814821498882
198826815119310848
198826814775361536
198826814540488708
198826815358369793
198826812955037696
198826814993465344
198826815979130880
198826815828131842
198826816046252032
198826816083992576
198826816021082112
198826816444694529
198826816566333443
198826817384226816
198826816654413824
198826817585557504
198826817451327488
198826817451343872
198826816255963137
198826817929478145
198826818189537280
198826818617344000
198826817849802754
198826818671886336
198826818361503744
198826818906767360
198826819112271872
198826819242303488
198826819187769344
198826819166806016
198826819493969920
198826820232167425
198826820026646529
198826820500586496
198826819720450048
198826820332826624
198826820613836801
198826820634808320
198826820748058624
198826820966170625
198826821423333376
198826821628854273
198826821712748544
198826821322682368
198826821855354880
198826822052487169
198826822044094464
198826822207672320
198826822220255233
198826822186708992
198826822492893185
198826822518063104
198826822698409984
198826822845202432
198826823059116032
198826822207680512
198826823424032769
198826822857785346
198826823411449856
198826823533072384
198826823981867008
198826824019607552
198826822400618498
198826824342573057
198826824728449027
198826824770387968
198826824741044224
198826824673918977
198826824401293316
198826824736841729
198826824984309760
198826824799760384
198826825688948737
198826825793810433
198826825986740224
198826826167095298
198826825944797185
198826826250989568
198826826196467713
198826825990946816
198826826989191168
198826826682990593
198826827295375362
198826826871738368
198826827358289920
198826827211489281
198826828390080513
198826828343951360
198826828570431488
198826828104876032
198826828759187456
198826828968890368
198826829027606529
198826828771762177
198826829321216000
198826829539315712
198826828553654273
198826829182808064
198826829728059392
198826829270892544
198826829451247616
198826830143299584
198826830294286336
198826830181040129
198826830466260993
198826831015710721
198826831053455360
198826831066042370
198826831217045506
198826831376433152
198826831598718976
198826832517279744
198826828943720448
198826832588578817
198826832731189249
198826832819273729
198826832437579776
198826833268060162
198826833624567808
198826833133830144
198826833049960449
198826833934958592
198826833389682689
198826833461002241
198826834224361474
198826834060787713
198826834232737792
198826834639589377
198826834769620992
198826834572492800
198826834920611840
198826834987716608
198826835600089090
198826835507814400
198826834715082753
198826835923058688
198826835914657793
198826836233424897
198826837168766976
198826836929675265
198826836879347712
198826837374287872
198826837026160640
198826837302980608
198826837885980673
198826838003421186
198826836854177792
198826838473191426
198826838242496512
198826838502539264
198826838863253505
198826838305415168
198826838687088640
198826838846472194
198826838292832256
198826839395942401
198826839496593409
198826839232364545
198826839605653505
198826839794393088
198826839144267776
198826839349792770
198826839244947456
198826839370768385
198826839924424705
198826839605657600
198826839777624065
198826839756648450
198826840742309891
198826840637452289
198826841111400450
198826841350479873
198826841405005824
198826841627299842
198826842101268480
198826841736355840
198826842428407809
198826841983811584
198826842218708994
198826841639882753
198826842843643905
198826842537472000
198826843221139457
198826842994638849
198826842818478080
198826843732852736
198826843950940162
198826844248739840
198826844177436672
198826844169052161
198826845167292416
198826845347643392
198826845377011713
198826845410570241
198826845695778816
198826845783863296
198826846194900992
198826846094233602
198826846291369984
198826846383652865
198826845972602882
198826846475919360
198826847016980481
198826847163785219
198826846819852288
198826847377690625
198826847931346944
198826848183005184
198826848388530176
198826848866664448
198826849177047041
198826849130905603
198826849210609664
198826849386762242
198826848971538432
198826849822969856
198826849860722688
198826849021861889
198826848422076418
198826850129154048
198826849613258752
198826850275958784
198826850980601856
198826850930262017
198826851479732225
198826851664273409
198826851597168640
198826851861405696
198826851894968320
198826851920125952
198826852377296896
198826852528295937
198826852570251266
198826851613933570
198826852570247168
198826853119692800
198826853178421251
198826852830289922
198826853446856704
198826853660766210
198826853446860800
198826853719490560
198826853954367488
198826853996298241
198826854252163072
198826853778202624
198826854017269761
198826854549950465
198826854617071617
198826854617071616
198826854499622913
198826855116185600
198826855657242624
198826855623688192
198826856265424896
198826856127021056
198826856491909120
198826856387063808
198826856584187904
198826856743567360
198826856848429057
198826856978448384
198826857427255297
198826857439825921
198826857272061952
198826857607602177
198826857733431296
198826857829904384
198826858077360128
198826858110918656
198826858668761088
198826858425499649
198826858039615488
198826859000107009
198826858777812993
198826859276926976
198826859406954496
198826860023517184
198826860124192768
198826860161937408
198826860199677953
198826860216451072
198826860807847936
198826860908511232
198826860384235520
198826860992401408
198826861185351680
198826861420228609
198826861638324224
198826861948702720
198826861902569473
198826862154223617
198826861990641665
198826862493958145
198826862980501504
198826862884036608
198826863072784385
198826863030829056
198826863395741697
198826863295070208
198826862355562496
198826862896619520
198826863014051840
198826863823568896
198826863488020481
198826864083615744
198826864213639168
198826863777419264
198826864289136640
198826862305230848
198826861604773891
198826863836147712
198826864654028800
198826864855363585
198826864779870208
198826864951832576
198826864272351232
198826864624676864
198826865148964864
198826865417396225
198826865220272129
198826865564200960
198826865388036096
198826865887158272
198826866407251971
198826866495332352
198826866507915264
198826866826690561
198826866323365889
198826866461773824
198826867183198208
198826867363557377
198826867082534912
198826867741048833
198826868043030528
198826867602628608
198826868181438464
198826868319854594
198826868328235008
198826867925594113
198826868558934016
198826868756058112
198826868286300160
198826868319854592
198826868949000192
198826868739276800
198826869431349248
198826869351661570
198826869343260672
198826869536198656
198826869754310656
198826869603307521
198826870110822401
198826869775273984
198826870303764480
198826870572191746
198826869305524224
198826870958080000
198826870530252801
198826871427825664
198826870165352448
198826871121649665
198826871964712960
198826872061173762
198826872396722177
198826872358969344
198826872124080128
198826872740655105
198826873021669376
198826872841310209
198826873634041857
198826873189437441
198826873873104896
198826873881497600
198826873625653250
198826874032500737
198826874191884288
198826874447728640
198826874498056192
198826874405789699
198826874762305536
198826874091212801
198826875026546688
198826875139796993
198826875047522305
198826875248844801
198826875819274240
198826875731189761
198826875739570176
198826876016410625
198826876087701505
198826876544876546
198826875999625216
198826876863651840
198826876351938561
198826876742012930
198826877442465793
198826876704268288
198826877572485120
198826877492801536
198826878033854465
198826877509574656
198826878042259456
198826879074045952
198826878210023424
198826879430569985
198826879434756096
198826879573168129
198826880340729856
198826880395255809
198826880877592576
198826880953094144
198826881162805248
198826880927940610
198826881146040320
198826881548693504
198826881020215296
198826881020207104
198826881632567297
198826882127507457
198826882211397632
198826881984892928
198826882609848320
198826879388622848
198826882874089472
198826883855560704
198826883855552512
198826874925887489
198826884484710401
198826884144955392
198826885277433858
198826885545861120
198826885025771520
198826885793333248
198826885847842816
198826885571031040
198826885935931392
198826885868814336
198826885541662720
198826886405689344
198826886615416832
198826886070149122
198826886778982400
198826886464421889
198826887097745410
198826887760453632
198826887693340672
198826887806586880
198826888435736577
198826888305704960
198826888825810944
198826888867753985
198826888536391682
198826889127796736
198826889220075520
198826889433980930
198826889798893570
198826890428022785
198826890599993345
198826890339950593
198826890641932288
198826890449002496
198826891132669952
198826891300442112
198826891422089216
198826891480801280
198826891560488960
198826891715678209
198826891459829760
198826891975725058
198826891308834817
198826892005081089
198826892172861444
198826892390969344
198826892453871616
198826892776845312
198826893087227904
198826892927832065
198826893095600129
198826892831367169
198826884270800898
