198787131995463680
198787133039845377
198787133270532096
198787133731909632
198787133559930881
198787134361047041
198787134306533376
198787135103447043
198787134948261889
198787134222635008
198787138228195328
198787139092230144
198787138463080449
198787137804574721
198787140308566017
198787140358905857
198787141780774915
198787143236206592
198787143148109825
198787143521411072
198787145773752320
198787143810822144
198787145941516290
198787146583261185
198787147984146433
198787148168699905
198787149385052164
198787149666074624
198787152312676356
198787153130553344
198787153520640000
198787153512243202
198787154778923008
198787157303894016
198787157635244032
198787157287124993
198787159031955456
198787159115841538
198787160118280192
198787160629968897
198787160495767552
198787161972150275
198787161942786049
198787163943469058
198787164438413312
198787163939278851
198787164652306432
198787162651635712
198787166208405506
198787167491862528
198787167441530881
198787167718346752
198787167424745473
198787167844175872
198787169232498688
198787170071359488
198787171228979201
198787171522592768
198787172025892864
198787172143341568
198787172847992833
198787170289451008
198787172965416961
198787174030778368
198787170805362688
198787175570087937
198787177709178880
198787179365937153
198787178854232064
198787180179628032
198787180401926144
198787181240791041
198787181576331264
198787182415196161
198787181689585665
198787183157592064
198787183769960448
198787183119843328
198787184793362434
198787185850331137
198787188299800576
198787189449031682
198787190661193730
198787191420354560
198787192666062848
198787192393433088
198787193672699904
198787193915969537
198787194138267650
198787195404955648
198787199406325761
198787199888658432
198787200601698304
198787200584912898
198787201755123712
198787202711420928
198787202061320192
198787202937921537
198787204343009282
198787207123845120
198787208335990784
198787207916560384
198787208403107840
198787208696696832
198787210047270914
198787209980162048
198787210902908929
198787211137785859
198787210688995329
198787211813064704
198787211863404544
198787212911968256
198787214774247424
198787216321937408
198787217106280448
198787218347786240
198787218716884992
198787218725281792
198787219593506817
198787220017131521
198787220528840704
198787220763721728
198787220822425600
198787223192215554
198787223477420032
198787224932859904
198787226816102404
198787228086972416
198787229009711104
198787229634662401
198787229806624768
198787226858029056
198787229915676673
198787230666469377
198787231236890624
198787232277078016
198787232306438144
198787232759431168
198787233526972416
198787234730749952
198787235477327873
198787236047753216
198787236777574400
198787238358814720
198787239419977728
198787240124624897
198787242473439232
198787242687336449
198787244230840321
198787245312983040
198787247858917376
198787248261578754
198787248085405696
198787249641496576
198787247808589824
198787246965526528
198787252304871426
198787252355211264
198787253760311296
198787257006702595
198787259204517888
198787260311814144
198787262383788033
198787262329266176
198787263096832000
198787265139445760
198787265839902720
198787265818927105
198787266104135681
198787268343902208
198787269455396866
198787270969536512
198787270164221954
198787272353648640
198787273259614208
198787274547265537
198787275423879169
198787276069814273
198787276204027904
198787274392084481
198787277378433025
198787277814632448
198787278569615362
198787281107156992
198787284366139393
198787286161293312
198787288082288644
198787287964856322
198787288623357952
198787291727134721
198787291781677056
198787292993830912
198787293136424963
198787294969335809
198787294793175040
198787294826741764
198787297385267200
198787297334931456
198787293312593920
198787302321954818
198787303785766913
198787303446024192
198787304087760899
198787306105221123
198787306906320896
198787308026204160
198787309347422211
198787310395990017
198787310463090689
198787312048541696
198787315999580160
198787316599361537
198787317631172609
198787318247731201
198787317933158400
198787318566490113
198787318579073024
198787322785959937
198787323478032384
198787323851309059
198787325294157824
198787325470326784
198787325986226177
198787326133022721
198787326414032896
198787329949843456
198787331178770432
198787331887607809
198787332961341440
198787332881645568
198787333821169664
198787335129808896
198787335872188417
198787336107073536
198787337021423618
198787337164029952
198787337944170497
198787339168919552
198787340523679746
198787340955684866
198787341173796864
198787341681299456
198787342683734017
198787342687936512
198787343119945728
198787346513133568
198787346815131648
198787346869665792
198787349176520704
198787350040559616
198787349671452672
198787351252697088
198787352053813248
198787352536154112
198787351915405314
198787355266646017
198787356495577089
198787355841265664
198787357623857152
198787358089428992
198787358869553153
198787358378831872
198787354427785217
198787357162471425
198787357191831553
198787359456759811
198787361495195649
198787362283732992
198787362489241603
198787361897844739
198787359544836097
198787363730751488
198787364997443584
198787365836296192
198787366096347138
198787368742948865
198787368889757697
198787368852013058
198787371058204673
198787370982711299
198787372014510082
198787372157124610
198787372475879424
198787374459785216
198787374413647872
198787375499968515
198787375688720384
198787376099753984
198787377290940417
198787377676816386
198787378935111680
198787379962720256
198787381107765249
198787382441549824
