198820601668960257
198820601727696896
198820602159706113
198820602444910592
198820602528796673
198820601878691840
198820602444910593
198820602629459968
198820602503634945
198820602197446656
198820602499440640
198820603254407170
198820603308949505
198820603535441922
198820603501887488
198820603149565952
198820603841613824
198820603959050241
198820599794122752
198820604261040130
198820604286222336
198820601635414017
198820604382691328
198820604323971072
198820604638535680
198820604412039169
198820604240076802
198820604655316995
198820604416237568
198820604365910017
198820604399452161
198820605016031232
198820605213163520
198820605288656896
198820605259292673
198820605036994562
198820606215598081
198820605951361024
198820606039429120
198820606383374336
198820606505005056
198820606056214528
198820606605656064
198820606907654145
198820607444525056
198820607310299137
198820607444520960
198820606580506626
198820606458867713
198820608153362432
198820608287571968
198820606928617473
198820608048513024
198820607473885184
198820608899940352
198820607494864896
198820609218711552
198820607733923840
198820608417611777
198820609608790016
198820609445199872
198820609784938496
198820608446967809
198820610179215361
198820610116288514
198820608207884289
198820610430865410
198820609873035264
198820607897518080
198820610237939712
198820610363752450
198820610741243909
198820608866385920
198820611303292929
198820610888056833
198820610573479936
198820611320061952
198820611223592960
198820611668193280
198820611768852480
198820611181658112
198820611320057856
198820611886292992
198820612301529088
198820611995348992
198820611643023360
198820613324931072
198820613320740864
198820613891166209
198820613954088960
198820613375279104
198820614029586434
198820613362679809
198820613752758272
198820614226722817
198820613631115265
198820612909694979
198820614327377921
198820614163791873
198820614818115585
198820613979242496
198820614696484865
198820613312356353
198820614704873472
198820615103328256
198820616084791296
198820615828934656
198820615921209345
198820616093171713
198820616755884032
198820616122548224
198820616869117952
198820616093171714
198820617431171072
198820617066250242
198820617586352129
198820617154330625
198820617871572992
198820617963835392
198820617938673664
198820618127409152
198820617758318593
198820617758310400
198820617884151808
198820618366492672
198820618127421440
198820618429403136
198820618421026816
198820618186145795
198820617112403969
198820617619898368
198820619234721793
198820619134042113
198820618962075651
198820619209551872
198820619024994304
198820619536711682
198820619503144961
198820619498946560
198820617968033793
198820620052606977
198820619645751296
198820620052611073
198820620165840896
198820619876438017
198820620652380160
198820618035150850
198820620287479808
198820620794998784
198820620799197184
198820620639801345
198820621059227648
198820621197643777
198820621281529856
198820621315088384
198820621352837122
198820621549973505
198820620912431105
198820621495447554
198820620925026307
198820621717733377
198820621071822849
198820621457698817
198820621906477056
198820621860356097
198820622288166913
198820622296563713
198820622292353025
198820623034748929
198820622854389760
198820623886200832
198820623999434754
198820624163020800
198820624557289473
198820624636973056
198820622606929921
198820624855076864
198820625324847106
198820625110933504
198820625664589825
198820625907855361
198820625190617088
198820626323095552
198820626461499393
198820626780270592
198820627078057984
198820627124203521
198820627149373440
198820627757539328
198820627266809857
198820624108494848
198820627744952320
198820627841429506
198820628080492545
198820628302807040
198820628197945344
198820628512514048
198820628399267840
198820628286013441
198820628814508032
198820628999057408
198820628420235265
198820628973891585
198820629040988160
198820628734803968
198820630160879616
198820629485600769
198820630278320128
198820630269927425
198820630311862272
198820630697754624
198820630047629313
198820630806802433
198820630102163457
198820630173458432
198820630538358784
198820631163310080
198820631381426176
198820631863754752
198820632291577856
198820631859572736
198820631863754754
198820632723591168
198820632736169984
198820632505491456
198820633428230144
198820633340157954
198820633554075648
198820633428246528
198820633847668737
198820632983642114
198820634288070656
198820634380341249
198820634942390272
198820635084992512
198820635202420737
198820634845921280
198820634720075776
198820634703314946
198820634619424768
198820635500232704
198820635345027072
198820635223408640
198820634946580480
198820635311472641
198820635986763776
198820635760279552
198820635831582721
198820635831582720
198820636477497345
198820636393615362
198820636431351808
198820636565581824
198820636695592961
198820635701559296
198820636943060992
198820637219885057
198820636901126144
198820637144391680
198820637152776194
198820637287002113
198820637345726464
198820637307969538
198820637354106880
198820636800466945
198820637584793601
198820637547040769
198820637643522048
198820637232472064
198820638339760128
198820637840642048
198820638218141696
198820638511726592
198820638645944320
198820639052800001
198820639178629120
198820638138441728
198820638608195584
198820639338020864
198820639396741120
198820638759206913
198820639115722752
198820639757447168
198820639707107329
198820638914383874
198820639509983232
198820640097173506
198820639556108288
198820639451250688
198820639770034178
198820640390787074
198820639853916160
198820640151699458
198820640860549120
198820640290119680
198820640634056704
198820640495640576
198820640592105472
198820640667598849
198820641368051712
198820640961208321
198820641535823872
198820641527435264
198820641514848256
198820641678430209
198820641288359937
198820641300938753
198820641640677376
198820642144010241
198820642429210624
198820642118828033
198820643100303362
198820642789933056
198820643167404032
198820643335180289
198820643846893568
198820643612012545
198820644354400256
198820644497014784
198820644610252800
198820644668973056
198820644845137920
198820645117767681
198820644463448066
198820645113565184
198820644840935424
198820645113569281
198820643184181248
198820643318403073
198820644845129728
198820645277155329
198820645805625344
198820645528809472
198820646019538944
198820646153748480
198820646023741441
198820646111805441
198820646225059840
198820646141177860
198820646329921536
198820646510276608
198820646149570560
198820646111813633
198820647168782337
198820647181365249
198820647458185216
198820647097479168
198820647227498496
198820647995047936
198820648049573890
198820648246710272
198820648393510912
198820649190440960
198820648645181442
198820649215598592
198820649123328001
198820649479835648
198820649286897664
198820648825524224
198820649668583424
198820648708087808
198820650113171457
198820649542754305
198820650092204033
198820650100604928
198820650809430016
198820651300159489
198820651518271488
198820651405033472
198820651715395585
198820652097081346
198820651631525889
198820651920932864
198820652596211714
198820652365512704
198820653145653248
198820652579422208
198820653061771264
198820653338591232
198820653875478528
198820654387179520
198820654626250754
198820654559137792
198820652843667456
198820654563336192
198820655184097281
198820655184089088
198820655003746304
198820655511240704
198820655238619137
198820656236863488
198820656295591936
198820655825825795
198820656454967297
198820654018080768
198820653409902593
198820656819867648
198820653770608640
198820657100886016
198820657327378432
198820657516134400
198820657725833218
198820657419649024
198820658279493632
198820658107523072
198820658988322817
198820659059638275
198820658585669634
198820659441311744
198820659701366785
198820659646836736
198820659579731968
198820660368261120
198820659688783873
198820660598947841
198820660347273216
198820660846403584
198820659755876352
198820660301144065
198820661240664064
198820661429407744
198820661119033344
198820661135806464
198820661345533952
198820661521686531
198820661739794433
198820662297636864
198820662079528961
198820662746423296
198820663140683776
198820663237152768
198820662494773250
198820663509782528
198820663782420480
198820663463653377
198820664533192705
198820664193462274
198820664763875328
198820664713560064
198820664461897728
198820665321721856
198820665544015872
198820665531445248
198820665493688322
198820665422385154
198820665988612096
198820666244468736
198820666408046593
198820667016232961
198820667150446592
198820666475163648
198820667582459905
198820667330793472
198820667938967552
198820667930591233
198820667842494464
198820668446490624
198820668421320706
198820668622639104
198820668299673600
198820668668772353
198820668719116288
198820668299689985
198820668257738752
198820669176295425
198820668236763137
198820668765257728
198820669285339136
198820669235007490
198820669675413504
198820669813833728
198820669734133760
198820670019346432
198820668459061248
198820670526857216
198820670245847041
198820670744965121
198820670942085120
198820670933700608
198820670577184768
198820671248273409
198820671390883840
198820671692865536
198820671562850306
198820671327965184
198820672192004097
198820672112295937
198820671881625601
198820672531734531
198820671948718080
198820672615620609
198820672485605376
198820672619819008
198820672946962432
198820672842117120
198820673110544384
198820672682729472
198820673383174144
198820673391570944
198820673542561793
198820673395752961
198820673710333953
198820672875663360
198820673932623872
198820674050064384
198820674377228288
198820674414985217
198820675358695424
198820675371278336
198820675719409664
198820675555831808
198820675572600833
198820676344360960
198820676394696705
198820675077681153
198820676705075202
198820677095145472
198820677321637888
198820677531344896
198820677472616448
198820677774622720
198820678273728512
198820678554750978
198820677980127239
198820678663798784
198820675698442241
198820678449901568
198820679104208896
198820679209062400
198820678810607616
198820678907068416
198820679506862080
198820679649468416
198820680047927296
198820680186343426
198820679271985153
198820680647716864
198820680731590657
198820680849043456
198820680383471616
198820681213939712
198820681864056832
198820681230712832
198820682023444481
198820681490759681
198820682187022337
198820681285242880
198820682258321408
198820682581295106
198820682694541312
198820682916835329
198820683130748931
198820682556125185
198820682832953344
198820682870685696
198820683139133440
198820684187713538
198820683621482496
198820683743113216
198820682602266624
198820684632301568
198820684716183552
198820684376440832
198820684695220224
198820684372258817
198820685232095233
198820685697662977
198820685643132928
198820685576024066
198820685907378176
198820685898985472
198820686066749441
198820686045790209
198820686444244992
198820686532317184
198820686502957056
198820686473605120
198820686544908288
198820686515544065
198820687228567553
198820687513792515
198820687417315328
198820687887077377
198820687778037761
198820688134549504
198820688390389760
198820688637853697
198820688017100800
198820688134545408
198820688923082754
198820688872751104
198820689241845760
198820688923078657
198820688696578048
198820689011154944
198820689468325888
198820689095041024
198820689434783744
198820689669668867
198820689770328065
198820689845817345
198820689766129667
198820689778708482
198820690072309761
198820689405415425
198820690193948672
198820690449809408
198820691062161408
198820690558853120
198820691120889857
198820691083145217
198820690986680320
198820691527729152
198820691242532865
198820691628392448
198820691808751616
198820692601487361
198820692702146560
198820692047831040
198820693335490560
198820693239013376
198820693201268736
198820694094651393
198820694577004544
198820694413414401
198820694950293505
198820694518267904
198820694958686209
198820695457808385
198820694191128578
198820695109668865
198820695470391296
198820695285825536
198820695852072960
198820696376344576
198820696212766721
198820696485404672
198820696422481921
198820697131319297
198820697009684483
198820697366204416
198820697089376257
198820697819189249
198820697965989888
198820698175717376
198820698133762048
198820698481885185
198820698880352256
198820698909712385
198820698767097857
198820698372837379
198820698544807936
198820699186540545
198820699345911808
198820699224281088
198820699115229184
198820699765354496
198820699970867202
198820700168007680
198820699836657664
198820699673083904
198820700205748226
198820700465795074
198820700390301696
198820700876840960
198820701153660928
198820700985896961
198820701287882752
198820701732483072
198820701900242946
198820701480828930
198820701560520704
198820702336458752
198820701896048640
198820702516809729
198820702508433408
198820702344851458
198820702869131265
198820703011749889
198820703175319552
198820703133384704
198820703234031616
198820702944636929
198820703582171138
198820703183716354
198820703586365441
198820703250812930
198820701946396673
198820704215498752
198820704362299393
198820705356357633
198820704643334144
198820705826111492
198820705993891841
198820705830318080
198820706262319104
198820706400739331
198820706308460544
198820706199404544
198820706954395648
198820705457029121
198820707700973570
198820707919069187
198820707453509632
198820707864547329
198820708376260608
198820708485308416
198820708321722368
198820709626159104
198820709416439808
198820709869432833
198820709286420481
198820709131235329
198820710456627200
198820709953310720
198820710389530624
198820710532128769
198820709886210051
198820709823283201
198820710469222401
198820711190626304
198820711668785152
198820711488434176
198820711954001921
198820712423755777
198820712469905409
198820712637673476
198820712641867776
198820712637673472
198820713023553537
198820713019346944
198820713283584000
198820713199702017
198820713673670656
198820713405222913
198820713195507712
198820713765928960
198820713543647233
198820714260860930
198820714105671683
198820714407673856
198820714537689089
198820713849831424
198820714269257728
198820715087134721
198820714625765376
198820715103920129
198820715179417601
198820715535933440
198820712646066177
198820716471267329
198820716957794305
198820716878118912
198820717037494272
198820716135718913
198820717352075264
198820716676780032
198820716924256256
198820716601290753
198820717373030401
198820717465317377
198820717465321472
198820717708574720
198820717897326592
198820717503070208
198820718513885185
198820718111240192
198820718824275970
198820718941704193
198820717159129088
198820718681657345
198820718715219969
198820717830217728
198820719361134592
198820719499558914
198820719881236480
198820720179036160
198820720195813377
198820719319199744
198820720342601730
198820719948345344
198820719872843777
198820719927365632
198820720069984257
198820720816566272
198820721080799232
198820720116109312
198820721219219457
198820721227599872
198820721244385281
198820721672192000
198820722041294850
198820720590077954
198820721990963200
198820721441521664
198820721940631552
198820722120994816
198820722766913536
198820723073101824
198820723140198400
198820723182145536
198820723005988864
198820723719012352
198820724113285121
198820724364935169
198820724755013633
198820724843085824
198820724947959808
198820724906008576
198820724964720640
198820725153464320
198820725275099138
198820725015056386
198820725853929472
198820725723889664
198820724901818370
198820726206251008
198820726617276417
198820726587932672
198820726151712768
198820726860558336
198820726525009920
198820727045107712
198820727133179904
198820726927654912
198820726646648832
198820727850418177
198820727711993856
198820727980425217
198820728823496704
198820728420831232
198820728676679680
198820729154834434
198820729393922050
198820728781549569
198820729305825280
198820729637179392
198820729729466369
198820728399867906
198820728248872960
198820729939173378
198820729779789824
198820729830113280
198820730408943618
198820730648018945
198820730689961986
198820730417324033
198820731834990592
198820731600125953
198820731692396545
198820731667222528
198820731474284545
198820732136992768
198820731994378241
198820731709173760
198820732782915584
198820732799692801
198820733416247296
198820733181374465
198820733466583040
198820733718249474
198820733584027649
198820733588226050
198820734221549569
198820734154440707
198820734364168192
198820734582259713
198820734791991296
198820734561304576
198820735005888514
198820735089774594
198820734980734976
198820735924441088
198820735366598657
198820735957999617
198820735697956865
198820736062857216
198820735580516354
198820735978971139
198820735911862273
198820736511651840
198820736276770817
198820736855588864
198820737262424064
198820737438580736
198820737602158593
198820736763301888
198820737719611392
198820737501495296
198820738348748801
198820738415857664
198820738684305409
198820737669283840
198820738004811776
198820739191803904
198820738336165888
198820736016728064
198820739208593409
198820739481210880
198820740055838720
198820739590258689
198820736331288576
198820740294905856
198820740173279233
198820740479451136
198820740190060544
198820740722737152
198820740403957760
198820741276381184
198820741255401473
198820737941905408
198820741536415744
198820741796478976
198820742320758785
198820738881425409
198820742673072130
198820742496919552
198820742949896193
198820742886981633
198820743037984768
198820743453224960
198820743105093632
198820743629373442
198820743746818049
198820744023642112
198820743906213888
198820744183033857
198820744522776576
198820744925425664
198820744648605696
198820745600712705
198820745302917120
198820745823006723
198820745877536769
198820745898500099
198820745718145024
198820746137567232
198820745932058624
198820747093880832
198820747270045696
198820747056119808
198820747756576768
198820748079538176
198820747551064064
198820747819483136
198820748368945152
198820745013510144
198820747492327425
198820748272484352
198820747593007104
198820748066955264
198820748104704000
198820747316178945
198820748511547392
198820748234731520
198820749593673728
198820749660794880
198820749232979969
198820749211996160
198820749220388864
198820749874700288
198820750214438914
198820750256373760
198820750742913025
198820750843580418
198820750071840768
198820750864560128
198820751153958912
198820751443369984
198820751170740225
198820751258828800
198820751858610176
198820752076718081
198820752064122881
198820751657275393
198820752307400705
198820752261251072
198820752466771968
198820751892168705
198820752668106752
198820752747794432
198820751506288641
198820752496136192
198820753062375424
198820753993502720
198820753796382720
198820754320658433
198820754605879297
198820754278719489
198820755075633152
198820754534580225
198820755092422656
198820755184697344
198820754735894528
198820755696390145
198820755646054401
198820755662848000
198820756031942656
198820756010967040
198820756019347456
198820756195508225
198820756153577472
198820756539453440
198820752877817856
198820756325539840
198820756426207233
198820756589772801
198820757281849344
198820757344763905
198820757445419009
198820757550276608
198820757428649984
198820757084712960
198820756744966144
198820757516713984
198820758271692800
198820758510768129
198820758317826048
198820758473027584
198820758535946241
198820757604798466
198820758653378560
198820758825336832
198820759005704192
198820759341244417
198820756271022081
198820759571927040
198820759899090944
198820759731310592
198820760297537536
198820760469516288
198820760482095106
198820760138166275
198820761128026112
198820761488723968
198820762000424961
198820762189176832
198820762214350848
198820762252095490
198820762218541057
198820762281447425
198820762570850304
198820763694940163
198820764101783553
198820763812380673
198820764567339008
198820764542173185
198820764743507968
198820765364256770
198820763250343936
198820765808852993
198820766089871361
198820766219911168
198820765632696321
198820766379278337
198820766303793152
198820766005985280
198820766844846081
198820766375092224
198820767620800513
198820767939563520
198820768182845440
198820768509988865
198820768111525888
198820768342212608
198820768170262528
198820768417714176
198820769151721474
198820769415966721
198820769214636032
198820769340456960
198820769592115201
198820769625669632
198820769864749056
198820770485506048
198820770716196865
198820769986387968
198820770963656704
198820770758139904
198820770984628224
198820770540044291
198820770749743105
198820771336945664
198820771328557056
198820771295006721
198820771320184832
198820771131441154
198820771735404544
198820771680886784
198820771831885826
198820771466977281
198820771588608002
198820772289056769
198820772687523843
198820772448444416
198820772196790273
198820772888846336
198820772893032449
198820772922396673
198820773434101760
198820773081784323
198820773807390722
198820773811589123
198820773559934978
198820773513789441
198820773517996032
198820774600122368
198820773635428352
198820774755303425
198820774725959680
198820774616895490
198820774352666624
198820774415581184
198820774897922050
198820775464153088
198820774600118272
198820775740981248
198820775434792961
198820776235900929
198820776269459458
198820776416264194
198820776407863297
198820776714055680
198820776793743360
198820776659533824
198820777670348800
198820777695510529
198820774889529344
198820777750036480
198820777842323456
198820777435463680
198820777825546242
198820777754247168
198820778626662403
198820778391773184
198820779062857729
198820778949619713
198820779301937153
198820779390009344
198820779008344064
198820779381620737
198820779805261824
198820780056907776
198820780077887488
198820779729752064
198820780052713473
198820780308574208
198820780736380929
198820780316958721
198820781009018882
198820781000630272
198820781764001792
198820781860462592
198820781990486016
198820781503938560
198820782347005954
198820782409912321
198820781927563265
198820782183428096
198820782292484096
198820782636417026
198820782841937921
198820782720299009
198820782707712001
198820783370420224
198820783441723393
198820783441723392
198820783252979712
198820783978594304
198820783542386688
198820784075063296
198820783777251328
198820783718539264
198820784557395970
198820783844368384
198820784322519040
198820785081679874
198820784729358338
198820784674840578
198820785434017795
198820785157189632
198820786029604864
198820786142842881
198820786033799170
198820786511949824
198820786759401472
198820786180587520
198820786885234691
198820786331590657
198820786545496065
198820787371769856
198820787350814720
198820787782811648
198820787644403712
198820787665371139
198820787468242947
198820788634259457
198820788139335681
198820788760084480
198820789255012352
198820788084805632
198820789779304449
198820789791899648
198820790202925057
198820790370705408
198820790165180419
198820790358126592
198820789884162049
198820790211317761
198820790882402304
198820791264096256
198820791163424772
198820791419273216
198820791842914304
198820791230533632
198820792153284609
198820792174252032
198820792329449473
198820792232972289
198820792312668162
198820791863885825
198820792673382400
198820793122177024
198820793277353986
198820793638064128
198820793847783424
198820793092816896
198820793810034688
198820794334314498
198820793990393857
198820794770526208
198820794904748035
198820794669875201
198820793776488449
198820795793940480
198820796158844928
198820796167237632
198820795785551874
198820796142059522
198820796368551938
198820796465037314
198820796712493056
198820796192391168
198820796339204099
198820797098373120
198820797245165569
198820797303885824
198820797375197184
198820795923963904
198820797412945923
198820797475864577
198820797899476992
198820797865934849
198820797551362049
198820797823983618
198820798574759937
198820798503469056
198820798948048896
198820797291302913
198820799082270722
198820799296192512
198820799237464065
198820799031951360
198820799463964673
198820799300378624
198820799174549505
198820800244088832
198820799426211841
198820800390901761
198820800118263808
198820800462192643
198820800634159106
198820801099730944
198820800126660608
198820801460441088
198820801494007808
198820801825357825
198820801380761601
198820801422696449
198820801640804352
198820801653374977
198820802341253121
198820802248982530
198820802349645826
198820802504822786
198820801921810435
198820802605486081
198820803465326592
198820803536617473
198820802966204417
198820804312576000
198820803452739584
198820804094459904
198820805046579200
198820805335982081
198820805642162177
198820805017206784
198820805679923200
198820805797363714
198820805377925120
198820806170644482
198820805776375808
198820805684109312
198820806313259012
198820805885435906
198820806611054592
198820807202447360
198820807059832832
198820807265370112
198820807055638529
198820808112603136
198820808372662273
198820808590761984
198820808309751808
198820808829845506
198820808704000000
198820809727426561
198820809937129473
198820810453037057
198820810851483648
198820811182833667
198820810624995328
198820811262525442
198820811505807360
198820811715526656
198820811660996608
198820812176900097
198820812575350784
198820812306923520
198820812357255171
198820812940263424
198820813678444544
198820813833650177
198820813854605312
198820813883981824
198820814626369537
198820814722838529
198820814387294208
198820815142264832
198820815502970881
198820815230345216
198820811589689345
198820815175819265
198820815553302528
198820815381348353
198820815846907904
198820815863689218
198820814903189504
198820815729463299
198820816203423745
198820815410704384
198820816840962048
198820817331699712
198820816622845953
198820817428168706
198820817344270336
198820816887103488
198820817897914368
198820817767895041
198820818141192192
198820817784672256
198820818489319424
198820819051347968
198820818749370369
198820819185582080
198820819156205568
198820819269459968
198820819223318528
198820819986677762
198820819999277057
198820818682265601
198820820477411329
198820820544528385
198820821098168320
198820821043658752
198820821014286336
198820821307895809
198820821588914178
198820820347387904
198820821685383168
198820822452944897
198820822582960129
198820822704590850
198820822683627520
198820822381641729
198820822322905090
198820823065305088
198820822566182912
198820822650060800
198820823614750720
198820823518281728
198820823698653184
198820823426019328
198820823417618433
198820824306823168
198820824633966592
198820824654938113
198820824348766208
198820824713658368
198820825145671683
198820825263128576
198820824831102976
198820824390705152
198820825095340032
198820825711906816
198820825296678913
198820825388945411
198820825950990338
198820825619628033
198820826022297604
198820825472831488
198820825489620994
198820825812582400
198820826596917248
198820826190069760
198820826789847042
198820826802421760
198820826911473665
198820826924056578
198820827146354689
198820827154747392
198820827398012928
198820827922317312
198820827557412864
198820827859402752
198820827922300930
198820828421423105
198820828685664256
198820827406401538
198820828731809793
198820828622757888
198820828782145536
198820828471754752
198820829100916736
198820829180604417
198820829008625664
198820829360959488
198820829771988995
198820830120128512
198820827049897984
198820830019457024
198820830044618752
198820828752781313
198820830136897537
198820830749278209
198820830594072576
198820831227424768
198820831143534595
198820831047073793
198820831760089088
198820831516823552
198820831713951744
198820831063842816
198820831185469443
198820831114178560
198820831957237760
198820831974002688
198820832074670082
198820832498286592
198820832775127040
198820832418611200
198820832531841025
198820832456343552
198820832661880832
198820832485711873
198820833240694784
198820833119055872
198820832879972353
198820833060335616
198820833563656193
198820833119047681
198820833106464769
198820833794342914
198820833060323328
198820833999847425
198820834289270786
198820834050187264
198820834595438594
198820834507370496
198820834712887297
198820833425235968
198820834670944256
198820834951958528
198820835589505026
198820835497230336
198820835484647425
198820835673378816
198820835836952576
198820835585310720
198820835853729792
198820835815989248
198820836084420609
198820836088614912
198820836591931392
198820836126363648
198820836176691201
198820836847788032
198820837044916224
198820836520632320
198820833777561600
198820836948459521
198820837296582656
198820834352168961
198820837179142144
198820837837651968
198820837531459587
198820837812473857
198820837627932675
198820838269648897
198820836357050368
198820838051561473
198820837942501378
198820837414019072
198820837778927616
198820838395478016
198820837640511490
198820838902992896
198820839645380609
198820839729283072
198820840182255617
198820839834124288
198820839796387841
198820840463282177
198820840782053376
198820840081604610
198820840807215104
198820840912072704
198820841172123649
198820841247612928
198820841360859136
198820841566375937
198820841247612930
198820841411198976
198820840895299585
198820841671233536
198820842161975297
198820841272782848
198820841474113536
198820842354917378
198820842606575616
198820842145189888
198820842665287680
198820842493317121
198820842812084224
198820842686255104
198820842426216448
198820843474788354
198820843617386497
198820843235721216
198820843323797506
198820843915190274
198820844082970625
198820843898421250
198820841528623104
198820843365736448
198820844724686848
198820844653387776
198820844871499776
198820844405923841
198820844233957376
198820845039267840
198820844850515968
198820844695334912
198820845475463168
198820845764886529
198820845962014720
198820845861355521
198820845571940353
198820845760675842
198820846108811266
198820846167535617
198820846108811267
198820846247219200
198820846603747328
198820846104616960
198820847018975233
198820847060918273
198820846003953664
198820847434215424
198820847790723073
198820848478597120
198820848625397761
198820848868667392
198820848356954112
198820849145483264
198820849627828224
198820849384566786
198820849573298176
198820850185678848
198820850592530432
198820851628515329
198820851255218177
198820852794527744
198820852630945793
198820853050380288
