198788138007666689
198788139484057602
198788133377155073
198788131191922691
198788141635747840
198788143581896705
198788145658085376
198788146740203522
198788147587452928
198788147784585217
198788146983481344
198788148636033024
198788145981038593
198788149864964096
198788151261667328
198788151874043905
198788153497223168
198788154277363712
198788150439579649
198788154952663040
198788154998792193
198788155099463680
198788154684219392
198788156491972608
198788157033029632
198788157859311617
198788155074297856
198788159138578432
198788161831313408
198788162137493505
198788164553424896
198788163060236288
198788164989620224
198788165937537025
198788167124533248
198788167254556672
198788169800482816
198788170454794240
198788170463182848
198788170693873668
198788171914420225
198788171226554368
198788171994103810
198788175173390338
198788176066785280
198788176935002113
198788179153797120
198788180953141248
198788180814741504
198788181217382400
198788181523574784
198788181515186178
198788182337261568
198788181041229824
198788185868861441
198788186401538051
198788186493820928
198788187508834306
198788187873751042
198788188414803968
198788189635346433
198788190662959104
198788191355015168
198788191271133184
198788192625885184
198788197428363264
198788198778929153
198788199999488000
198788200653783040
198788201748500482
198788204353167360
198788208241287172
198788208379707392
198788208090296322
198788209008844800
198788209419886594
198788209419882496
198788210787225602
198788211085017088
198788211575754752
198788212196507648
198788212020363265
198788212737585152
198788217812688898
198788217963687936
198788218118877184
198788219171643392
198788221105209345
198788222212521985
198788222585806850
198788222753579009
198788222992650242
198788223244312576
198788225114972162
198788227405058049
198788227568635904
198788227564449794
198788226931101696
198788227707043840
198788227941928960
198788229988749312
198788230185893889
198788231075069953
198788231616135169
198788232039772162
198788233612627971
198788234027868160
198788234191441921
198788234032058369
198788241510514688
198788242311610368
198788243133706240
198788245373456386
198788245620928512
198788248376586243
198788250083663872
198788250968666112
198788248984756224
198788252562497537
198788252449247233
198788253971779584
198788254823223298
198788255599165440
198788255435595777
198788256471580673
198788257037815808
198788257121697797
198788260535861249
198788260196134913
198788262855315456
198788263467696128
198788263710965761
198788264214269953
198788264675655682
198788273726947329
198788277589901313
198788278281961472
198788278814650371
198788279997440001
198788280798547968
198788280911798272
198788281809375233
198788281750659072
198788282828591104
198788283382235137
198788283831029761
198788287589122048
198788289682083840
198788290730663936
198788291926048769
198788291787632640
198788292865560576
198788292454522880
198788291854745600
198788294539096064
198788293985447936
198788295994519554
198788296824987649
198788296699158529
198788297634480130
198788297231826945
198788300130095104
198788300687941632
198788300767625218
198788301476470786
198788302365667328
198788303007399936
198788303586213889
198788306773884928
198788308954906625
198788309898637314
198788307415609345
198788314109718528
198788315120541697
198788315439304704
198788315724521473
198788316378828800
198788317196722176
198788317041524738
198788318140436480
198788318815723520
198788319038021636
198788319042215937
198788317628727296
198788318635372544
198788319704911873
198788320904482816
198788322506702849
198788322712231936
198788324721295360
198788324004077570
198788325392384000
198788325740519425
198788325748908033
198788325367234562
198788326130593792
198788326403215362
198788327514718208
198788328177405954
198788329817391106
198788329603469312
198788330194874369
198788331260215296
198788331096649729
198788331352498176
198788332191358977
198788334070398980
198788334418530304
198788335811051521
198788333831331841
198788336566022144
198788338377965568
198788337048354816
198788339351031812
198788342572257281
198788342412869633
198788343549534208
198788343796998145
198788344463892481
198788346242277377
198788346401669121
198788346825293824
198788347253112836
198788347987111936
198788347144044546
198788349291528195
198788351623565316
198788352957362179
198788355822071808
198788357768220673
198788358271537153
198788359219462144
198788359273984002
198788359483691009
198788360913948673
198788358854549505
198788361673113600
198788361786368001
198788362180628482
198788361966723073
198788362721701888
198788362973356032
198788363485052928
198788366429454336
198788367339618304
198788368165900288
198788371127087104
198788373983412226
198788374478340097
198788374482518016
198788375338156032
198788376080551936
198788376340598785
198788376458051586
198788373236822017
198788376776802304
198788378618109952
198788379750563840
198788379985448960
198788381101129729
198788380799143936
198788381000474625
198788381491200001
198788381667368960
198788382388785153
198788385178005504
198788386050420737
198788386817978368
198788386880892928
198788387103186945
198788389007392768
