198800469676658688
198800471194996736
198800474617556992
198800463267770368
198800476353998849
198800476710502402
198800476857311235
198800475154415616
198800476538544128
198800477067034625
198800477511622656
198800476970557440
198800477650042881
198800478266601472
198800478568583169
198800477813612545
198800479118045186
198800479969488896
198800476655992832
198800480086917120
198800476823756802
198800480795762688
198800481198411776
198800481533968386
198800481349406721
198800482196664321
198800482767093760
198800483467542529
198800483748560898
198800482918088705
198800485187194882
198800485271093249
198800485375950851
198800486961397760
198800488261619713
198800489205342209
198800490685927424
198800490920816641
198800491386380288
198800489528299524
198800490295865347
198800493223485441
198800493424816129
198800493433196546
198800493999431684
198800493651308544
198800494653734912
198800493944913920
198800494842490881
198800495110926336
198800494704082944
198800495626813440
198800495740063745
198800496138518530
198800496948019201
198800496415358976
198800498004987905
198800498382483456
198800498600574976
198800500521582593
198800500555128832
198800501528203264
198800501670809601
198800502476128258
198800502782304256
198800502278983680
198800503033966593
198800503566639104
198800504187392000
198800504485199873
198800504359358465
198800505131110401
198800505454084096
198800505345019904
198800505722519553
198800505139507201
198800506175504384
198800505571516416
198800506653638656
198800506754318337
198800507307966464
198800507983237122
198800508092284928
198800508268457984
198800508641751040
198800508847271937
198800509140865024
198800510076198913
198800509925195777
198800510839562241
198800511548399617
198800511837810690
198800510499815424
198800513972703232
198800513570058240
198800514455052289
198800514576695297
198800515411345408
198800515566534658
198800515826597888
198800516023730176
198800516417982466
198800517516890112
198800518557081600
198800518259286016
198800518859063296
198800519773437953
198800520088006657
198800520113160193
198800519022645248
198800519827963904
198800520616484864
198800520868134913
198800522189348864
198800522256465923
198800522592002048
198800522734616578
198800523112091648
198800524399738880
198800525150523394
198800525930672128
198800525620281344
198800525309915136
198800527021182976
198800527457394688
198800527583232000
198800528560488448
198800528644386816
198800528656969728
198800529441304577
198800529793630208
198800529407754240
198800530275966979
198800530791862273
198800530687008769
198800531601375233
198800531131604992
198800532771581952
198800532608004096
198800532813516800
198800532457013250
198800533245542402
198800532926771200
198800533274894337
198800534373806081
198800534864539648
198800535380434944
198800535040704512
198800535615311873
198800535426576385
198800535976022016
198800535980228609
198800538219986945
198800537838305280
198800539285323776
198800539633451008
198800539557969920
198800539495038977
198800539633463296
198800540350681090
198800540182913024
198800541290201091
198800541533487104
198800541239885824
198800541869023233
198800542108098560
198800539960614912
198800544033280002
198800543941017600
198800544872148993
198800545413218304
198800543609667585
198800548516990978
198800548730900480
198800549607514113
198800548772851713
198800549716574208
198800549775282176
198800547611025410
198800549913702401
198800549917896704
198800550215688192
198800550463156224
198800550085664769
198800551478177792
198800550660288514
198800549611708416
198800552132476930
198800553571131392
198800553868922882
198800553885700099
198800555458572288
198800555643125760
198800558461681666
198800558935650304
198800559212470273
198800559598338048
198800560403656704
198800560470765569
198800558021283841
198800560550457346
198800560453992448
198800561229934595
198800561682907137
198800561477398528
198800561703895040
198800562395955200
198800562643402753
198800562635030530
198800563322888193
198800563377410048
198800563343867904
198800564182712320
198800564686045184
198800564870586368
198800565139025920
198800565994668032
198800566380527617
198800566988709888
198800566946766848
198800567143907330
198800566959357953
198800567601078272
198800566925799424
198800568645459969
198800568213442562
198800568716763136
198800568779673600
198800569652088833
198800570411266048
198800570360930304
198800570625167362
198800570767769601
198800570985877505
198800570629361664
198800572516802561
198800573028511745
198800572638433281
198800574286790656
198800574169366530
198800574244851712
198800575926771712
198800576618840066
198800576597864448
198800576765628417
198800576811761664
198800577487056896
198800577679994880
198800578288173056
198800576501383169
198800579022176257
198800580041388034
198800580423069697
198800579911368705
198800580762804224
198800581274517504
198800581073182721
198800581299666945
198800581756854272
198800582356631553
198800581299666944
198800582847381505
198800583463940096
198800584520896512
198800584554463233
198800584709640192
198800584902574082
198800584059535361
198800585938571264
198800586517389313
198800586647408640
198800587347853312
198800587649847296
198800588069285888
198800588547428353
198800589197553664
198800589273055233
198800589637951489
198800589927358464
198800590099316736
198800590812348416
198800591957405699
198800592712384512
198800594054561792
198800594868244480
198800596042661889
198800596193644547
198800594029379584
198800595895853056
198800596944429058
198800597544222721
198800599280656386
198800599402283009
198800599557488641
198800600434098176
198800600375365632
198800601352646657
198800601935642625
198800602199896065
198800602308935680
198800602921320449
198800603881799681
198800603768569856
198800604049580033
198800606226423810
198800605714726913
198800606515830785
198800607023349760
198800607719604226
198800607748952064
198800608768163840
198800608201949185
198800609124683780
198800609632190464
198800611284762624
198800611330899969
198800611817426946
198800613423845376
198800614241738754
198800612257837056
198800615239979009
198800615793627137
198800616296939520
198800617479733248
198800617551040512
198800619635605504
198800619534954496
198800620545769472
198800621132988418
198800621372051456
198800621342703616
198800621183303680
198800623217545221
198800624068997120
198800624131907584
198800624526180354
198800625872535552
198800625956433921
198800626170331137
198800625360830464
198800626308751360
198800627617374209
198800627357327361
198800627818696704
198800628301045760
198800628544319490
198800629903261696
198800630683402240
198800630855380992
198800631052500993
198800631035736065
198800631610351616
198800631862009858
198800632038174720
198800632918978561
198800633602637825
198800633900437504
198800636387667969
198800637289447425
198800638178627584
198800638057000960
198800638640009216
198800639638257664
198800639562743809
198800640141561856
198800640904925184
198800641001394176
198800641294999552
198800640951070721
198800641953513472
198800642179989504
198800642171617280
198800642775597058
198800642955948032
198800643325046785
198800644608503808
198800643887083520
198800644759490560
198800644801441794
198800646479167488
198800647146053633
198800644193267713
198800647389323264
198800647464828930
198800647863271424
198800647687114754
198800648412737537
198800649360637952
198800649268363264
198800649549398018
198800650933514242
198800650400841728
198800651088699393
198800651822698497
198800653110362112
198800652934189057
198800654796460033
198800654741938176
198800654809051138
198800654460919808
198800654905520130
198800656377724928
198800655933116417
198800657208197120
198800657174638592
198800657849921536
198800659779297281
198800659796074497
198800660299390981
198800662002278401
198800662841131009
198800662971158528
198800663252176898
198800663470288896
198800662060994561
198800663763886081
198800664372064257
198800664892149760
198800664732778497
198800664627920896
198800665387089920
198800665600987136
198800665391284224
198800665613570049
198800666402107393
198800666314022913
198800667006091266
198800667832356864
198800667324846080
198800669023547392
198800668964827136
198800668721561600
198800669401038850
198800670353145858
198800670395072512
198800670910988289
198800671179407360
198800672085393408
198800672261541888
198800670659317760
198800673222049793
198800673754722304
198800675004612608
198800674815873024
198800676011261952
198800675231117312
198800676439076865
198800676397129731
198800676548120577
198800674086068224
198800677223415809
198800678544617474
198800678255198209
198800680209760256
198800680142651392
198800680742420480
198800681036025856
198800680968916993
198800680708870144
198800680809545728
198800682873135104
198800683384832001
198800684454395905
198800684328554496
198800685310033920
198800686018854912
198800686257946624
198800687256186884
198800687692394496
198800687839199232
198800688728387584
198800689974099969
198800690284470272
198800690456444929
198800690762616832
198800691228180480
198800691488227328
198800691664396290
198800691542757377
198800692457115648
198800692301934596
198800693107236866
198800693476327428
198800693702828032
198800693828661249
198800693677662210
198800695443468288
198800696311693312
198800697347678208
198800693144993792
198800697750323201
198800695518965761
198800697842606080
198800698383675392
198800698555641857
198800698375286785
198800698614349825
198800698345918464
198800699704885248
198800700199813122
198800700266905600
198800700581486592
198800700698923008
198800703165173761
198800702586355712
198800703014178817
198800703643336704
198800702968049664
198800704813531137
198800706180878336
198800706638057472
198800706285748224
198800707443376129
198800707590172672
198800707674054656
198800707900538882
198800708223512576
198800708684877828
198800709049786370
198800706696790016
198800710064803840
198800709993500672
198800712149368833
198800713197944834
198800714003259392
198800714749849600
198800716503072768
198800716645670914
198800715735502849
198800717530660864
198800717761363969
198800718008827905
198800717744574465
198800719183224832
