198835952901292032
198835953408806912
198835954079895553
198835954222514177
198835954704855040
198835955505963008
198835955640172544
198835956344832000
198835956067999744
198835956411932672
198835956688756738
198835956994940928
198835957942845440
198835958840434689
198835958295166976
198835959704457216
198835961004691456
198835959377305600
198835961319276545
198835961055023104
198835961315069953
198835961134718978
198835961956802560
198835962598539264
198835962812436480
198835962929872896
198835963491917824
198835963454164992
198835964028780546
198835964112678912
198835965496795137
198835966692179968
198835967270989824
198835967048691712
198835967526830080
198835967665242112
198835967862378498
198835967803670529
198835967870767104
198835968206319617
198835968252461056
198835968101466113
198835968705437696
198835968772546560
198835969397506048
198835969154232321
198835969787564033
198835969800151040
198835970563506176
198835971033272321
198835971238789121
198835971196854273
198835969158430720
198835972048302081
198835972190908417
198835972543217665
198835972954271745
198835973151404032
198835975445692418
198835975445692421
198835975596670976
198835975844143105
198835976649449472
198835977513472001
198835977542844416
198835977886765057
198835978046152705
198835977974845440
198835978163597313
198835978645929986
198835978553671684
198835978314579968
198835979233140737
198835978876616704
198835979539333122
198835979254112256
198835979828723714
198835980814401536
198835980826968065
198835981053472769
198835982462746625
198835982387257344
198835983502946305
198835983725236224
198835984031416321
198835984316641280
198835984589271041
198835983402270723
198835984727683073
198835984782213122
198835985084198912
198835985658810368
198835985981771777
198835985633644544
198835985956614144
198835985977589761
198835986233434112
198835986040496129
198835985432326144
198835986128580608
198835986858393600
198835986275373057
198835987168768002
198835987621752832
198835987844038656
198835987726606336
198835988309618688
198835988036976640
198835989496598529
198835989685342208
198835989874081793
198835990188666880
198835990318694401
198835991262404609
198835991702810625
198835991841222658
198835992281628674
198835989643411456
198835992860426241
198835991543431169
198835992969494530
198835992881397760
198835993711874050
198835994156482560
198835994257145856
198835993644761088
198835994693337089
198835994898862080
198835995146338304
198835995687395330
198835996085846018
198835996664676353
198835996010356736
198835996413014016
198835996647882753
198835997142818816
198835997344145409
198835997700657152
198835997750996993
198835998350770176
198835999047041024
198835999097360385
198835999151894528
198835999294496769
198835999260950528
198836000271773696
198836000636678147
198836001190322179
198836002024996865
198836002918383617
198836002922561536
198836003065180160
198836003182624769
198836003740454912
198836003287470080
198836004524789760
198836003895652355
198836004281516034
198836004516397058
198836005346873344
198836005724372992
198836005657260033
198836005883744256
198836005795663873
198836007129460737
198836006810685440
198836007322398720
198836007532118017
198836007930564611
198836007418859520
198836007343374336
198836007343362048
198836008463253504
198836008735875072
198836008987529218
198836009251778561
198836009255976962
198836010031923200
198836010161934337
198836010757529600
198836011227291648
198836010984013824
198836012049375234
198836011915157504
198836012200361986
198836013953589249
198836014083612673
198836014117175296
198836014222016512
198836014234611713
198836014859558914
198836014129745920
198836014712758272
198836015434186752
198836015685836801
198836015484502016
198836016193343489
198836016755380227
198836017522933761
198836017657159680
198836013714522113
198836018034642944
198836017325817857
198836018240176128
198836018923847680
198836019401994240
198836019527823360
198836019854970881
198836019863363584
198836019523620864
198836019590729729
198836020228276225
198836019695587328
198836020437991426
198836020530262018
198836020828061696
198836020085653504
198836020584775680
198836021348155393
198836021339750400
198836021721448448
198836021729837058
198836022656778241
198836023877304320
198836024187686912
198836024137355264
198836024703586305
198836025043333120
198836024242208768
198836025198510082
198836025596977153
198836025815076865
198836025865412609
198836026444230656
198836026179989504
198836026951733249
198836027144679425
198836028084203520
198836028260360194
198836028520415232
198836028855951360
198836028776255488
198836029321510912
198836028793040896
198836029967437824
198836030395256832
198836031041187840
198836031250903041
198836031909404672
198836031167004673
198836032261726208
198836032920223745
198836033129955329
198836033700380672
198836033557770240
198836033402572802
198836034035916800
198836033654243328
198836034040111106
198836034623123457
198836034740563968
198836034757345281
198836035164184576
198836032018464768
198836035239682048
198836034975436802
198836035067707392
198836035898187776
198836035310989313
198836035952717824
198836033880731649
198836036036591616
198836036594450432
198836036934172673
198836037517197312
198836037110349824
198836038087614465
198836037999542272
198836038590935040
198836038918094848
198836039027146752
198836039144574976
198836039710818304
198836039564017665
198836040730030081
198836040532885504
198836040306401280
198836041250119680
198836041413697536
198836041233338368
198836041635991553
198836042005102592
198836041480810496
198836042298695680
198836042546151424
198836043494064128
198836044131606528
198836044211290114
198836044576198657
198836044391653376
198836044374867968
198836045431840768
198836045234716672
198836045826109440
198836046153261056
198836045104680961
198836046300057601
198836045670916098
198836046639808512
198836046643990529
198836046711099392
198836046216183810
198836047457681410
198836047814205442
198836047629664256
198836048355266562
198836048648871938
198836048686628864
198836048950853633
198836048913121281
198836048506257409
198836049290608641
198836049575817217
198836049965879298
198836050020401153
198836050817335297
198836050951536640
198836051060600832
198836051073175553
198836051337412609
198836050838298625
198836052104986625
198836052239187968
198836051828154369
198836052767674368
198836052071419904
198836053019328512
198836053468131329
198836053673639936
198836054118252544
198836054361522176
198836055519150081
198836054973874176
198836056316063745
198836056169267200
198836057213644801
198836057817624577
198836057964421121
198836057981198336
198836058874589185
198836059243675648
198836059344343041
198836059264651264
198836058425790464
198836059877023745
198836059994460161
198836060443258880
198836060367753218
198836060887846912
198836061047238658
198836061089173506
198836061206622208
198836060959158273
198836061676371968
198836061672194048
198836061957398529
198836062448136193
198836062473302017
198836062745919489
198836062909501440
198836063433793537
198836063043719168
198836063001784320
198836063639310336
198836063756746752
198836063672864769
198836063886778369
198836063408631808
198836064415256577
198836065090543616
198836065354792960
198836065866481664
198836066319466496
198836066466283520
198836066399158275
198836066575335424
198836068324352001
198836068789915649
198836068869619713
198836069465198593
198836069481988097
198836068810895361
198836069704269824
198836070421499904
198836070543142912
198836070501191681
198836070958374913
198836072078262273
198836072279584768
198836072657072128
198836072812249089
198836072812249088
198836073139421185
198836072459943937
198836074469015553
198836075127504897
198836075521769474
198836075660193792
198836075773431808
198836075718914048
198836075819565056
198836075970576385
198836075475636225
198836076482269185
198836076159307776
198836076868145153
198836077174333441
198836077748948992
198836077899939841
198836079195979776
198836079032401922
198836079133065216
198836079640576000
198836080143900672
198836080005484545
198836080533966850
198836080680767488
198836081033089025
198836081188278272
198836081658048512
198836080626253825
198836082173943808
198836082584985600
198836082845024256
198836082098454529
198836083184779265
198836082564022272
198836082689839107
198836083910385664
198836083998474241
198836084011057154
198836083696467968
198836084254322688
198836084329816064
198836084510175232
198836085076410369
198836085219000321
198836086171119617
198836086187884546
198836086271778816
198836086603128832
198836086775087104
198836086930288641
198836087030951936
198836087068700672
198836086905118720
198836087421018112
198836087232274432
198836089040027649
198836089656578048
198836089774026752
198836090063429632
198836090306707456
198836089799192576
198836090466086912
198836090575142913
198836090830995456
198836091153944576
198836091237830656
198836091602747392
198836091099418624
198836091711782912
198836090663206912
198836092395462656
198836092710027266
198836087987249153
198836092756180993
198836093360152577
198836093599227905
198836093804756992
198836093393698816
198836094505205760
198836094048018432
198836094622646272
198836094899453953
198836094052212736
198836095557976064
198836095692181504
198836096619118593
198836096887554048
198836096786890752
198836096711393281
198836097525096448
198836097462181888
198836098724675585
198836099127328769
198836099085377537
198836099357999104
198836099785822208
198836100087808000
198836100393996288
198836100515627009
198836100943462400
198836101404831744
198836102054936576
198836102033977344
198836101358686208
198836101270614018
198836102679904256
198836102856060928
198836102877036544
198836102969307137
198836103141269504
198836103128690688
198836102793134080
198836103560695808
198836103724285953
198836103950778369
198836104244371457
198836104575713280
198836104542167040
198836104730906624
198836103766220800
198836105410383872
198836105552994304
198836105204875267
198836105209057280
198836106396053505
198836106614145024
198836107180388352
198836107989876738
198836108182814721
198836108535144448
198836108639997954
198836108367368196
198836109004910592
198836109185261568
198836109264957440
198836108702908420
198836109789249536
198836109936050178
198836109822799873
198836110305148930
198836109860548609
198836110447751168
198836109789237248
198836110695202818
198836109558562817
198836111320154112
198836112310026240
198836112461021184
198836113106931712
198836113161465856
198836113308270593
198836113358585856
198836113434099712
198836113576689664
198836113757048833
198836114310709252
198836115300564992
198836109801828352
198836115699023872
198836116378484736
198836116453998592
198836115938082816
198836116206530560
198836116776947712
198836116797923328
198836116936339457
198836116898586624
198836116525301761
198836117179604992
198836117771001856
198836117393514497
198836118299492355
198836117754220545
198836117741637633
198836118609862656
198836118937014273
198836119595524096
198836119679406080
198836119046066176
198836120543444992
198836120585383937
198836121180966913
198836121143218176
198836120379854849
198836121533288449
198836121860456449
198836122003046400
198836122175016960
198836122741243904
198836123139719169
198836123169062913
198836124054061056
198836122560897024
198836124293144576
198836124557393920
198836124603527168
198836124762906627
198836124494471168
198836126168006657
198836126499348481
198836127485001731
198836127828934658
198836127984140288
198836128147709952
198836128017694720
198836129364049920
198836130156777472
198836130202910721
198836130374877185
198836130475552769
198836130773352449
198836130957893632
198836129275973632
198836131444436992
198836131566071808
198836132279099393
198836132262330368
198836131603812353
198836131784175617
198836131763200000
198836132455256064
198836132945997825
198836132836941824
198836133138939905
198836133243797505
198836133625470976
198836133759688704
198836133965213697
198836133839388673
198836133671608320
198836134288179200
198836134510473218
198836134346883072
198836134644686850
198836134573379586
198836134128787456
198836134971834368
198836134590164993
198836135781339136
198836135395475457
198836136234332161
198836136376934400
198836136435646464
198836136540520450
198836136846696448
198836136922189824
198836136154644480
198836136381132800
198836136280473600
198836137320644609
198836136687321088
198836136620195840
198836137337421825
198836136767004672
198836138180485121
198836138771881984
198836139132596225
198836139279392769
198836140088897536
198836140311195648
198836140474777600
198836140936134657
198836141187809281
198836141594644480
198836141628198912
198836142127333376
198836141485600768
198836141078740992
198836142454484992
198836141057769472
198836143461122049
198836142378975232
198836143737937920
198836144174145537
198836144446775296
198836143570169856
198836143662440449
198836144497098752
198836143939264512
198836144597774336
198836144983650305
198836144992030721
198836145205952512
198836145285632001
198836145432432640
198836145788944385
198836144882974720
198836145898004480
198836145994465281
198836146137071617
198836146321620993
198836146288070656
198836146350981120
198836146585862144
198836146107711488
198836146443268096
198836147034664960
198836147349229568
198836148053872640
198836146472632320
198836148800458753
198836149849047040
198836149823877120
198836149937127425
198836148888535040
198836150096494593
198836150746619904
198836150583042048
198836151866503169
198836151992332290
198836151719694336
198836151962963968
198836152260755456
198836152822800384
198836152759881728
198836153284165633
198836153275785216
198836153514868737
198836153699409920
198836153871376384
198836153946877952
198836153699418114
198836153342898179
198836154395672579
198836154068512769
198836154894790657
198836155452624897
198836155662348288
198836155796553730
198836155637186560
198836156165668864
198836155645575169
198836155259682817
198836156283092993
198836156316659713
198836156346015744
198836156798996480
198836156593483778
198836156421509120
198836157159714816
198836157277151232
198836157314891777
198836158208282624
198836158254424065
198836158308941824
198836158527062016
198836158153760770
198836158728384512
198836158560608257
198836158736773120
198836159533694976
198836158850019329
198836160028618752
198836160024412160
198836160062173184
198836160313835520
198836160120897537
198836159990865922
198836160011841536
198836160460627968
198836159374299138
198836161639235584
198836160892641281
198836161643413505
198836161093976064
198836160506769408
198836161626636290
198836161689563136
198836162662637569
198836162398404608
198836163358887937
198836163358892033
198836162981396481
198836163505692672
198836163891572736
198836164650729472
198836165011447809
198836164558458882
198836165011439617
198836165149855746
198836164470386690
198836165275693058
198836164977893376
198836166265544704
198836166777253889
198836166387171328
198836167498678272
198836168081686528
198836168148795392
198836167460925440
198836169478385666
198836169516130304
198836169197359106
198836169792954369
198836169868455936
198836169902006273
198836168794710016
198836170422104064
198836170367569924
198836170476630017
198836170669555713
198836170841534464
198836170921230336
198836171126751232
198836171688771585
198836171730714624
198836171806212098
198836172443758592
198836172716384256
198836172867383297
198836173387476992
198836173194526721
198836174335385600
198836174373138432
198836174771585024
198836174670934016
198836175358795776
198836174889037826
198836175761457152
198836176042471424
198836177363664896
198836176961019904
198836177544032256
198836177288179712
198836177950879745
198836178101878784
198836178097676288
198836178672300033
198836178844266497
198836179343392768
198836178504531968
198836179607625729
198836179574067200
198836179779600387
198836179947356161
198836180073185280
198836180702347264
198836180677181442
198836181247602688
198836181776076800
198836181847384064
198836181880942592
198836181956444160
198836182329724928
198836182606544896
198836182677864448
198836182749159424
198836182870794240
198836182833037314
198836183042752512
198836183533502464
198836183659331584
198836183697076226
198836183919362049
198836183961305088
198836183579623424
198836184716296193
198836183982280704
198836185068605440
198836185165086720
198836185076994048
198836184993107968
198836185198628865
198836185546764288
198836185509011457
198836185773248513
198836185794232320
198836185869729792
198836186255601667
198836186368851968
198836186490470400
198836186553393153
198836186981203968
198836187098660864
198836187161563136
198836187056705536
198836186981203969
198836187337723904
198836187207708673
198836187534868480
198836187677470720
198836187706826752
198836187635527681
198836188713451520
198836188390494208
198836189984337921
198836189392941057
198836190751899648
198836190923866113
198836191074844672
198836190584111104
198836191569776642
198836191590744064
198836190823198721
198836192274427904
198836192660307969
198836192924549120
198836192991657984
198836192421224448
198836193583042562
198836193859878912
198836193968926720
198836194098941954
198836194228969472
198836194484826112
198836194954584064
198836195092992000
198836194761637888
198836195759894529
198836196242227200
198836196611325952
198836196414197760
198836196821041152
198836197039153152
198836197332746240
198836197357912064
198836197311778818
198836197701853184
198836197852839936
198836197882216449
198836198217752576
198836197878018049
198836195264954368
198836198851100672
198836198972731393
198836198649761795
198836198972735489
198836199278911489
198836199358599168
198836199392149505
198836199765442561
198836199748669442
198836200113569793
198836200533004288
198836200046477314
198836200742719489
198836201136988160
198836201363480576
198836201506078725
198836201438986240
198836201560608768
198836201946488832
198836198003847168
198836202349137921
198836202420436992
198836201669668864
198836202932146176
198836202906980352
198836203758432257
198836203930390528
198836204161073152
198836204454690816
198836203993317376
