198794429887299585
198794430449319936
198794430910693376
198794431296577536
198794431783124992
198794432395493376
198794432429035523
198794432882028544
198794433725075456
198794433477607424
198794434106769408
198794434182258689
198794435369250817
198794433959964672
198794435708981249
198794436728193025
198794435868377089
198794437122465792
198794435948064769
198794436623335424
198794438280093696
198794438347206656
198794436937924608
198794439009910786
198794439433527296
198794440154951680
198794441291599872
198794440654065664
198794441459384320
198794443422310400
198794444701581314
198794444978401280
198794445150363650
198794445632704513
198794445934698496
198794446677086212
198794446438006784
198794447088140289
198794447264284675
198794447306240002
198794447767601154
198794447323013120
198794447511756800
198794447897640960
198794448338026497
198794448979759104
198794449067843584
198794449747312640
198794449734729729
198794451508928512
198794452368752641
198794452893048832
198794452997902336
198794453065007104
198794452830130176
198794454503669760
198794454751117312
198794454923096064
198794455095062528
198794455376072704
198794456848281600
198794456869240832
198794457242550273
198794457854906368
198794457934606336
198794457527750657
198794458060439552
198794458811203585
198794460753182720
198794461503946752
198794461357146113
198794462669967360
198794463538196480
198794463739527169
198794463894700032
198794464519663616
198794464087638016
198794465035550720
198794466503569409
198794467023654912
198794467044626433
198794467745079296
198794468789465089
198794468214845440
198794469947084800
198794470706262016
198794472040050689
198794472425918466
198794471536730114
198794472815996928
198794473034088448
198794473336090626
198794472295903234
198794472971177986
198794473042481153
198794474367877121
198794475189972993
198794475752013825
198794476318228481
198794477232603137
198794476838330369
198794477224198144
198794476423090177
198794477148704769
198794477387780096
198794478151143426
198794479279407106
198794479635935232
198794481334628352
198794482471272449
198794482622279680
198794482991382530
198794484274823168
198794484425818112
198794485394702336
198794484035751936
198794486556540928
198794487017897986
198794487290540032
198794487802241026
198794487680602114
198794488515276800
198794489635147776
198794490994114561
198794491530977280
198794491786833920
198794491455479808
198794492088827904
198794492168503296
198794492474695683
198794492298530817
198794493699424257
198794493917536257
198794494135644164
198794494181769216
198794494471176192
198794496367001600
198794496681582592
198794497231044609
198794497012928515
198794498048933891
198794498606759938
198794499181395968
198794495972745216
198794495960154113
198794499785363457
198794500250927105
198794500712300544
198794500884283392
198794500825559041
198794502431977472
198794502364864515
198794502985613316
198794498455777281
198794503312769025
198794503912570880
198794504382332928
198794504248107009
198794503879012352
198794504696897536
198794507163152384
198794507360272384
198794507716804608
198794507788107780
198794508916367361
198794509641973761
198794509725872129
198794510149484544
198794510468255744
198794511214854144
198794511021899777
198794511420358656
198794512288587776
198794512888365057
198794513379115008
198794513953718275
198794514297663489
198794514675146754
198794515216220161
198794514968739840
198794512414416897
198794516403208193
198794517321752578
198794517984448515
198794518974304257
198794519515373569
198794518269665281
198794519863508992
198794520178065408
198794520190660608
198794519733477376
198794519880286212
198794520127741952
198794520140320770
198794516566773760
198794521142755328
198794521537024001
198794521725775872
198794523206369281
198794523420274689
198794524997332993
198794525739724800
198794526079463424
198794526377246720
198794526582771713
198794526574391296
198794527132237824
198794528159842304
198794528780582912
198794528801562625
198794530441539585
198794530118565889
198794531263623170
198794532039573504
198794531783704576
198794529497825284
198794533222350850
198794533201387521
198794533520150529
198794533415292931
198794534937829378
198794536040939520
198794536762347521
198794536858816512
198794537290825728
198794537542500352
198794538024841217
198794539035664384
198794539320885251
198794539450908672
198794540990201857
198794541875200001
198794541237678080
198794542038781955
198794542693093376
198794543229976579
198794545306144769
198794545721376768
198794545901744128
198794547315228672
198794543670378497
198794548216987648
198794546530893825
198794548791623680
198794548686761985
198794548279906304
198794548720304131
198794549286535168
198794549668229120
198794550012153857
198794551010410497
198794550892961792
198794551228502017
198794551496949760
198794551463395328
198794551442411521
198794551987683328
198794551668908033
198794551933157377
198794549789859841
198794553489231872
198794553380175873
198794553795420161
198794554474901504
198794554974015489
198794555229872129
198794556391698433
198794556530098177
198794557679349760
198794557197004800
198794557360582656
198794558174269440
198794558363009024
198794558824390656
198794554621689856
198794559730352128
198794560443387904
198794560313372674
198794560321748993
198794560304975873
198794560674078722
198794561575862272
198794561689092096
198794562192416768
198794562624438274
198794562234355712
198794563954016256
198794564667047938
198794567200407552
198794568043479040
198794568844578816
198794568894922752
198794569918332929
198794570295803905
198794571419893760
198794571226943489
198794571105308673
198794572434907138
198794573483479041
198794573823221760
198794571466022913
198794574800502784
198794575836491776
198794572292304896
198794577614872576
198794578785079297
198794578751528962
198794578973827073
198794579850440704
198794582786441217
198794583533043713
198794584522895361
198794584338341890
198794585160425473
198794582425735168
198794585537921024
198794585466617857
198794586364198912
198794586536148993
198794587253387265
198794584443191296
198794588549427201
198794588675252225
198794588683640832
198794588910137344
198794588729778177
198794589954506753
198794590843699201
198794590965338114
198794591200227328
198794589119844352
198794591602876417
198794592433344513
198794591703531520
198794594132041731
198794593528066050
198794594220118016
198794595339997184
198794595709108225
198794595801378816
198794596082384896
198794596598284290
198794596988358657
198794597676232704
198794599131643907
198794599362334721
198794599915995138
198794596816404483
198794602117996544
198794602436767744
198794602860388352
198794603162374145
198794605188227072
198794605330825216
198794604223537152
198794605641220099
198794606828208129
198794608044539904
198794608593993729
198794609172807681
198794610124922880
198794610196234241
198794610003296256
198794612205289472
198794611806830592
198794612419207168
198794612628930560
198794613698465792
198794615070011393
198794614621220866
198794615661400064
198794616236027907
198794615640428545
198794616496066562
198794617880195073
198794617704038400
198794618035376129
198794618182172674
198794618547089412
198794618828095488
198794618740027392
198794619608240129
198794620249972737
198794620380000256
198794620409348097
198794621604724736
198794622242267138
198794621927698432
198794622707843072
198794623118868480
198794621294350337
198794624461049859
198794624750465028
198794623274070016
198794625102790657
198794625434132480
198794626323324929
198794626784702464
198794625853554688
198794630052065280
198794631096451072
198794632165998593
198794628672139265
198794633009041409
198794631788494848
198794632992268290
198794633063563264
198794633373945856
198794633629802496
198794634191843329
198794634258944000
198794634850340864
198794635710169089
198794635919892481
198794635055857664
198794636758753282
198794634414133248
198794637526302722
198794637798932480
198794638038016001
198794637861863426
198794637803126784
198794638637805569
198794641116626944
198794641250861056
198794642353963008
198794644044259328
198794644262367235
198794644618870784
198794645835223041
198794645352873985
198794646124642304
198794645826838528
198794646552453121
198794646183354368
198794644685979650
198794647617810432
198794640370057217
198794649605902338
198794649652051968
198794651610775552
198794653405949952
198794653091373056
198794653988958208
198794653934436354
198794653531774976
198794654886526976
198794655058501632
198794654999785472
198794655398244354
198794655754752000
198794657721892864
198794657579286528
198794658254565376
198794659621896194
198794660414623744
198794660699844609
198794662406914048
198794662625026048
198794663073824768
198794663002505216
198794664722173952
198794665938530304
198794666827714562
198794666878058499
198794667893063680
198794664076263424
198794668237000705
198794669403029505
198794670267052032
198794671386927104
198794671948972033
198794672515190785
198794671340789760
198794673899311106
198794673878343680
198794673073029120
198794675358932993
198794676894048256
198794676998905856
198794677552549889
198794678055874560
198794678567575555
198794679876202498
198794680417267716
198794679926525952
198794680534708225
198794680643747840
