198840986036740096
198840986162569218
198840986309378050
198840986447781889
198840986372292608
198840986594586624
198840986623942656
198840986674274304
198840986825277440
198840986800103424
198840986846248960
198840986561024002
198840986972061697
198840987127259136
198840987278262272
198840986745585664
198840986779136000
198840987357941761
198840987622195200
198840987223728129
198840987324387328
198840988104527872
198840987953537024
198840987915788288
198840988352004096
198840988721098754
198840988578496512
198840989174083585
198840989136330752
198840989220225024
198840989404770304
198840987689291777
198840989467680768
198840989597700096
198840989669015553
198840989555757056
198840990252007425
198840990717575168
198840990868582400
198840990499479552
198840991384477696
198840991329947648
198840990545608705
198840991397068800
198840991686475776
198840991480942592
198840992735039489
198840991694860289
198840993733292034
198840993188032513
198840992542113792
198840991736791040
198840993888481281
198840994035273729
198840992311410688
198840992995094528
198840993200611329
198840993590677507
198840993930416128
198840994723143680
198840994735726592
198840994521821185
198840994546991106
198840994744123393
198840994299518977
198840991761969152
198840994802831362
198840995905933313
198840996094689280
198840995415199745
198840996090486785
198840996002398209
198840996153397248
198840995478114304
198840993682948096
198840996799320065
198840996405051393
198840996753190912
198840996174376960
198840997445238784
198840997210365952
198840994173698050
198840997835309056
198840997541711873
198840997877268480
198840997927596033
198840996191141889
198840998317670401
198840998640627713
198840998980358145
198840996975489025
198840998971969539
198840999101997056
198840999148142593
198840999450128384
198840998728712192
198840999798243328
198841000083464192
198840999085219840
198840999307526144
198840999424950272
198841000003764225
198841000452571138
198840999898910720
198841000137994240
198841000830050304
198841000507088897
198841001572446209
198841001920577537
198841001694076928
198841002025418752
198841002251927553
198841000393838592
198841002595844097
198841002457432064
198841003103367168
198841003606683648
198841003531190272
198841003153698816
198841003862540288
198841004122583040
198841004089028609
198841003791220736
198841004378431488
198841004202278912
198841004223238144
198841004915294209
198841004856582144
198841005393457152
198841005489922048
198841005301170176
198841005108244481
198841006265872384
198841006030987264
198841006416859136
198841006962118657
198841006513340420
198841007192817666
198841006341361666
198841007851323393
198841008111366144
198841007972950018
198841008816005121
198841007742263296
198841008425938944
198841009189306370
198841009529036802
198841008853757952
198841009889738752
198841009730363393
198841006660132865
198841009466126336
198841010296594433
198841009520644096
198841010023964672
198841010787336192
198841010502123520
198841011278053376
198841012070785024
198841012225982464
198841011919798272
198841012523773952
198841012238565378
198841013001920513
198841011592634368
198841012611854336
198841012481826816
198841012767047681
198841012771229697
198841013480067073
198841013769474048
198841013576531968
198841014620930048
198841014709002244
198841014922915841
198841014784507905
198841014721581057
198841015023566850
198841014834831361
198841015765958656
198841016151846912
198841016286064640
198841016688713728
198841016709677056
198841017225580545
198841017233973250
198841017418526720
198841017204621313
198841017695346689
198841017724706816
198841017531764737
198841016839712770
198841017888284672
198841017816981504
198841017531764736
198841018085421056
198841017825361920
198841018106380289
198841018278354944
198841018517422081
198841018248994816
198841018047660033
198841018622296064
198841019171749889
198841019062689794
198841019398230016
198841019675054080
198841019398238208
198841019633106944
198841020836876289
198841020815908864
198841020966895617
198841021071769600
198841021050798080
198841021277274112
198841021247918080
198841021470212097
198841021042405377
198841021398917120
198841021361160192
198841021935788033
198841022162280448
198841022539759618
198841022292307969
198841022682382336
198841022011289601
198841022636244994
198841022694965248
198841022351028226
198841022959190016
198841023068250112
198841022321668096
198841023059861505
198841023517048835
198841023634472960
198841024456572929
198841024418816005
198841024611749888
198841023718375425
198841024087474176
198841024792113153
198841023978405889
198841024498499584
198841024901165056
198841023009538048
198841025312198656
198841025832292352
198841026343993345
198841027048640512
198841025274462208
198841026713096193
198841027530989570
198841027631656960
198841028067856384
198841028168519681
198841028290150400
198841027723919360
198841027652624384
198841028428578818
198841028915105792
198841028910907392
198841029120634880
198841029296799745
198841029519089666
198841030177591296
198841030341165056
198841029934317569
198841030051774464
198841029972066305
198841030672519168
198841028223045635
198841030928384003
198841031037435904
198841031066783746
198841030651555841
198841030542491650
198841031490408449
198841032270553088
198841032262160385
198841032253767681
198841032404762624
198841032283136001
198841031406526464
198841032518012929
198841032580931584
198841032669011969
198841032312496129
198841033306546176
198841033474322433
198841033788895232
198841033675653120
198841033394622464
198841033868582912
198841033574989825
198841034212507649
198841034359320576
198841033814052864
198841032656424960
198841034308988928
198841034707447808
198841034271236096
198841034350919680
198841034699051008
198841034535473153
198841034980069376
198841035533725696
198841036112531457
198841036288692224
198841037114978304
198841037165309952
198841036750065665
198841037316308994
198841037328875520
198841037752500224
198841038100627456
198841037718949888
198841038444568579
198841038402617345
198841038700429313
198841038868201473
198841038792695808
198841038981435394
198841038490714112
198841039405072387
198841039526707201
198841039522504704
198841039572828160
198841039639945216
198841039715442688
198841039488942080
198841039807717377
198841040046788609
198841039853858816
198841040239726592
198841040323608576
198841040382345216
198841040046800897
198841041334444033
198841040352972800
198841041707745280
198841041649016832
198841041984552960
198841041921654785
198841042311708672
198841042542399490
198841042143944705
198841043364478977
198841043406422017
198841040906616834
198841043817476099
198841043616153600
198841044249493505
198841044408864768
198841044324986881
198841043507085313
198841044740210689
198841044589219840
198841044727640065
198841044392091648
198841046044655617
198841046417932288
198841045969158146
198841046485053441
198841045855907840
198841046489243649
198841047294554113
198841048091471872
198841048137601025
198841048372486146
198841048540262401
198841048183750656
198841048829669377
198841048829673473
198841049660141569
198841049202966530
198841049525927937
198841049945350144
198841049806934016
198841049647558657
198841049907609600
198841050310258688
198841050587086848
198841050926825472
198841050675167232
198841050910031873
198841051040071680
198841051279138818
198841050507390978
198841051367227392
198841051564347392
198841051736326144
198841051610480643
198841052084436992
198841052243824640
198841052000550912
198841052227043328
198841051958620161
198841052017344512
198841052432572417
198841052696817664
198841052126380032
198841053195927552
198841053137223680
198841053460176896
198841054080929792
198841054026399744
198841053837664256
198841053862834177
198841054072545280
198841054395510784
198841055028850689
198841055561527297
198841055066591233
198841055599276032
198841055632818176
198841055855132672
198841055825772544
198841055414714371
198841055913840642
198841055683166209
198841056534593537
198841055825768449
198841056484278275
198841056387792896
198841056555577345
198841056366829568
198841056182284289
198841056106782720
198841056865947649
198841057159548930
198841055360200704
198841057289584643
198841057125990400
198841057469939712
198841055909658625
198841043104440320
198841057767718913
198841057272795136
198841058011000834
198841055305678850
198841054571667457
198841058107473921
198841058317180932
198841058891800576
198841059231547393
198841059369955330
198841058967298049
198841059336396801
198841060020076544
198841060204613632
198841060166873088
198841060301078529
198841060334641152
198841060363993088
198841060787634176
198841061207060480
198841061408374784
198841061530025984
198841061303525377
198841061882343424
198841062238851073
198841062444371968
198841062113034240
198841057163747328
198841061701992449
198841061865562113
198841062452768768
198841062347902976
198841062830256129
198841062943490048
198841062809280515
198841062985437187
198841063279042561
198841063497142273
198841062985449472
198841063622971392
198841063518109696
198841048238268417
198841064419893249
198841064491192321
198841064323428353
198841064902234114
198841064902234112
198841064847716353
198841065250369537
198841065481048064
198841064868691969
198841066504458240
198841066630295552
198841065946624000
198841066500263939
198841066185695232
198841067146194944
198841067188142080
198841067020353536
198841067796307968
198841067959885824
198841067741790208
198841068614201344
198841068601610241
198841068328988672
198841068727443458
198841069109133314
198841069536935936
198841070073823234
198841069763428352
198841069981532161
198841070694572032
198841070874931200
198841070275149826
198841070275141633
198841071160147968
198841070832975873
198841071210471424
198841071751532544
198841071726379008
198841071801864192
198841071462129664
198841072007380992
198841072204525569
198841072493932544
198841072741384192
198841071709585408
198841073194369024
198841073223729155
198841072791715840
198841073521524736
198841074163257344
198841074205208576
198841074201018368
198841074331025411
198841074750455808
198841074322636800
198841075157303297
198841074666573824
198841074825969664
198841076432375808
198841076059090944
198841076793081859
198841076692422656
198841077149601793
198841076826652673
198841076587560960
198841078185607169
198841076008755202
198841078147850240
198841079112540160
198841079242559488
198841078986715136
198841079355817984
198841079460659204
198841079854936064
198841079523573763
198841079510999041
198841080630874112
198841079326453760
198841080861564928
198841080790269952
198841081461350400
198841081067085825
198841081721389056
198841081633316864
198841082153406464
198841082207940609
198841081864007680
198841082547683329
198841081964658688
198841082702860288
198841082124058624
198841082623168514
198841081750749185
198841082627371008
198841083373953024
198841083600441344
198841083550113792
198841083684323329
198841084061827072
198841084372193280
198841084628041729
198841084128931841
198841085366239232
198841085617913856
198841085500456960
198841085575970818
198841085580152832
198841085483679744
198841085617913859
198841085513056256
198841086049910788
198841085966041088
198841082719637505
198841086628732929
198841087358533632
198841087501152256
198841087169798144
198841087643746304
198841087958331392
198841087710859265
198841088436477952
198841088562311170
198841088470040576
198841088851714048
198841089048838145
198841089636040704
198841090219053056
198841090193891328
198841090604937216
198841090768502787
198841089833181184
198841090995003392
198841088205795328
198841091829669888
198841091800317952
198841092404289537
198841092265881600
198841092563677184
198841092521738241
198841092702081024
198841093473837056
198841093532565504
198841090495885314
198841093939412992
198841093478023169
198841093880692736
198841094451118080
198841091628351488
198841095365459969
198841095642292224
198841095235444736
198841095772307456
198841096112062465
198841096212721665
198841095680032768
198841097244520448
198841097118683137
198841097244516354
198841096615366658
198841096573431809
198841097605222400
198841097915600897
198841098024656897
198841098599272448
198841098423119872
198841099387797504
198841099572350977
198841100662865920
198841101308788736
198841101656924160
198841101325582337
198841102239936512
198841101866635265
198841102013444096
198841102764212226
198841102839713793
198841102990712832
198841103020081152
198841102902624256
198841103099756546
198841103737290752
198841103896690689
198841103603077122
198841103615660032
198841104114778113
198841104731348992
198841105402433536
198841104857169921
198841106060935171
198841106052562945
198841106736234496
198841106790744064
198841107088551937
198841106769780737
198841107294068736
198841107541528578
198841107671552000
198841108023873536
198841108669800448
198841108925644800
198841108917264385
198841109391216640
198841109387034624
198841110016180225
198841110360096768
198841110045528064
198841103900872704
198841110901174272
198841111345758208
198841111526121472
198841111152828417
198841110418821120
198841112205602816
198841113057042435
198841113673609216
198841113866539009
198841113740722179
198841113870741505
198841113635852288
198841113795239936
198841113883324417
198841113585520640
198841114051088384
198841114613133314
198841114835423232
198841113715544065
198841114474708992
198841113925255168
198841115217108993
198841113480667136
198841115804303361
198841115904983040
198841116043378688
198841116257288192
198841116290859008
198841116487983104
198841116685107200
198841117180039168
198841116748029954
198841117171658752
198841117305872384
198841117335236609
198841117352017920
198841116987109376
198841117402337281
198841116836106242
198841116907409409
198841117767237632
198841117746282498
198841118098604032
198841118090207232
198841118232805376
198841118580932608
198841118568353793
198841118694195200
198841118597718016
198841119168147456
198841118878740480
198841119168147457
198841119331725312
198841119235256320
198841119633702912
198841120355131392
198841119667273729
198841120069926912
198841118417367040
198841119637913600
198841120405467136
198841120095084547
198841120950726656
198841120145408003
198841120891994112
198841118333468672
198841121869266944
198841121877655552
198841120929759234
198841122435510273
198841122641018881
198841123211456512
198841122968178689
198841123106594817
198841120657129473
198841123614101504
198841124260020225
198841124570415105
198841124360683520
198841124092260353
198841124947886085
198841125002416130
198841125249884160
198841125522509824
198841125493145601
198841126197788672
198841126189408256
198841126445256706
198841126751444992
198841127070220288
198841127003103232
198841127502229506
198841126990528513
198841127590297600
198841127758073857
198841127305097216
198841128345280513
198841128416587777
198841128605323264
198841127611285506
198841128596946944
198841128554995713
198841129297379328
198841129297379330
198841129452584961
198841129792323584
198841129809092608
198841130534699008
198841130337583106
198841131155472384
198841130786357248
198841130656337921
198841131012857856
198841131998523393
198841132694773762
198841132535382016
198841132417945600
198841133462331392
198841132887707649
198841133508476928
198841133890158592
198841133403607041
198841133953056768
198841134850654208
198841133542031361
198841135261687808
198841135051972608
198841135471411200
198841136289296385
198841136272510976
198841136364789760
198841136075382786
198841137115574272
198841137694384128
198841138076057603
198841138260623361
198841138189307905
198841138889764864
198841139384688640
198841138940084228
198841139489554432
198841139409858560
198841139594399744
198841140013842432
198841140114493440
198841140290650112
198841140395511809
198841140382932992
198841140454244353
198841140089339905
198841140433260544
198841140525531138
198841141070802945
198841141259550721
198841141372792832
198841141477638144
198841141456666624
198841140605227008
198841141620256768
198841141947416578
198841141477654529
198841142123569152
198841142660431872
198841143054704641
198841142366830592
198841143637721089
198841143952293888
198841143239249921
198841143889362944
198841143792893953
198841143306371072
198841144589815808
198841144828891137
198841144396886016
198841144606588930
198841144921161728
198841145026035713
198841145239945216
198841145445457921
198841145076367361
198841144795332609
198841145583869952
198841145722273793
198841146288504832
198841145852313600
198841146779242497
198841146942832641
198841147156729858
198841146389180417
198841147479687168
198841147580362752
198841147064455168
198841147123187712
198841147098021889
198841147676827648
198841147177705472
198841147513249793
198841147521634304
198841148146585601
198841147668443136
198841148855431168
198841148851228672
198841148817670144
198841148972867584
198841149673320449
198841150054998016
198841150126297090
198841150050803712
198841150327623681
198841147681017856
198841151032266752
198841151678185472
198841151640453120
198841151804014592
198841151002902529
198841152500281345
198841152005349377
198841152366063616
198841152785489920
198841153729216512
198841154232532992
198841154127671296
198841154303819776
198841154131861505
198841154547105794
198841154593234945
198841154744238080
198841155037822977
198841155385966593
198841155364990977
198841155159457792
198841155859918851
198841155910254594
198841155218190337
198841155801186305
198841155578904577
198841152919699458
198841155826368513
198841156279345154
198841156350640128
198841156375805952
198841156614893570
198841156421959683
198841156572946432
198841156862353408
198841157516656641
198841157466329088
198841157474721792
198841157319528449
198841157596364801
198841157747359744
198841157848023041
198841157965451265
198841157072060417
198841157852200961
198841158187757568
198841158598791168
198841156480671744
198841158812708865
198841155625037824
198841158980481026
198841158548455425
198841159051788288
198841158783336448
198841159399915520
198841158837862400
198841159471218688
198841158883999746
198841159215353856
198841159706087424
198841160238776320
198841160343621632
198841161039884288
198841161484480512
198841162369478656
198841161975209984
198841162201702400
198841163086692352
198841163367714817
198841163275444225
198841163376107520
198841162935713792
198841163149615104
198841164386930688
198841164462424064
198841163862654976
198841164986716160
198841165016080384
198841165360009216
198841165456474113
198841166064664576
198841165502611456
198841165980774400
198841166433755136
198841166756720640
198841166643474432
198841167889178625
198841168065347584
198841168010809344
198841167692038144
198841168740630529
198841168342163456
198841168929361921
198841169554325504
198841169172631552
198841169877274624
198841170024071171
198841170049253377
198841170036654080
198841170217025536
198841170934247424
198841170011496448
198841171529838593
198841171399806977
198841172012179456
198841172146397185
198841171798269952
198841172481933312
198841171705995264
198841172079292417
198841170988761088
198841172490334208
198841173752807424
198841173085925378
198841173689892866
198841174428094465
198841174742671360
198841174935601153
198841174897864704
198841174801395714
198841175803826176
198841175707353088
198841175959011328
198841176005152768
198841176659464193
198841176244240384
198841177439608833
198841176919523328
198841178047782914
198841177708044288
198841178152632321
198841178181996544
198841178446249984
198841179138293761
198841178622394368
198841179725508608
198841179389952000
198841180115578882
198841180342063106
198841180224630784
198841180614688768
198841181495500800
198841181508079616
198841181948493824
198841181453557761
198841178588848128
198841182468575233
198841182573432832
198841182556651520
198841181952675840
198841183051591680
198841183458430976
198841183601045504
198841183701708801
198841184024657920
198841183756234754
198841184460881920
198841184637034496
198841184771252224
198841184666402816
198841184783831040
198841184561532929
198841185228435456
198841184825778176
198841185358458880
198841185882734592
198841185773699072
198841185748525056
198841185274576896
198841185392001024
198841185433944066
198841185563975680
198841185752727553
198841186151174145
198841186105049088
198841186478329856
198841187065536513
198841187338170370
198841183823347712
198841187908595713
198841187283636225
198841187573039104
198841188038610944
198841188374159361
198841188709699584
198841188378349569
198841188546117632
198841189238194178
198841189582114816
198841189678596096
198841189930246145
198841189892497408
198841189036855296
198841188323835904
198841189464670208
198841190316126208
198841190332899329
198841190605537280
198841190844612608
198841190848802816
198841190978830337
198841191297589248
198841190815236096
198841189926043649
198841191540862978
198841191142400000
198841191687651328
198841190622314498
198841191935123457
198841193306669059
198841192773988352
198841192883027968
198841193310855168
198841192618799104
198841193587679232
198841193570910208
198841193809981440
198841193973547011
198841194791448577
198841194518810624
198841195584163840
198841195806470145
198841195479302144
198841195970048000
198841196116848640
198841196838260736
198841197404495873
198841196708237312
198841197597433857
198841198599872512
198841198654402561
198841199036076032
198841195991019520
198841199044460544
198841199128346624
198841199715557376
198841199833006080
198841200013344769
198841200353091584
198841200248242177
198841202269896704
198841202257301505
198841202475413504
198841202651561984
198841202806755329
198841202714480640
198841202806751233
198841202924204034
198841203310071811
198841204237025281
198841203486244864
198841204216045568
198841204371234816
198841204643856384
198841201451991041
198841204849393664
198841203846938625
198841204849393665
198841204920696832
198841204589330432
198841204371230721
198841205008773121
198841205197512705
198841205398843392
198841205465939969
198841205428195329
198841205411430400
198841205721792512
198841205151379457
198841206019596288
198841205847629825
198841206854262784
198841206451601410
198841207135289346
198841207017840640
198841207554703360
198841207231741952
198841207265308673
198841207869276160
198841207185612800
198841208078991360
198841207978344448
198841208016089089
198841208037052416
198841207902846976
198841209098223618
198841206703259648
198841208506822656
198841209551208448
198841210104852481
198841210272628737
198841210255835136
198841210297786368
198841209995796480
198841209744138242
198841210511691776
198841210658488320
198841210570420224
198841210788511744
198841210910150657
198841211568668672
198841211539300352
198841211866447872
198841211405086720
198841211862269953
198841212311060480
198841211946143746
198841212067790849
198841212998918144
198841212785000448
198841213485461504
198841213644849152
198841213867143169
198841210591395840
198841212457844736
198841213577740289
198841213019897858
198841214055882752
198841214492082177
198841214710194176
198841214869569536
198841215645528065
198841216434061313
198841216316620802
198841216534724608
198841215934939136
198841216723456001
198841216413081600
198841216710868992
198841217734291456
198841216941572096
198841217574907905
198841216765403137
198841218459893760
198841215330951169
198841218401181697
198841218283749376
198841218820603906
198841219382644737
198841219730780160
198841219663667200
198841220250869760
198841219781099521
198841220607381505
198841221475606529
198841221890842624
198841221043593218
198841222243155968
198841222201225216
198841222851346432
198841223019102208
198841223367229440
198841223333675009
198841222691962880
198841223144931329
198841223685996544
198841223958642688
198841223832797184
198841224164159488
198841225212727297
198841225418244096
198841221429465089
198841225405665283
198841225296625665
198841225959321600
198841225816715266
198841225967697921
198841226202595328
198841225980284928
198841226353586176
198841226525548544
198841226785587200
198841226697515011
198841226919817216
198841227548966912
198841227343437824
198841228614307840
198841228652056577
198841228769497089
198841228714971137
198841228320706562
198841228765310976
198841228991803392
198841229163761665
198841229356695552
198841228916293632
198841229146992640
198841229193121793
198841229205716992
198841229969076224
198841230455607296
198841231084748800
198841230782763010
198841231311253504
198841229855821824
198841230975713280
198841230912798721
198841231525150720
198841231487414273
198841231923609600
198841232447905792
198841232259158016
198841233077047296
198841233496481794
198841233660067840
198841233878155265
198841234385670145
198841234293407744
198841234578604032
198841234700238848
198841234960293888
198841234909970432
198841235014819840
198841236038225920
198841235178389505
198841236298268674
198841236667371521
198841236784807937
198841235778183169
198841236344406016
198841236663189505
198841237447512065
198841237439119362
