198800217536081920
198800218064568322
198800219238969344
198800219788414976
198800219926827008
198800219717120000
198800220493053952
198800220597911552
198800222900596737
198800223361970176
198800224058220546
198800224209215488
198800224544755713
198800222707646464
198800226683858944
198800226373484544
198800227443032067
198800228269305857
198800228210589697
198800227875033088
198800229162696705
198800229280133120
198800228705509377
198800230882353153
198800231020761088
198800231440203777
198800232270671872
198800232715268096
198800232945950720
198800233054994432
198800233038225408
198800233059188736
198800232736239617
198800234233597952
198800233843535874
198800235831631872
198800236049731584
198800236741804032
198800237479997442
198800239191269376
198800240051101698
198800240541843456
198800240806072321
198800240881582081
198800240390844416
198800241179361281
198800240961269760
198800241716240385
198800239258386433
198800239837184001
198800242869669889
198800245600165888
198800245180739584
198800246103490560
198800248078995456
198800248758484992
198800248892686336
198800248934637568
198800249710583808
198800250582990849
198800250956300288
198800250679468033
198800250528464896
198800251476377600
198800251736436738
198800250318761984
198800252919222272
198800251421855744
198800253447716865
198800254475309056
198800255377092610
198800254903128066
198800251690287105
198800255607783424
198800257390358528
198800257390358529
198800257935605761
198800258422145027
198800255192539136
198800259554619393
198800258778664960
198800260569636864
198800260661915649
198800261962141696
198800262280904705
198800262796804096
198800264407425024
198800264420016128
198800265338568704
198800266080944128
198800266634604544
198800264961073152
198800267775455234
198800267121139712
198800267624460288
198800267305693184
198800268203278336
198800268589154304
198800266324230145
198800270229110784
198800270292037634
198800270782763009
198800271801974785
198800272330457089
198800272854761475
198800274830270464
198800274503122945
198800275581046784
198800275379720192
198800273563598848
198800276495400963
198800276386365441
198800277258776576
198800278009544705
198800278219259905
198800277543981058
198800279355928577
198800279511105536
198800279444000768
198800280308027392
198800280375132160
198800280467410944
198800280987500545
198800281289506818
198800281448882176
198800281344016385
198800282354860032
198800282451329025
198800279418839040
198800282031894529
198800283185324032
198800282778472448
198800282702983168
198800284703670272
198800285110505472
198800285357981697
198800284472983552
198800285961949185
198800285827735552
198800287270567936
198800287840993280
198800289267073024
198800290877673473
198800291225800704
198800292073046017
198800292396023810
198800292907728896
198800293033545732
198800293406846978
198800294140841986
198800294216343552
198800294258294785
198800294673518594
198800294702874624
198800293411033089
198800295243956225
198800295688536064
198800296095395840
198800297068470272
198800297085247490
198800297433374721
198800297840218114
198800296862957568
198800298335150080
198800299945762817
198800300449071104
198800299908005888
198800300486828033
198800301048864768
198800301032095745
198800301791260672
198800302844035072
198800303011799040
198800302890168321
198800304672735232
198800305369001986
198800305314476032
198800307482935296
198800307373879296
198800307361284096
198800308464394242
198800309164847107
198800309445865474
198800309752045568
198800309961756673
198800310234390529
198800310939037697
198800311874363392
198800312579006465
198800314554523648
198800315645034496
198800315993165824
198800315213021185
198800316035104770
198800317897379841
198800318107099136
198800318820122625
198800319038238720
198800315921858561
198800319134699523
198800320099397633
198800320346865664
198800320300720128
198800320665632769
198800320711770112
198800321055690752
198800321877770242
198800322615984128
198800322611785728
198800322225897472
198800322821500929
198800323161239553
198800322364321792
198800323714879488
198800324037836801
198800324763467776
198800322595004416
198800324398555137
198800326390841346
198800326399234048
198800327003217920
198800327196155905
198800327787544576
198800329008087041
198800328261509120
198800329343635456
198800329536577537
198800330459332608
198800328928411648
198800331327541249
198800331499520000
198800333974151168
198800333466636291
198800335161143298
198800334997557248
198800335656062976
198800335983222785
198800333626028034
198800336486531072
198800337161830400
198800337358950401
198800337551900673
198800337476395008
198800337665130497
198800337837105153
198800338000674816
198800335517646848
198800338696929280
198800339082809344
198800340093636608
198800340747956224
198800341473562625
198800342761222144
198800342224343041
198800343163875328
198800343390359552
198800342958358530
198800343696556033
198800343558127617
198800344241815554
198800344250204160
198800343918850048
198800345072283648
198800345302970369
198800345042927616
198800345328136194
198800345864998912
198800346129252352
198800346137628672
198800346796130304
198800345458163712
198800348742303744
198800344669626370
198800349635686400
198800349535010816
198800349572767745
198800350730387456
198800351208550400
198800351346950145
198800353460883456
198800353188261888
198800353884520450
198800355386081281
198800355499311104
198800356195581952
198800356254294016
198800358141730817
198800361849499648
198800362906464256
198800363158114304
198800363292327937
198800363497852928
198800363715960833
198800364475121664
198800363971809280
198800366186397697
198800366442254336
198800366802976769
198800367323058177
198800369755750400
198800370556862465
198800370124853249
198800370967904256
198800370485571585
198800372322680835
198800372876312576
198800373488685059
198800374759567361
198800374742781952
198800375409688576
198800371710312448
198800376818958336
198800374537261057
198800377171283968
198800378337300480
198800378941280257
198800379549466624
198800379708850176
198800380283457536
198800380266692608
198800381403348992
198800380870664192
198800381885689856
198800382158311426
198800382179282944
198800383093649408
198800383299166209
198800383890554886
198800384876216320
198800385308246016
198800386474254338
198800386805600259
198800387426369538
198800388290392066
198800388101640192
198800388185534466
198800388470743040
198800389007609858
198800389670318080
198800389884215296
198800391222198272
198800391369003009
198800391448698880
198800392405008385
198800392404992000
198800392497283072
198800392207876097
198800393176748033
198800393357099010
198800393537458178
198800390777602049
198800393818488833
198800394275655680
198800394363748353
198800392929292289
198800394942554114
198800396125339649
198800397006159873
198800397941489667
198800398449000448
198800398138621953
198800398725808129
198800398843248640
198800398679683072
198800399254294528
198800396507037697
198800399313010688
198800399812136960
198800399820521475
198800401221435393
198800401607311361
198800401175289857
198800402626527233
198800402756542465
198800403616374784
198800404304248833
198800403909967873
198800404388126721
198800404597833731
198800405679964162
198800407173152768
198800407395450880
198800408121053184
198800408498540546
198800407965863936
198800409341607937
198800407538053120
198800410365005824
198800411099021312
198800411476496385
198800411216445441
198800412508299264
198800411325513729
198800412718022656
198800412889989122
198800414819352576
198800415314284544
198800415779848192
198800416211869697
198800416782303232
198800416199278592
198800417432416256
198800416429965313
198800419026251777
198800418380328960
198800419458269185
198800419470839808
198800419839950849
198800418334191616
198800422234882049
198800422453002243
198800423115694082
198800423417688065
198800423455436802
198800424151683072
198800423598043137
198800424562728961
198800425921687554
198800426131394560
198800426383056896
198800426513084417
198800426445975552
198800427054137344
198800426085253122
198800428647972865
198800428866093058
198800429105164289
198800430304727040
198800430246006784
198800430493466624
198800430485082112
198800431000989698
198800430099206144
198800430829010944
198800431084871682
198800431810478080
198800432653541376
198800433630806016
198800431630135297
198800434352242688
198800434662612992
198800434918469633
198800435748945922
198800429633646592
198800435635699714
198800437770596353
198800438324232193
198800438508785664
198800438965964800
198800439901302784
198800440849211393
198800441755189250
198800442392723456
198800442828922880
198800442896023552
198800443541962752
198800443386769408
198800443743285249
198800443915247616
198800444498264065
198800444762497024
198800444250783744
198800444812824576
198800445345513472
198800446717042689
198800446490546177
198800446217912321
198800450307358722
198800450605154305
198800451582439426
198800453234991106
198800453063032834
198800454015139840
198800455378280450
198800455206322176
198800456221335554
198800456963727360
198800458171691008
198800457999720448
198800458012299264
198800457462845440
198800458565959680
198800458859552771
198800459274792960
198800458750504961
198800459903926272
198800460654714881
198800461246115841
198800461392916483
198800461405499392
198800462407942144
198800462756069377
198800463389401090
198800463842390017
198800463955623937
198800463892713472
198800465536888833
198800465910169602
198800466145062913
198800468955250688
198800468586151937
