198861622754803712
198861623874699264
198861623866306561
198861623920832514
198861624126345216
198861625313337344
198861626131218432
198861628329037825
198861629889331200
198861631244083200
198861631747395585
198861631877414912
198861632951160832
198861633064419330
198861633924247552
198861635585187840
198861635648098304
198861637493596160
198861637485203456
198861638252756992
198861638865141761
198861638550560768
198861642715508736
198861642317045760
198861643499831296
198861643508224000
198861644087033858
198861644095426561
198861644892344320
198861645248860162
198861646511353856
198861646398095360
198861646825922561
198861647903866880
198861647325044738
198861647597670400
198861648432349184
198861646293237760
198861650852446208
198861651003457536
198861651922001920
198861652580503552
198861652941217793
198861654178541568
198861654354698240
198861654757343232
198861655239688192
198861654325329920
198861656451858432
198861657026465792
198861659631132672
198861660046368768
198861661615034368
198861662776860672
198861663443763202
198861662982373378
198861663108210688
198861663766716416
198861665662541824
198861671375175680
198861671895285760
198861672667037697
198861671874310144
198861673426190336
198861675984732160
198861675783405568
198861679403073536
198861679394693120
198861680732684288
198861682217455616
198861682938888192
198861683689660416
198861684155232257
198861685107339265
198861687099633666
198861688781541376
198861689372950528
198861689217744896
198861688840265729
198861688563437568
198861690228588544
198861690929025024
198861691331682304
198861692782907392
198861693055549440
198861693395275776
198861693755981824
198861694024433664
198861694586458112
198861695572119552
198861695974768641
198861695945416704
198861695446286336
198861698713665537
198861700513005568
198861702085869568
198861703205765120
198861703964921856
198861703952347136
198861704552132608
198861705193852928
198861706099826688
198861707018379264
198861709786611712
198861710164099072
198861710348652545
198861711518867456
198861712433225728
198861712580022272
198861715570565120
198861715243401216
198861717252481026
198861719957815296
198861719014084608
198861723522973696
198861724340846592
198861724504424448
198861724617682945
198861724194045954
198861728036032512
198861729441120256
198861730154160128
198861730611331072
198861730372272129
198861732595253249
198861734142951426
198861735233462272
198861736068136960
198861737238347778
198861739620704256
198861739499077633
198861741763997696
198861742812565505
198861744595152896
198861745312370688
198861745006182400
198861743684984832
198861747636027394
198861748344848385
198861749523447809
198861750207127553
198861750198743041
198861750010003456
198861750676893697
198861750332964864
198861753562562560
198861753881346048
198861754527260673
198861755684884481
198861755391295490
198861756452454400
198861756620214272
198861757706543104
198861758121775106
198861758633492480
198861760910999552
198861760579637249
198861761284288513
198861762227994624
198861763196891136
198861765356945408
198861765767991296
198861765998686209
198861766598475776
198861766619443202
198861766753665026
198861767022096384
198861767357632512
198861768569782273
198861773271605249
198861773682642944
198861775473610752
198861775771414529
198861777730154496
198861779323985921
198861777348460545
198861780888465408
198861781433720833
198861782104805376
198861783337938944
198861783728005120
198861786047451137
198861787679031296
198861790040428544
198861790648606722
198861786861154304
198861789587451904
198861793026768898
198861793823686656
198861794058584064
198861795002298368
198861795283316739
198861794847113217
198861795975368706
198861797002981377
198861797485314048
198861798189957120
198861799372763136
198861798961717248
198861799297257475
198861800471662592
198861798852669440
198861802015178753
198861804095549440
198861804217188353
198861804665966592
198861805878124544
198861806280785920
198861806985412608
198861807144796160
198861809086771200
198861813549506560
198861814308683776
198861814816182273
198861814828773376
198861816208703488
198861819580907520
198861819232792577
198861819958411264
198861820470112256
198861823208988673
198861823422902272
198861823771025408
198861824400171008
198861824681185281
198861824421138436
198861826258251776
198861828187619328
198861828003086336
198861829265563648
198861831895396354
198861833820581888
198861831245271042
198861833837350912
198861836756594688
198861838493024256
198861840351117312
198861840707629057
198861841395499008
198861843329073153
198861845895987201
198861846642565120
198861849410813952
198861850945925121
198861853030486016
198861854129401856
198861858860580864
198861860810915841
198861860861263872
198861861779800064
198861863830827008
198861865181396994
198861866510979072
198861867219816450
198861866691334144
198861867735719938
198861870780776448
198861872345268225
198861873150562304
198861873242849280
198861871149879296
