198813807655653376
198813807722758145
198813808117022720
198813807320121344
198813807924097024
198813808435793920
198813809056546818
198813809249492992
198813809052356608
198813809417265153
198813809194971137
198813809635377153
198813809794756608
198813810054791170
198813810348408832
198813810541330432
198813811275333632
198813811497648128
198813812370055169
198813811887710208
198813812684632066
198813812500070400
198813813724823552
198813813485740032
198813814257491968
198813814978904065
198813808536465409
198813815234760704
198813816627269633
198813816061034496
198813817017352193
198813816916676609
198813816933462018
198813817164152832
198813817092837376
198813817650683905
198813818275643392
198813818497937409
198813819013824512
198813819517149185
198813819550703616
198813819202584576
198813819018022913
198813819181604864
198813820460871680
198813820595089408
198813821207461888
198813821215846400
198813821467504640
198813821886926848
198813822134390786
198813822134390784
198813822478336000
198813822721597440
198813823040372736
198813823321382912
198813823833083904
198813822528655361
198813824533544960
198813824697118720
198813825250754560
198813824869072898
198813826337079296
198813827033333760
198813826983010304
198813826785869826
198813827268218880
198813827461169154
198813827498917888
198813827796697089
198813828987887616
198813829696729088
198813830653022208
198813830887911424
198813831261196288
198813831387037696
198813832125231107
198813832397860866
198813832624353280
198813832951508992
198813834025254912
198813835736518657
198813837024169984
198813837586214913
198813837670105089
198813837892403202
198813837514911744
198813838102106112
198813838265688064
198813839020654592
198813838647365632
198813838873866240
198813838831927296
198813839272312832
198813839234568193
198813839414931457
198813840757112833
198813840773885953
198813841642102784
198813841696628736
198813841797296128
198813841092644865
198813843516952576
198813844070596608
198813843860881410
198813845102399490
198813845622501376
198813845601525760
198813845710573571
198813845005930496
198813845534425091
198813845987401728
198813845765095424
198813846201311234
198813847010807808
198813847660920832
198813848550129664
198813848776613889
198813849242185728
198813850290765824
198813850529828866
198813851062501377
198813850483691520
198813850970243073
198813851104456704
198813851976859649
198813851586801665
198813851066703873
198813852366942214
198813852434038784
198813852887027713
198813852824125440
198813853436481536
198813853377769474
198813854426345473
198813854367625216
198813854682189824
198813855026130945
198813855118401538
198813855701401601
198813855651078144
198813856196341761
198813855927902208
198813857186197506
198813857689505792
198813858243166208
198813858268319746
198813858801000449
198813859790848000
198813859631464448
198813861145608195
198813860973645825
198813861435027456
198813861971890176
198813860642308096
198813862173212672
198813862324219908
198813862567493632
198813862236131328
198813862676537345
198813862429069312
198813862387130369
198813863637041153
198813863192432640
198813863888683008
198813863980957696
198813863003684864
198813863943213056
198813864211652611
198813865084063745
198813864849178624
198813866304614400
198813866493345793
198813866916978690
198813866594025472
198813867290263552
198813868074606592
198813864677212162
198813868254953472
198813868506611712
198813868670189570
198813868951224320
198813869320318976
198813869005733890
198813869345484800
198813869966245889
198813870842851328
198813870821867522
198813870909960193
198813871803346944
198813872403132416
198813872684138497
198813873434935296
198813873422348289
198813874055684098
198813874068271104
198813873409761281
198813874030518273
198813873233596417
198813873573335040
198813874768711680
198813874617724928
198813876010225664
198813876169613312
198813876412874752
198813875938926592
198813876333182976
198813877293686784
198813878208053250
198813878145138689
198813877788614658
198813878208049153
198813878677803009
198813878333874176
198813878833000448
198813879235653635
198813879160143873
198813878900105217
198813879596359681
198813878803644416
198813879730569216
198813879239847938
198813880003207169
198813880321974274
198813880217116673
198813880686870528
198813881169227776
198813881194393600
198813880594604032
198813881357971456
198813880753979392
198813881731260416
198813881743847424
198813882138107905
198813881508970496
198813882343624704
198813882402349056
198813882465267712
198813882414927873
198813882653999104
198813882909863937
198813883211857921
198813882884694016
198813883681615872
198813883807449088
198813883618697218
198813883874549761
198813883866157056
198813884595970048
198813885149614081
198813885464190977
198813885501939712
198813885896196096
198813886483402752
198813886407913474
198813887401967616
198813886810566657
198813887875919873
198813887766863872
198813888660254721
198813886919614465
198813888416985088
198813889037746178
198813888387620864
198813889973059584
198813890027593729
198813890379911172
198813890027593730
198813890887426048
198813891059388416
198813891273302016
198813891046809600
198813891516567553
198813891860504576
198813892342849536
198813892674207744
198813891743068160
198813892913283073
198813893496291329
198813894205112322
198813895094304768
198813895333392385
198813895308226560
198813896230969345
198813896042225664
198813896344219649
198813896784613376
198813896688152576
198813897464086528
198813897011118080
198813897610891264
198813897732530176
198813898621714432
198813898235842561
198813898802081792
198813898521059329
198813898969845760
198813899578028032
198813899800322048
198813899452198912
198813900886638592
198813901389955073
198813901972967424
198813902161723393
198813902694387712
198813903331934210
198813903101235200
198813903965270017
198813903529066496
198813904065937409
198813904137224193
198813905315823616
198813905022234626
198813905869479936
198813906351828992
198813906465079296
198813902606315523
198813907387817984
198813906016280577
198813907513643009
198813907886931971
198813908478332928
198813909757603840
198813910256713728
198813910235758592
198813911334662144
198813910630019072
198813911519203331
198813912236425216
198813911494045696
198813911942836224
198813912836227073
198813914065145856
198813914522329088
198813915000475648
198813915218587650
198813915751251968
198813915642212352
198813916833398786
198813918469173248
198813918595006464
198813918636949504
198813919031205888
198813919547113474
198813920079785984
198813919580663809
198813920138506240
198813920239169536
198813920541159427
198813920654397440
198813921463910402
198813921593921537
198813921518436352
198813921812021248
198813921736536065
198813922256633856
198813923724640256
198813924211175424
198813924181815296
198813924882251777
198813926048280576
198813926169903105
198813926065049600
198813926224433153
198813921954631681
198813927705026560
198813927382069249
198813928036384770
198813928535494656
198813928304807936
198813928975904768
198813928959119360
198813929500196864
198813929789591553
198813929357590528
198813929365962754
198813930221600769
198813930913665024
198813930842374144
198813931454742529
198813930645233664
198813931916103680
198813932297785345
198813932138401793
198813932574613504
198813932360699905
198813932759158784
198813932931137536
198813933279264770
198813933098893312
198813933153419266
198813933732241408
198813933409288193
198813934214594560
198813934634012672
198813934722101249
198813934181036032
198813930762674176
198813935246381056
198813935632265216
198813935858757632
198813936794083328
198813936810868738
198813937213513728
198813937125429250
198813937318371328
198813937330958337
198813938962534400
198813940384399360
198813940438941697
198813940644450304
198813941093249024
198813940636057600
198813940480876545
198813942125051905
198813941701414913
198813942531891200
198813942506729472
198813943999905792
198813944385773568
198813944280907776
198813944079597569
198813944075395072
198813941130989568
198813945706971136
198813945774092288
198813946008969216
198813945321107457
198813946386448387
198813946650693632
198813947082702848
198813948798189568
198813948349390848
198813949125345282
198813947250483200
198813949318279169
198813949427322880
198813948731064321
198813949427322881
198813949913870336
198813949217603585
198813950069059588
198813950282956800
198813950224240640
198813950278774786
198813951084077056
198813949385388035
198813951641911297
198813951734198274
198813951482531841
198813951725805568
198813951117627393
198813950996000768
198813952464003072
198813952602406912
198813952153624576
198813952648548353
198813952652742656
198813953328029696
198813953604849664
198813952979898369
198813954221416448
198813954586316800
198813954754101248
198813954326274049
198813954162704385
198813955446161410
198813955592962048
198813955316137985
198813955848798208
198813954959613952
198813956285009920
198813956314370048
198813956528283648
198813956507308032
198813956092076032
198813957820121088
198813957807554560
198813957912395776
198813958784811008
198813958747074561
198813958520569856
198813958608666624
198813959086804992
198813959216836608
198813959825014784
198813959950835713
198813960189902849
198813959963414528
198813960613527552
198813961498529793
198813960710004737
198813962010243073
198813961766977537
198813962475810816
198813962987511808
198813963214008321
198813962870071296
198813962278670337
198813964149342209
198813963616657409
198813962924597248
198813964363243520
198813964661035009
198813964078039040
198813964950437888
198813964954648579
198813965160157185
198813965386649602
198813964845584384
198813963855724545
198813965520875520
198813966233903104
198813966229708800
198813966170996736
198813966783352832
198813968045850624
198813967542525952
198813968037457922
198813968960192513
198813969417388032
198813970122018817
198813969991999489
198813970709233665
198813971271254016
198813971279654913
198813971292241920
198813971581648897
198813972055592961
198813972571496448
198813972542136321
198813972873486337
198813973511012352
198813973309689857
198813974354079744
198813974718976001
198813974471507969
198813975683674113
198813975624957952
198813976543510530
198813972433088513
198813976757420032
198813976409284608
198813977139093504
198813978640658433
198813978816806913
198813978649038849
198813979630514176
198813979903135745
198813979974447104
198813979647287296
198813978560958466
198813980452589569
198813980549062656
198813980326756355
198813980976873472
198813981232742401
198813981379538944
198813981551493121
198813981245325312
198813980968484864
198813981215952896
198813982096756737
198813981987704832
198813982054813696
198813982423912448
198813982742675458
198813982583296001
198813982935629824
198813982981750785
198813983149522947
198813982839144448
198813982503608320
198813982826569730
198813983292133377
198813982998544384
198813984093245440
198813984328134657
198813984760135680
198813985313792000
198813985892601857
198813986538528769
198813986832121858
198813986903437313
198813988157521920
198813988551802880
198813988849586177
198813988807643136
198813989071888386
198813988526632961
198813988941873152
198813989537460224
198813989948489728
198813989986238464
198813990305017856
198813990346956801
198813990619594752
198813990783156224
198813990753804290
198813991152259072
198813991210983426
198813991898849280
198813992167288833
198813992439914496
198813993320722432
198813993450741761
198813993505275906
198813990921572353
198813993891143680
198813994058924032
198813994235072512
198813994176364544
198813994239279105
198813994822279168
198813995208159232
198813995770191872
198813996340625410
198813997162700802
198813997913473025
198813998244823041
198813999448592384
198813999448596480
198813999658303488
198814000128081922
198814000488779776
198814000170020865
198814000497180672
198814000765607940
198813999842865153
198813998353879040
198814001361203201
198814001633828864
198814001688350721
198814001679958017
198814002392993794
198814002342674432
198814003013758976
198814003571589120
198814004154601472
198814003269611522
198814004536295425
198814004989276160
198814005492588544
198814005668745216
198814005635198976
198814006318862336
198814007241609216
198814007275175939
198814007774281728
198814008491507715
198814008126619649
198814008608956416
198814009082908673
198814009200349185
198814008973852672
198814009443631107
198814009997271040
198814010508984321
198814010110509057
198814010223763457
198814010915819522
198814010924220418
198814009640755202
198814011133931520
198814012018925568
198814012429963264
198814012559986688
198814013231087616
198814013465956353
198814011578519552
198814015173033984
198814015428894721
198814015479234561
198814015407927297
198814015307251712
198814016217419776
198814015772819456
198814016469078017
198814016129343489
198814016838176769
198814016863354881
198814016448102400
198814016712359936
198814017307951104
198814016712355842
198814018226499585
198814018562039808
198814018708836352
198814019136667652
198814019325399040
198814019656749056
198814019619008512
198814019879051264
198814020218789889
198814020294295552
198814020663390208
198814020298481665
198814020982149121
198814021858766848
198814021959430144
198814022139785216
198814021607100416
198814021632274432
198814022362079233
198814021703577600
198814022450167808
198814021313511424
198814023087693825
198814023372910596
198814023083507712
198814023477764096
198814022903136259
198814022961856513
198814024387936259
198814024819933186
198814025293901825
198814025897881600
198814026233430017
198814025851736065
198814026438938625
198814026996785152
198814027734978562
198814028338962433
198814028116672512
198814028208947200
198814029051998208
198814028913573888
198814029542731776
198814030096384001
198814030654210048
198814030553546753
198814030901686272
198814031161737217
198814032118022144
198814032998830080
198814032885596160
198814032893984768
198814033158209537
198814032310964224
198814033799950336
198814034764636161
198814034953379840
198814035540586496
198814036438163457
198814036165541888
198814036605931521
198814037193129984
198814037587410944
198814037763567619
198814037931335680
198814038015217665
198814038912806914
198814038908604416
198814039579705345
198814039256739841
198814039177048066
198814039906852865
198814041005768706
198814040712159232
198814040699568130
198814040582131712
198814041349689344
198814041223868417
198814041148366850
198814041685245952
198814042016579584
198814042532483072
198814042704453633
198814042591215617
198814042595401728
198814043425869824
198814043472007169
198814044046622720
198814045074239488
198814044638031872
198814045611110400
198814045749510147
198814045556576256
198814045816635394
198814046168948736
198814046479331330
198814046668062721
198814046831640576
198814046965866497
198814046932307968
198814046542245889
198814047179780098
198814046508691456
198814048329019396
198814048194805760
198814048958169089
198814049109147648
198814049193050112
198814049276923904
198814048547115008
198814049742487552
198814049797021697
198814049855741952
198814049906077699
198814050241613825
198814050266783744
198814050644262912
198814051357302785
198814050656862208
198814051701231616
198814052447817728
198814050036101122
198814052481376256
198814052070330369
198814053295071234
198814054339452928
198814054536589313
198814055153139712
198814056327561216
198814056726011904
198814056721821697
198814057267068928
198814056960884736
198814057669730304
198814057384513537
198814058311450624
198814058265325568
