198852311173435393
198852311760633858
198852311630626816
198852313996201984
198852315090927616
198852315778789376
198852317360046081
198852315464204288
198852319650136065
198852320392515584
198852319138422785
198852322540003329
198852322573565952
198852322024099840
198852325912219648
198852326012891136
198852325794791424
198852327698993152
198852325262098432
198852329431236608
198852330786013184
198852332870569984
198852334208548865
198852335143886849
198852336083402752
198852336804831232
198852338939723776
198852338461581313
198852339094913024
198852339732463617
198852340286107648
198852340072185856
198852339887644672
198852341783461889
198852342525865984
198852344711090176
198852345189253120
198852345763856385
198852346250399744
198852347085074432
198852347496116225
198852347223474176
198852347009568768
198852347395457024
198852347928117248
198852347940708353
198852349089947648
198852351690424321
198852352948715520
198852353288441856
198852353280053248
198852356664868864
198852356262211584
198852357520494592
198852357663109120
198852358573277185
198852359659601921
198852360863363074
198852361266016256
198852362415247360
198852362453004288
198852362725638144
198852364688572416
198852365028311040
198852367272255488
198852367062548480
198852369625260032
198852369629462528
198852370522849280
198852371009376256
198852371382673408
198852372070539264
198852372758405120
198852373630828544
198852373890875392
198852371718213632
198852375509872640
198852375786692609
198852377212764160
198852378420707328
198852379146321920
198852380975038464
198852384649261056
198852384959631360
198852386247278592
198852387853713409
198852392446468097
198852394036101120
198852394388434944
198852394581377025
198852394904330242
198852397018251264
198852398016499712
198852398108786688
198852400239489024
198852400633753600
198852400587608064
198852401950752768
198852401602633730
198852403762692097
198852406296051712
198852406719688704
198852408279965696
198852409089466368
198852408816832512
198852409898962944
198852410028990465
198852411526365185
198852412809814016
198852412516212736
198852413703196672
198852416114933761
198852416546938881
198852417759088641
198852417515831296
198852417868144640
198852418459545601
198852418635702272
198852419092877313
198852414235881472
198852421743685633
198852422339264513
198852423119421440
198852424159600640
198852424251879425
198852425912811520
198852426307084288
198852427523436544
198852428207099904
198852429100498944
198852430560108545
198852430971154432
198852430585278465
198852431885508608
198852432850190336
198852433529679872
198852435664576512
198852435744268288
198852436851564545
198852437665267712
198852438944530432
198852439242317824
198852440316059648
198852441624674304
198852441633067008
198852441851183105
198852442044121089
198852441515626496
198852443101085697
198852443168190465
198852444803973121
198852446368432128
198852447681265664
198852448281042945
198852448377516032
198852449379954690
198852451120590848
198852453595230208
198852454249541633
198852453687496704
198852455113564161
198852455855947777
198852455595917312
198852455851765760
198852456489291777
198852456573177856
198852457789534208
198852459479826432
198852459911856128
198852460318695424
198852460561965056
198852460666814464
198852461589561344
198852462562648064
198852462671695872
198852462902394881
198852463661563904
198852464643022849
198852464919842816
198852465528016896
198852464974372864
198852466735980544
198852470095622145
198852470921900032
198852472213745666
198852472385703936
198852473358778369
198852473769824256
198852474499637248
198852476303187968
198852476303192065
198852477322399744
198852482804367360
198852485920722944
198852486495350784
198852487929790464
198852487959166976
198852488227586049
198852490144387073
198852490203115521
198852491239096320
198852491935363072
198852492811964416
198852493789249536
198852495303380992
198852496276471808
198852496330989569
198852496775577601
198852497530560512
198852498646249472
198852500495929346
198852501561294848
198852501234139136
198852509324935168
198852509513687041
198852511048802304
198852511346601984
198852511736664064
198852512411955200
198852514848837632
198852515557670912
198852516853727232
198852515746418688
198852516799201281
198852518414004225
198852519236083714
198852519722622976
198852517734526976
198852522029494272
198852522302124032
198852524076310528
198852524978081792
198852528820060160
198852532200669184
198852533211508737
198852535656783872
198852536243994624
198852536910872576
198852537393217536
198852535371567104
198852539456831488
198852540304080897
198852540903849985
198852541784657922
198852542338301953
198852542803869697
198852543965696000
198852545282707457
198852546679422976
198852548164202496
198852548889808896
198852550005489666
198852549397319680
198852552538853377
198852553000230912
198852553243504640
198852553377718272
198852553511927809
198852553549676544
198852553650356225
198852554304667649
198852554174627840
198852554640195585
198852555881709568
198852557064519680
198852557102256128
198852558918402048
198852559023243265
198852559782420480
198852560294121473
