198834946280927233
198834946398359553
198834946238971904
198834946364801025
198834946595504128
198834946205433856
198834946767462402
198834946780045313
198834947363057664
198834948101259264
198834948344524800
198834948331937793
198834948529061891
198834948805898241
198834948260626432
198834948449374209
198834949078532097
198834948982059008
198834949648949248
198834950127099904
198834949036580865
198834950345207808
198834950089347072
198834950919831554
198834951406358528
198834951490248704
198834952530436098
198834953394470912
198834953050537986
198834953012781056
198834953151188992
198834952949870593
198834952471724032
198834953029554177
198834954304622595
198834954543710208
198834955147689985
198834954661142528
198834955311259648
198834954535313408
198834956850569217
198834957051887616
198834957089652736
198834956531806209
198834957005766656
198834957651681280
198834957739761665
198834957861404673
198834958201135104
198834957601353728
198834958247264256
198834958020784128
198834958800924673
198834957894942722
198834959098720257
198834958998056961
198834958645739520
198834959123881985
198834960210206721
198834959480401920
198834960113737730
198834960914845696
198834961418166275
198834960801595392
198834960692551682
198834961455919104
198834961657241601
198834961896325121
198834962521260032
198834962978451457
198834961996972032
198834963519504384
198834963771166721
198834964215758848
198834964278673411
198834963930546176
198834964157054977
198834964475809792
198834964769423361
198834964966551552
198834965088190464
198834965184647168
198834965172068352
198834965465669633
198834963448201217
198834965427916800
198834965885108224
198834966153535488
198834966405189632
198834966438748160
198834966799458304
198834966916890626
198834966136750081
198834967617351682
198834967575396352
198834967747366912
198834967969677312
198834968187781122
198834968087101440
198834969064386560
198834969051807747
198834969274093568
198834968955338752
198834969764831232
198834969920012289
198834970071019522
198834970343645185
198834970507227136
198834972214304769
198834972755378177
198834973279649792
198834973376122880
198834974483423232
198834974596677632
198834974726688770
198834975393591296
198834975230001152
198834975771078658
198834975880122368
198834975519412227
198834975624269824
198834976437972993
198834976605736960
198834976530239488
198834976693817344
198834976777703424
198834977025171459
198834977025163264
198834977339744256
198834977373306882
198834977247461376
198834977696264195
198834977792724995
198834978086330370
198834979361390592
198834979537559552
198834979722100736
198834979873103872
198834980980396034
198834981005561857
198834980661624832
198834981613748225
198834981722800128
198834981341118464
198834981580185601
198834981647298560
198834982238695425
198834983220166656
198834983224356866
198834983744438272
198834983958364160
198834983622811648
198834984264544258
198834984277127169
198834984356818944
198834984507801600
198834985086615552
198834985401196544
198834985980002305
198834986823069697
198834986990845953
198834986948902912
198834987464794112
198834988773412864
198834988542734338
198834989037658112
198834989402570752
198834989691973632
198834989746495489
198834990438547456
198834990480494594
198834990992199681
198834991290003456
198834991541657601
198834990807650304
198834991260635139
198834991747174401
198834992065949696
198834992556670976
198834992367935488
198834993378766848
198834993533956096
198834992640557056
198834993974362114
198834994108567552
198834993575890944
198834994603495424
198834995085848577
198834994297311232
198834995362660352
198834995849203712
198834994918072321
198834996428021760
198834995819847680
198834996516098049
198834996675477504
198834997015232512
198834997115879425
198834997208158210
198834997870854145
198834997950545920
198834998118330368
198834998772629504
198834998885888001
198834998806192128
198834999573745665
198834999468900352
198835000039321600
198835000165138432
198835000257417216
198835001847070720
198835002077741056
198835001989668866
198835002132267010
198835002279084033
198835002010640385
198835003344424961
198835004070039554
198835004317507585
198835004544000002
198835004988604416
198835005064097792
198835005127004160
198835005781319681
198835006137839617
198835006204948480
198835006460796929
198835006347550722
198835006876041219
198835006817304576
198835007714893824
198835008377593856
198835008713142272
198835008927051776
198835009124188161
198835009266790402
198835008750878722
198835009954643968
198835010114043904
198835011074535424
198835011078721536
198835011405885440
198835009614921728
198835012957782016
198835013066833920
198835013461086210
198835013406560256
198835012764839938
198835013872140290
198835013624676352
198835014266400768
198835015289802753
198835015465963520
198835014031511553
198835015533076480
198835016132857857
198835016350961665
198835015595991042
198835015998652417
198835016443240448
198835016552292352
198835016686505984
198835017718300672
198835019219877889
198835018758504448
198835019182129152
198835020008407040
198835020041945090
198835020318777344
198835020952109056
198835019752546304
198835021136662528
198835021468016640
198835021979721728
198835022097166337
198835022294298624
198835019983237120
198835022478839809
198835021866475520
198835019588968448
198835022881501184
198835022139105281
198835023326085121
198835023934259200
198835024206901248
198835024139780098
198835024123006977
198835024341114880
198835024693428224
198835025930764288
198835025620369408
198835025511325697
198835026278875137
198835026211774465
198835026106916864
198835027201622019
198835027562348544
198835027881115649
198835028405399552
198835027927236609
198835028766097408
198835028900315136
198835029110030336
198835028766101504
198835028946464769
198835029701443584
198835030066343941
198835029567213568
198835030540288002
198835030762590209
198835030871654400
198835031035215872
198835031513374721
198835030481580032
198835032096374784
198835032234786817
198835032427741184
198835032658415618
198835033455345664
198835033430179841
198835033136570368
198835029323939840
198835033757323264
198835033493078017
198835034625552384
198835035418275841
198835035451834368
198835035690905601
198835036785618944
198835036856918016
198835036894662657
198835035783168001
198835037867745281
198835037599313921
198835038429786113
198835039172165633
198835039151202304
198835038857601024
198835041764249600
198835042192068608
198835042309509120
198835042401792001
198835042351448064
198835042041073664
198835042850570243
198835042888323073
198835042850570240
198835042888335360
198835043219673088
198835043605553152
198835044373102593
198835044511531008
198835044041756672
198835044415057920
198835044310200320
198835044553457664
198835044587012096
198835045182615553
198835046029860865
198835046197637121
198835046415740930
198835046369595393
198835046940016641
198835047153926145
198835047682416640
198835047208464384
198835047959248898
198835047682408448
198835048047316992
198835048328343552
198835048219279361
198835047799848961
198835048215101440
198835048617742337
198835049259474945
198835048663887872
198835048965877760
198835048739377154
198835049787949056
198835049867657216
198835050664558593
198835050706505728
198835050526158849
198835051096576000
198835051075612673
198835051302109184
198835051776049153
198835052233232385
198835052308733953
198835052472311808
198835052510052355
198835052862377985
198835053185347586
198835053378281472
198835053571223553
198835054271660032
198835054733037568
198835054280052736
198835053139202052
198835055089565696
198835055399927808
198835055127302144
198835054754004993
198835055622230017
198835055567716355
198835055538343936
198835056511422465
198835056498835456
198835055928422400
198835056389799936
198835056645652480
198835056968597504
198835056737927168
198835057685839872
198835055731286017
198835058264649728
198835058717626368
198835058692456449
198835059317407744
198835059480993792
198835059636174849
198835059896233984
198835060001091584
198835059954950147
198835060215005185
198835060286304256
198835060462456833
198835060336631808
198835061016117248
198835060667985920
198835061376811009
198835061582336001
198835061913686016
198835062115008512
198835061708173312
198835062358278144
198835061527810048
198835061565562880
198835062819659777
198835063503331328
198835063058739200
198835064178618369
198835064329609217
198835064375738369
198835064480600065
198835064526741504
198835064820334592
198835065017470976
198835065545953280
198835066787467264
198835066506452994
198835067571798018
198835067596976133
198835068507144193
198835068163207168
198835069685731328
198835069765423105
198835069698310144
198835069505388544
198835069689929732
198835070595891200
198835069601857537
198835070851743746
198835071476695040
198835071782883329
198835071124381697
198835071820636162
198835071606718465
198835072126828544
198835072374292480
198835072416219136
198835072827277313
198835072852426753
198835073288650753
198835073062141952
198835073733230594
198835074026831872
198835073481580544
198835074458857473
198835075016691712
198835075117363200
198835075226406915
198835076077862912
198835076128186368
198835076723785728
198835076828639232
198835077164187648
198835077520703488
198835077654913024
198835077185142785
198835078112088065
198835078783180802
198835077772361728
198835079173255168
198835079856922624
198835080305713152
198835080624472064
198835080976809985
198835081031327744
198835081018736641
198835081215885312
198835081660473344
198835082109259776
198835082553856000
198835082574839810
198835082818097152
198835082646138880
198835083375935488
198835081631113219
198835083661152257
198835083627606016
198835083103313922
198835083891851264
198835083937972224
198835084734894081
198835084953001985
198835085468905472
198835085636669440
198835085502451713
198835086488109056
198835087473770496
198835087595417601
198835087889018882
198835087993864193
198835088413306880
198835087264067585
198835088367165441
198835089143115776
198835089579323392
198835089596104704
198835090086830081
198835089940025344
198835089868726273
198835090695000068
198835090946662400
198835091110240256
198835091307376642
198835090938281986
198835091043135489
198835091487735808
198835092041383937
198835092150431744
198835092192374787
198835092523720706
198835093295464448
198835093882675203
198835093727485952
198835093933015040
198835094063038464
198835094511820800
198835093966561281
198835093874282499
198835094427942912
198835095191289856
198835095304548352
198835095015129088
198835095581376512
198835095845601281
198835096281808897
198835099398180866
198835097724653569
198835100048306177
198835100358672388
198835098555129856
198835100492898304
198835100333522945
198835100807462912
198835100899741698
198835101516312577
198835101629546497
198835101747003392
198835101893799936
198835102225149952
198835102262886400
198835102267092994
198835102581661696
198835102166417408
198835102195785729
198835102929793024
198835102921396226
198835102996905984
198835102778802176
198835103223386112
198835103407931392
198835104045465601
198835104326483968
198835101344346113
198835105194704897
198835105723191296
198835105660280834
198835105828048896
198835106125844482
198835107145068546
198835107329613824
198835106809524224
198835108222992384
198835108277526530
198835108394971136
198835108206219264
198835108344627200
198835108474650624
198835107933597696
198835108877320192
198835109212852225
198835108155895808
198835109586141186
198835109716164608
198835110143983616
198835109586145282
198835110269816833
198835110261436419
198835110362087424
198835110521487362
198835110483734529
198835111536508931
198835111561658369
198835111788163074
198835111423258624
198835112236949507
198835112429879296
198835113046450176
198835112413118466
198835114099216384
198835113704947712
198835114011136000
198835113885310977
198835114220855296
198835114770305024
198835115256844288
198835115361697792
198835115462361088
198835115768561664
198835115915350016
198835116137660416
198835116125065216
198835116192186368
198835116028600320
198835116406083584
198835115567226882
198835116687097856
198835116896825345
198835116821327874
198835116972314624
198835117173641216
198835117282697217
198835117752451074
198835117752459264
198835117811187713
198835118029287424
198835119891558402
198835119925112832
198835120269037570
198835120403255297
198835120566845440
198835120772349952
198835121099522048
198835121338580992
198835121758023681
198835121921593346
198835121841905664
198835122072584192
198835121808343040
198835122500407296
198835122349424640
198835123339264003
198835124278804480
198835123708370944
198835124018757632
198835124601753600
198835124534640640
198835124962463744
198835124568203264
198835125922955264
198835126040412163
198835126057172992
198835126334009344
198835126778597378
198835127495827456
198835128401788929
198835128414371841
198835128108204032
198835128674422787
198835128724750336
198835128850591745
198835129106436098
198835129110626305
198835129110638593
198835129110642688
198835129584594945
198835129735589889
198835129601368064
198835129697845248
198835130306007041
198835130469584897
198835131040022529
198835131430092800
198835131421687808
198835131568488449
198835131841134592
198835132063432704
198835132252176385
198835132449296385
198835133317525505
198835133426581504
198835133439160321
198835133443342337
198835133963452416
198835134303174657
198835134525476865
198835134416437249
198835134814896128
198835135720861697
198835135674720256
198835135444041728
198835136081563649
198835136299671553
198835136555520001
198835136849121283
198835137029472256
198835137151123458
198835137331462144
198835137318895616
198835137516027904
198835137365028864
198835137100779521
198835137822203904
198835138279383040
198835138153562112
198835138732363776
198835138711388161
198835138866589696
198835138824646657
198835137998364674
198835139076296704
198835139202129920
198835139214721024
198835139973890050
198835139634147328
198835140099710976
198835139856445441
198835140301037568
198835140389113856
198835140594634753
198835140661747715
198835140695310337
198835140791762944
198835140661755905
198835141114728450
198835141160878082
198835141001482240
198835141337026564
198835141047619584
198835141420920832
198835141878087681
198835142008111104
198835141722906626
198835142423351297
198835141899063299
198835142788255745
198835143010553856
198835142997983232
198835143102824449
198835143220269056
198835143379664896
198835143270608897
198835143513866240
198835143098642432
198835143929118720
198835143862009856
198835143438385152
198835143622934529
198835144143015936
198835144382091264
198835144294006784
198835144327577600
198835144667312128
198835144826683392
198835144797339648
198835144906375168
198835144734416896
198835145204187136
198835145300656129
198835145590046720
198835145908813824
198835145971740672
198835146118533122
198835145879470082
198835146810597376
198835146290499585
198835147364245505
198835147842400257
198835148198912003
198835148505092096
198835148387663873
198835148920328192
198835148479930368
198835149469786113
198835149465600000
198835149155205120
198835149851471873
198835150195404801
198835150551908353
198835151072014338
198835151927656448
198835151386578946
198835152154144771
198835152200273920
198835151415943168
198835152477093888
198835152187699200
198835152590348290
198835150883266561
198835152925900801
198835152951066624
198835153798299651
198835153932529665
198835153949294592
198835153894780929
198835153366290434
198835154360336386
198835153802498048
198835154666536961
198835155207602177
198835155442470912
198835155543142401
198835155689930752
198835155757056000
198835155593474048
198835154381312000
198835156033875969
198835156000309248
198835156063240192
198835156092600320
198835155572502528
198835156730134528
198835156985987072
198835157099225088
198835157120200704
198835157250224128
198835157371863040
198835157531246593
198835157627703296
198835157896134658
198835157967454209
198835158613360642
198835158135226369
198835159162826753
198835159485788160
198835158755966976
198835159909412864
198835159875858433
198835159993303040
198835160022659072
198835160131710978
198835160567914497
198835160739880960
198835161465503744
198835161478070272
198835161599709184
198835161796853762
198835161817825281
198835161436131328
198835161981399040
198835161981399041
198835162602143745
198835162866397184
198835162866393088
198835162300157954
198835162744754176
198835162870587393
198835163122237442
198835164024016896
198835164091125760
198835164363755520
198835164359569408
198835164409896960
198835164384739328
198835164049195009
198835164607037440
198835164657360898
198835164967743488
198835165131317249
198835165320060928
198835164913209344
198835165601087488
198835165554933761
198835166179897344
198835166205063168
198835166137946112
198835166133747712
198835166632886272
198835166955831297
198835167144583168
198835168088293377
198835169078165504
198835169220759555
198835169086541824
198835169317236737
198835169266905089
198835169560498177
198835169627602944
198835169149464576
198835169673752576
198835169845719040
198835169921216513
198835169971535874
198835170332254208
198835170420326400
198835170294509568
198835170655219712
198835169908633600
198835170818793472
198835170990751745
198835171183689730
198835171443736577
198835172072886272
198835172014174208
198835172513292288
198835171951247360
198835172672679936
198835172458770433
198835172630740992
198835172823670785
198835172945301505
198835172530073601
198835172848832515
198835173377323008
198835173419266048
198835174513983488
198835174954381314
198835175025680384
198835175197655040
198835175289925632
198835175436726272
198835175570939904
198835175445106688
198835175671611392
198835173998067712
198835175793233921
198835176116195330
198835176388825088
198835176627908608
198835176128774146
198835176686620672
198835176623718402
198835177441607680
198835177902968833
198835177919746049
198835178083332096
198835177789726720
198835178183987200
198835178171412480
198835178330783744
198835178611802113
198835177827483649
198835178766999552
198835178720870401
198835178829922304
198835179656187907
198835179731697664
198835180419555328
198835180780273665
198835180620881920
198835180834799617
198835181086453760
198835181052903424
198835180901892096
198835181539434496
198835180667027456
198835181250027520
198835181606535168
198835181669457920
198835181715587072
198835181866586113
198835182189543424
198835181799489537
198835182759972865
198835183066152960
198835183187804161
198835183301050368
198835183447851008
198835183733047297
198835183791783937
198835183795970048
198835183846293504
198835184047632384
198835183976321024
198835184609673216
198835185482072064
198835185733746688
198835185918279681
198835186161561600
198835186572595200
198835186643910658
198835185809244162
198835186744569856
198835186870386690
198835186874593281
198835187004612608
198835186899750912
198835186992037888
198835187059138561
198835187054952448
198835186258034690
198835186627129345
198835187726028800
198835187763781632
198835187713449984
198835187956715521
198835188577484801
198835188665565187
198835188892057601
198835189265334272
198835189206622208
198835189533782016
198835189449900032
198835189772857344
198835185842786304
198835190028709888
198835190095818753
198835190561390592
198835190573957124
198835190590750721
198835189940621312
198835190863364097
198835191186325504
198835191593189377
198835191865806849
198835191853232128
198835192633364480
198835192151023616
198835192759189505
198835193048604672
198835193052790785
198835193115717632
198835193514176512
198835194021683201
198835194202038275
198835194034257920
198835194717937664
198835195414196224
198835195640676353
198835194969591808
198835195774910464
198835196064301056
198835196190138368
198835196169162752
198835196110446593
198835196890587137
198835197456809984
198835197561667584
198835197595238400
198835197205164033
198835197377118208
198835197825912835
