198785118968614915
198785120147214338
198785120394686465
198785119975260161
198785122307276800
198785124400242688
198785123779489793
198785126220578816
198785124303777792
198785126283476993
198785126686138368
198785129357914113
198785129785724928
198785129626341378
198785126665170944
198785129643130881
198785131836747776
198785132679802880
198785133300563968
198785134416240640
198785134932140032
198785136605667330
198785135745839104
198785136639225858
198785137113182208
198785136869916676
198785139256475648
198785139046744064
198785139961106433
198785140497973248
198785141521395712
198785142699991040
198785142435758082
198785143232671745
198785144293818368
198785144419655680
198785146697154560
198785146600697858
198785147426967553
198785148018372608
198785147858976769
198785147703795712
198785151503835137
198785151164092416
198785150375575552
198785153852653568
198785155387764739
198785154758610944
198785155467448320
198785156163706881
198785156172087297
198785157224873984
198785157422002176
198785157803679745
198785158688686080
198785158638342145
198785158797729792
198785162635513856
198785162761338880
198785162971058177
198785163960913922
198785164770422784
198785166955646976
198785168000024578
198785168893423616
198785169392537600
198785171779096576
198785172878008321
198785172995440640
198785172907368448
198785173356150784
198785172978675712
198785174035628032
198785174425702401
198785175730143232
198785175189069826
198785177240088577
198785177105862657
198785178179608576
198785177768558594
198785178313826306
198785178494185472
198785178661957633
198785179932819456
198785179983151104
198785182914973696
198785183611224064
198785183460237312
198785184450101249
198785185347670016
198785186576613376
198785188707303424
198785189214814209
198785189072220160
198785190515060738
198785190028525568
198785190766710785
198785192490569728
198785193300074497
198785194000515072
198785196240285696
198785196991066113
198785197767000064
198785199172104194
198785200161955840
198785201009197056
198785201231499264
198785204024913921
198785204373041152
198785205841051648
198785206738632704
198785206868652034
198785209104220160
198785209179701248
198785211054563329
198785211167809538
198785212459655170
198785212770029568
198785213130735616
198785213382402049
198785212971352066
198785213856350209
198785216146456576
198785216997883904
198785218356850689
198785218788868099
198785218440728576
198785218960818176
198785219044716544
198785220323975168
198785219569000448
198785217081774080
198785220579819520
198785220294606848
198785220512722945
198785222303686656
198785223230636033
198785224019148800
198785224195309568
198785224841232384
198785225462001664
198785226485411840
198785224979656705
198785227466866688
198785227529781249
198785230721662976
198785231682146305
198785232000925697
198785231392747521
198785231187214336
198785235209551873
198785235993899009
198785237642248192
198785237596123137
198785238367870976
198785240326615040
198785240687329281
198785242604113922
198785242784481280
198785243950497794
198785249168211970
198785250535538689
198785251722543104
198785252100018176
198785253442195456
198785254440448000
198785253345722371
198785255224786944
198785256499838976
198785258232102914
198785257825243136
198785259389714432
198785259469422592
198785258819301376
198785259700101120
198785260228583424
198785260882890752
198785264854908929
198785264414502912
198785266046087168
198785265693757441
198785262229258242
198785266654257153
198785267744772097
198785267610554368
198785268898205696
198785266318708738
198785270018080769
198785269716103168
198785270882115585
198785271565795329
198785271737757696
198785269896458240
198785273323196417
198785273327386626
198785272572420096
198785278087925760
198785278847098880
198785279249752064
198785280617095168
198785283154640896
198785283959951362
198785285763502081
198785286422016001
198785286015160320
198785293820764160
198785294839988225
198785292474388481
198785295662059522
198785296404459520
198785298577108992
198785298736484352
198785297922797568
198785302003851265
198785301034962945
198785302708498434
198785302612025344
198785302754639872
198785303979360257
198785304277172224
198785304306520064
198785304637865984
198785302897238017
198785305246044160
198785304788869122
198785303673180161
198785305602568192
198785307099938816
198785307339001856
198785306189766657
198785308521803776
198785308555354112
198785309889138688
198785309700395008
198785310744788992
198785311021613057
198785311873040384
198785312711901184
198785312959373312
198785306462388224
198785315169771520
198785315429814273
198785316352573440
198785316126076929
198785316641972224
198785319527649281
198785319875784704
198785320920154112
198785321113092097
198785320735621120
198785320941125632
198785322576904193
198785322719526912
198785322375589889
198785323499659265
198785324212699138
198785325038977025
198785326821548033
198785327761072129
198785327870132224
198785329195520001
198785329703043072
198785331301056512
198785332358021120
198785332890697728
198785335352754176
198785335507959808
198785336346816512
198785338716590080
198785341317058560
198785343674265600
198785345049989121
198785345947566080
198785347986010112
198785349340758016
198785350729080833
198785352239030272
198785353082089472
198785353518292993
198785354889834496
198785354801750016
198785356055855104
198785357549015040
198785360724099072
198785361084825600
198785362133397506
198785362447974401
198785362850615298
198785364029210625
198785364117295104
198785363827896321
198785365165867009
198785367724408833
198785366763905028
