198843754323521536
198843754847813632
198843754940088320
198843754906521600
198843756261277696
198843755091066880
198843756336783361
198843757687357440
198843757918027778
198843755284021248
198843761214767104
198843760468168704
198843760510107648
198843760589811713
198843763290935296
198843763223838720
198843763093807104
198843763639070721
198843764305952768
198843764289179648
198843765266448385
198843765455208448
198843764893171712
198843765891416064
198843765954322432
198843766558306304
198843766956752897
198843767099359232
198843767694950401
198843767975972864
198843768806449153
198843768814829568
198843769079083008
198843769313955840
198843769360093184
198843769775329280
198843769334927360
198843770354147329
198843770765180928
198843770341568512
198843771176230912
198843771524358144
198843771352383488
198843771679547393
198843771851522048
198843773306933248
198843772904288256
198843773436968960
198843772723924992
198843773176922112
198843773374050304
198843773768310785
198843773705388032
198843774108053505
198843774238068736
198843774468755456
198843774602977280
198843774770753536
198843775097905153
198843774602969088
198843775479582720
198843775764799490
198843775844499456
198843776112922625
198843776897265664
198843776951791616
198843776284889089
198843776985350144
198843776544940032
198843775936770049
198843777576734721
198843778503675904
198843779598401536
198843779053129728
198843779845853184
198843779703255041
198843777413156864
198843780789575681
198843781213200386
198843781192224768
198843781334835202
198843781410324481
198843782073040898
198843782630871040
198843783780118529
198843784073711616
198843784249868289
198843784769961984
198843784174383105
198843785533337600
198843786397368322
198843787420778496
198843787248799744
198843787940855808
198843784077901824
198843787404001280
198843786103754754
198843788188323840
198843789165600768
198843788809089024
198843788960083970
198843788976861186
198843789270454272
198843788083474434
198843789698269184
198843789769572352
198843789861859328
198843790012841984
198843791506026496
198843793598971904
198843793695457280
198843793984864256
198843794471399424
198843794379112448
198843794702073856
198843795327029248
198843795809370112
198843796077821952
198843796220424193
198843797336100864
198843797944287232
198843798103658496
198843796736323584
198843798367907840
198843798946725888
198843797831024641
198843799949148160
198843800536350720
198843800234364928
198843801421352960
198843801824006144
198843802180521984
198843802973241345
198843803526905856
198843804550303744
198843804776808448
198843805217210370
198843807125602304
198843807784112128
198843808446820352
198843808232910848
198843808799133696
198843809373765632
198843807196921856
198843810246176768
198843810720137216
198843811324108800
198843813148622848
198843813886828545
198843814910242816
198843815421943808
198843816743157760
198843817212915712
198843819431690240
198843820442517505
198843821717594112
198843822355128321
198843822397079553
198843823445639170
198843823152050176
198843823458234368
198843824188039168
198843825056264192
198843825244999680
198843825895120896
198843825945448448
198843825773486080
198843826721402881
198843828269092864
198843829607088129
198843829489635328
198843831045730304
198843830655660033
198843831876190209
198843831339323392
198843832467603456
198843833130303488
198843833742655488
198843833935597568
198843834485063680
198843835147751424
198843834967408640
198843835193892864
198843836536061952
198843836385083393
198843836485730304
198843837878255616
198843838524170240
198843838817767424
198843840000573440
198843840407412737
198843838343806976
198843841229500416
198843842080944128
198843843179847680
198843843196628992
198843843301490688
198843843322445825
198843844777869312
198843844735926272
198843845545431040
198843846078119936
198843846900187136
198843846682083328
198843847667752960
198843847491592192
198843848552751104
198843848745689088
198843849827827712
198843850566021121
198843851757199360
198843851786563584
198843852126289920
198843853111963648
198843853296504833
198843853082595329
198843853338447873
198843853971791872
198843854923894785
198843855590789120
198843855515287552
198843855678869504
198843856370933760
198843856626778112
198843858543575040
198843859323723776
198843859978035200
198843860628152320
198843860179361792
198843861026615296
198843861492187137
198843861919997952
198843862259744768
198843861974519809
198843863228624896
198843863891316736
198843863392194560
198843864759541760
198843865262854146
198843865258668032
198843866038804481
198843866156253184
198843865879412736
198843866294648832
198843866521153537
198843866110099456
198843866948976640
198843867393564672
198843868333096961
198843869348102144
198843868786069505
198843868022710272
198843869704622081
198843870572843010
198843870379913216
198843870337961984
198843871713693696
198843872745500672
198843872703557634
198843873412390913
198843873630502912
198843873399816192
198843873194283009
198843874297380864
198843873798266881
198843874846846976
198843874821672960
198843875178184704
198843874540658688
198843875383709696
198843875673128960
198843877090787330
198843878042902528
198843878420389888
198843878797869056
198843879053725696
198843879238279169
198843879447986176
198843879917760512
198843880714678272
198843881301868544
198843881549344768
198843881637425156
198843880916000768
198843881662595072
198843881637425154
198843881503195138
198843884573442048
198843884166582272
198843884883808256
198843885848502272
198843885974339585
198843887391997952
198843888000172032
198843887610109952
198843888457367552
198843888100847616
198843888558026752
198843888776118273
198843889736613889
198843890034425858
198843891280121856
198843892047675392
198843891863126016
198843892194492416
198843891397570560
198843893188530176
198843893498912769
198843894182576130
198843894933368832
198843895713497089
198843895432482817
198843895814176768
198843897416396800
198843898028756992
198843898062323712
198843897554800640
198843898888601600
198843899727458304
198843900381773824
198843901585526785
198843902000762880
198843902239838208
198843901765877761
198843902436970496
198843902726373376
198843902797680640
198843903292604417
198843903846264832
198843904127275009
198843905544957953
198843905725317120
198843906538995712
198843907923116032
198843908027973633
198843907998629889
198843908564844544
198843908610981889
198843908619386881
198843909089148928
198843909437259776
198843909173026816
198843908950728704
198843910695555072
198843911379226624
198843915061829633
198843916211077121
198843916060078081
198843917192544256
198843917024759809
198843917490335745
198843917872021504
198843919277101056
198843919763644417
198843920023687168
198843919885275136
198843920870936576
198843921508483072
198843921474916352
198843921420386304
198843922070519808
198843922783535104
198843924016668674
198843925006516224
198843925404987392
198843925430145024
198843926470340608
198843927321784320
198843927560863744
198843927749599232
198843928076759040
198843928605245443
198843929125322752
198843929225994240
198843930106793985
198843928441655296
198843930886942720
198843931528663040
198843932166201345
198843932514336768
198843932740820992
198843933424488448
198843932946350080
198843933424488450
198843934041047041
198843934603100160
198843934900883456
198843934926057472
198843935043497987
198843936431816704
198843937778188288
198843938579292160
198843938847727616
198843940286369792
198843940730978305
198843940953264128
198843940881969153
198843941779546112
198843941532078080
198843941955698688
198843942161235968
198843942278660096
198843942580654080
198843942786187264
198843943998324737
198843946716237824
198843942433861632
198843947248914432
198843947488002048
198843947982929920
198843947689324544
198843947794178048
198843948238770176
198843948331040768
198843948154892289
198843949056655360
198843949543206912
198843949836800000
198843950533050369
198843950700834817
198843951409668098
198843951543889920
198843951778766849
198843952034619392
198843951581630464
198843951413866497
198843952487608320
198843953087393792
198843952978333696
198843954479906816
198843954601525248
198843955230683138
198843955478151169
198843956296028160
198843956723843072
198843956568653824
198843956883243009
198843957105537025
198843957264912384
198843958141521920
198843957319450624
198843958439317505
198843958447714305
198843957839527936
198843958506422275
198843952374358016
198843955218104320
198843959383040000
198843960205115394
198843960477749248
198843961366953984
198843958548373504
198843961543098368
198843962113531904
198843962793000960
198843963090796544
198843963912892416
198843963849977856
198843964059693056
198843964181315584
198843964919529473
198843965821304832
198843966953750528
198843964567199744
198843967092178944
198843967410941952
198843967100567553
198843967914246144
198843969168347136
198843968727949312
198843969931718656
198843970242101250
198843970456006657
198843970971893760
198843971651371008
198843972548956160
198843972339253248
198843972272140288
198843972465074176
198843972909662209
198843973228437504
198843973723365377
198843974067306496
198843974549643265
198843975837298688
198843975896010752
198843976395128833
198843977217220608
198843976994918400
198843977963806721
198843978349678592
198843977892499456
198843977586311168
198843978706194432
198843979381489664
198843979331153920
198843981675757568
198843983156350977
198843983785492480
198843983743565824
198843984171372545
198843983957467137
198843985085739008
198843984855052288
198843984062324737
198843986474049536
198843986553737216
198843986713120768
198843986792812545
198843988546027520
198843989217124352
198843986885091328
198843990156656640
198843990416691200
198843990123089920
198843990584463362
198843992023105536
198843990353776641
198843992811638784
198843992857780224
198843993273012224
198843993612763136
198843993763749888
198843993239457792
198843993868607488
198843993524670464
198843993642115072
198843994426454016
198843994480984064
198843994682306561
198843995143671808
198843995311452160
198843996213215234
198843996582313984
198843996049641472
198843996527788032
198843997412794368
198843997731553280
198843997442154496
198843997593141249
198843998159388672
198843998281007104
198843998478151680
198843999199563777
198843999207956482
198844001330282496
198844001971994624
198844000956981248
198844003523903488
198844003368710144
198844003188346880
198844003792322561
198844003817500672
198844004408897537
198844005319065600
198844004043988992
