198857596256530432
198857597242187776
198857597963603968
198857598475309056
198857599171575809
198857599062519809
198857601738485760
198857604246671360
198857605463027712
198857598282366977
198857606712918016
198857605731467264
198857609300815872
198857611519594496
198857611733499905
198857611939033088
198857613641916416
198857614325583873
198857616129146880
198857616162693120
198857618272419840
198857619333582849
198857620424097793
198857623943131136
198857625029447680
198857625394348032
198857626241609729
198857627030130688
198857629286666241
198857629492195328
198857633732628480
198857635494232064
198857636819640320
198857640489660417
198857641047490563
198857639357198337
198857642649722880
198857644478431232
198857645065650176
198857645338279937
198857645933862912
198857646579789824
198857646290374656
198857646718197760
198857645522825217
198857649993957376
198857650174300160
198857651923337218
198857656163774464
198857656046338048
198857656553844736
198857658386759682
198857657732431873
198857659837984768
198857660144173057
198857660228046848
198857661155000320
198857662065152000
198857661901574145
198857663763857408
198857664632078336
198857664971816960
198857665563205632
198857665844228096
198857667756834818
198857670202097664
198857670457950209
198857670772523009
198857671959519232
198857672102129664
198857673045835776
198857673440104448
198857677336612864
198857680566226944
198857682009063424
198857684013948928
198857684437577730
198857684966055936
198857685838475264
198857685783937024
198857686199181313
198857689370075137
198857691039408128
198857695040765953
198857696584273920
198857698186498048
198857699096670208
198857699109240833
198857699251859456
198857699809701888
198857699893592065
198857700635967488
198857694982062080
198857702670217216
198857700954750977
198857704175976448
198857704385679361
198857704477962240
198857704566046720
198857705035804672
198857705178398720
198857705962737664
198857705841098753
198857709985087489
198857710110900226
198857712480686080
198857712531025921
198857715332825090
198857715785809920
198857718595989504
198857718528880640
198857719250296832
198857720516980736
198857720923832320
198857720957374464
198857723499126784
198857723893391360
198857725109731328
198857726112178176
198857729073356800
198857730201628672
198857730881101824
198857733632565248
198857734756642816
198857736019132416
198857736824430592
198857737587785728
198857738456010753
198857740502835200
198857739965956096
198857742872616960
198857743359156224
198857745137532928
198857745691185152
198857747310198786
198857748304240641
198857749235367937
198857749931622403
198857750372024320
198857751181529088
198857750221045760
198857752905396224
198857752695668738
198857752951521280
198857754750881792
198857756810297345
198857758706118657
198857759058440192
198857760421593088
198857764053843969
198857764989181952
198857766159396864
198857767941971968
198857772639584256
198857770383048704
198857773264543748
198857772882862082
198857774128574464
198857779455344640
198857779308539905
198857779472109568
198857780730396672
198857769674215426
198857782118711296
198857784983433219
198857786107502592
198857785000206338
198857787760054272
198857788443729921
198857790238883840
198857790276648960
198857790054350848
198857790486364160
198857791388131330
198857794726801408
198857796027039747
198857796974940160
198857797218217984
198857797516017665
198857797981569024
198857801848725504
198857803962646529
198857804369506304
198857804541460480
198857804751187971
198857806487629825
198857806470852609
198857807129358338
198857807796240384
198857808404430850
198857808849010689
198857809608187904
198857810195398658
198857810061180928
198857810317033473
198857811520782336
198857812498059268
198857812347076609
198857812804255744
198857814838484992
198857815786393601
198857819699679232
198857821893296131
198857822576971776
198857822929301504
198857824229535745
198857825831747584
198857825416515584
198857826259570689
198857826964213760
198857827685642240
198857829174616065
198857829568884737
198857830269325313
198857831284346880
198857830927843329
198857832878186496
198857834501386240
198857837106044928
198857838230122496
198857839505195008
198857846690029568
