198843250910564352
198843252386967552
198843253762703361
198843253267759105
198843255092293632
198843256027627520
198843257059414016
198843256715476992
198843259374682112
198843260196765696
198843260817518592
198843257302695936
198843261027229696
198843261111107584
198843261178228736
198843261337616384
198843261937401858
198843261048201216
198843261845123072
198843261941579776
198843262176460800
198843262545571840
198843261257916416
198843263858393088
198843263287967744
198843263111790592
198843264051322882
198843264584007681
198843265410285568
198843265850687488
198843266068774913
198843266114924544
198843266244939776
198843266223968256
198843267075416065
198843267511627776
198843267507425280
198843267494846464
198843267842965506
198843268224655360
198843268459532289
198843266676965376
198843272653840384
198843272947437568
198843272993579011
198843273241038849
198843272720953344
198843272876130305
198843273748549632
198843271823372289
198843273303965696
198843275547918336
198843275954765824
198843273069076480
198843277011714048
198843276705533953
198843277267570689
198843277024313344
198843274885210112
198843278039326720
198843278492319745
198843278450372608
198843279041765376
198843279297613824
198843280077762561
198843280321019905
198843280191004672
198843280321028096
198843280522350593
198843281294110720
198843281751285760
198843283043135488
198843283340931072
198843282804060160
198843283462557696
198843283462557698
198843283915554817
198843284863467520
198843284817330176
198843284997685248
198843285823950850
198843285777813504
198843286872539136
198843286755098624
198843285043810304
198843288302796800
198843288810291200
198843288923553792
198843288885792768
198843288877404160
198843289523331072
198843290018263040
198843290307670018
198843290332831744
198843290538344448
198843290978750464
198843291268153344
198843291087802368
198843291352039424
198843291377209344
198843291054260225
198843291964407808
198843292560015362
198843292639698944
198843291960213504
198843292308348928
198843293356916736
198843293155598337
198843293465968640
198843293608574977
198843293851848704
198843294166425601
198843294514548736
198843294996897792
198843295651213312
198843296410386432
198843296238419968
198843296867565570
198843297815478272
198843297853214723
198843298427838464
198843298503327744
198843298138439680
198843299275096064
198843299149250562
198843299879071744
198843300139106304
198843300613079040
198843300378185729
198843301061869568
198843301422575616
198843302148186112
198843301904924672
198843302185930752
198843302894764033
198843303133839360
198843303490367488
198843303469391872
198843303964323841
198843304287285249
198843304023044096
198843303490371584
198843304144678912
198843304719290368
198843304593457152
198843305340055552
198843305386196992
198843305872723970
198843305985978368
198843307042942976
198843307537858560
198843307999248384
198843308183785472
198843308481589248
198843308515143680
198843308510945280
198843308632580096
198843307772739585
198843309551132672
198843309702119424
198843309450469377
198843310092193792
198843309802795011
198843310494851073
198843310146732032
198843310205440000
198843311014944768
198843311702810625
198843311711195136
198843312021569537
198843313267290114
198843313586049024
198843313787371520
198843313623797760
198843314492022784
198843314462666752
198843315842592768
198843315548987393
198843314924040193
198843316429787136
198843315842596864
198843316677263360
198843318543720449
198843318300442624
198843318799564800
198843319739101184
198843319432916992
198843319441309697
198843319567138816
198843319646830592
198843321584586752
198843321190322177
198843311413399552
198843322717048833
198843322767384576
198843319860723712
198843323027439616
198843323434270720
198843323690135552
198843324373798912
198843324566745088
198843324768071680
198843326231871489
198843326399651840
198843326554832896
198843327284654081
198843327653744640
198843326345134080
198843328740081664
198843329289531392
198843328874295298
198843329436323841
198843328903647232
198843329717350400
198843329314697217
198843329524416512
198843330648489984
198843330195496961
198843330807869440
198843331004997632
198843331017580544
198843331667693568
198843332544307201
198843332691099648
198843332204568576
198843332825329667
198843331730612227
198843333974564864
198843334050066434
198843334914097153
198843336658927616
198843337640386560
198843337988521984
198843338516987905
198843339116781569
198843340773535744
198843341293625344
198843341734023169
198843341792751616
198843342996508672
198843343210418176
198843344166715394
198843345244655616
198843345483735040
198843345643122689
198843346209349632
198843346704273408
198843346481987584
198843347476033537
198843347845124096
198843347954184192
198843349027926017
198843349594148864
198843349887762432
198843351087325184
198843351443836928
198843352358191104
198843353096388609
198843353578745856
198843353427746816
198843353574547456
198843353046056960
198843354472124417
198843354715394048
198843354908344320
198843356128878592
198843356208578560
198843357605265408
198843357206818816
198843357890486272
198843357722718208
198843357018071043
198843358502858752
198843358993592321
198843360776163328
198843361594060800
198843361027817472
198843361786990592
198843362210623488
198843362390970369
198843361749254144
198843363112398849
198843363586342912
198843363636682752
198843363691208705
198843363154345984
198843364509102080
198843364966281218
198843362210611200
198843362634240000
198843365918384129
198843366421696513
198843366388150272
198843367264755712
198843367176667137
198843367818412032
198843368166539264
198843370603413505
198843370582450176
198843370834100224
198843371194818560
198843370821521408
198843371140300800
198843372104978433
198843372708954113
198843370020421632
198843374525104128
198843375326208000
198843375275872257
198843375519154176
198843376995536896
198843377062641664
198843377066844161
198843376857128961
198843377800843265
198843378148982784
198843377914089472
198843378681647104
198843378610343936
198843379549863936
198843378220281856
198843379604402176
198843379453394944
198843380158038016
198843380501975042
198843380279685120
198843381621858304
198843381756080128
198843382188085248
198843382985011201
198843383035338752
198843382578167808
198843382850785280
198843383781924864
198843384679514112
198843384847278080
198843384838885376
198843384788557824
198843385505783808
198843382678814720
198843386579529730
198843386692763648
198843386994757632
198843386868928514
198843387162542080
198843387632291840
198843391776272384
198843392870981632
198843392589967360
198843393256857601
198843392761933824
198843393705652224
198843393722417153
198843393714028544
198843394024407041
198843394095726592
198843394842308608
198843394863267840
198843395203014657
198843396016701440
198843396448727041
198843396574556160
198843396410974208
198843397274992640
198843397442781184
198843398092881921
198843398214524928
198843398327771137
198843398529089536
198843399602839554
198843400647217152
198843400810803200
198843401653850112
198843401452519424
198843402077470720
198843395358199809
198843402744377345
198843402496901120
198843403428048896
198843403587428355
198843403331571712
198843405189660672
198843405370003456
198843405307101184
198843405260963840
198843406586355712
198843391499452417
198843407437799424
198843407408447489
198843407328755712
198843408268279808
198843408402497537
198843408373129216
198843408171806720
198843408666730497
198843408889032705
198843409484611584
198843409681756161
198843409908244480
198843409862107136
198843410717753344
198843411070066688
198843410906488832
198843411573387264
198843411577577473
198843411397230592
198843412219310080
198843413196578817
198843413020418048
198843413708283905
198843414664593408
198843414798802946
198843415272759296
198843415063035905
198843415876734977
198843416241635328
198843413397909504
198843417181171712
198843417176965120
198843419286708224
198843419286712320
198843419488030720
198843420993794049
198843421476130817
198843421585178624
198843421211893760
198843421857812480
198843422415650817
198843422512128000
198843422965121024
198843423359373312
198843423724290048
198843422776373250
198843424739299328
198843425120989184
198843425624297473
198843426433806336
198843427473997824
198843427851485184
198843427465592833
198843428069580800
198843428967161856
198843429361422336
198843430405804033
198843430615527424
198843430233849856
198843430602940416
198843431219494913
198843431601188864
198843431987056641
198843432054173698
198843433102741504
198843432930783233
198843433492824064
198843433140490240
198843433127907328
198843433782231040
198843434876928000
198843435195711488
198843435296362496
198843435837427712
198843435267014660
198843436156198913
198843436240093184
198843436277837824
198843435988434944
198843436122636288
198843436793737216
198843438068801536
198843438874116096
198843439545196545
198843439947841536
198843439750725634
198843440195321857
198843440962879488
198843441520709632
198843441633968128
198843441365528576
198843442116300800
198843442237931520
198843441835290624
198843442359570432
198843442317627393
198843442451857409
198843442929991680
198843442875482112
198843444112789504
198843438827974656
198843444733554688
198843444284755969
198843445052325890
198843444746129408
198843438349811712
198843447241736192
198843446667128833
198843448424534016
198843448239992832
198843449078853632
198843448357429248
198843449078841344
198843449456336897
198843449691209728
198843449447948288
198843450152591360
198843449603129345
198843450672676864
198843451658354690
198843444771299329
198843451171811328
198843451582844928
198843452912439296
198843452627234817
198843453818408960
198843453503848448
198843453638049794
198843454455939073
198843455571636224
198843456347578370
198843457115136000
198843457190633473
198843456855080961
198843457475850240
198843457568129024
198843458373435392
198843458411175936
198843459057106944
198843461246521344
198843461301055488
198843461326213120
198843461980528640
198843462831976448
198843464912338945
198843463616311297
198843465793142784
198843465264664576
198843465931558912
198843465218539520
198843466132881408
198843466430689280
198843467064016896
198843467441512448
198843467638652928
198843467475075074
198843463821828099
198843468162936833
198843469358313472
198843469563834368
198843469857423360
198843471560314880
198843470918590465
198843471501606913
198843472051048448
198843473355472896
198843473535836161
198843473510666240
198843473686822912
198843473477124096
198843473540030465
198843474995453952
198843474848657408
198843475167424513
198843475075141632
198843475188396032
198843475343589376
198843475364544513
198843476371193857
198843475062566912
198843476304080897
198843476874493952
198843476748668928
198843477222637570
198843476866117632
198843477814018048
198843478195703808
198843478334115840
198843478317346816
198843478308962304
198843478162161664
198843478678048769
198843479105863681
198843479592415232
198843480225751040
198843480297062400
198843480359960576
198843480062169089
198843480523538432
198843479898595329
198843481207209985
198843481198829570
198843480972337152
198843481295302656
198843482109001730
198843482171916288
198843481911853056
198843482780082177
198843483124011008
198843482993991681
198843483090452480
198843484550074368
198843484029976576
198843484357144577
198843484516515841
198843483497299968
198843484608790528
198843485523152896
198843486156488704
198843486814998528
198843486647234561
198843487112798208
198843487620300800
198843487142158336
198843488513687552
198843489046380545
198843488836657152
198843489360945152
198843489608404992
198843489730043905
198843489386102784
198843490124312576
198843490313048064
198843490900258817
198843490535358464
198843491437133824
198843491034468353
198843492624105472
198843492980625408
198843492968050688
198843492989026304
198843493492330496
198843493286817792
198843493936934913
198843495157469184
198843495451066368
198843494998093824
198843495841136642
198843495329439744
198843497359482881
198843497875378176
198843498424832000
198843499012030464
198843489293836289
198843499158847488
198843500912050176
198843500790415361
198843500895277057
198843501406994432
198843502153568256
198843501687996416
198843501654441984
