198784614624538627
198784614859419649
198784614809092096
198784615496949760
198784616058994689
198784617543778304
198784617560555520
198784618466525184
198784620806946816
198784623168339971
198784622954426370
198784623558402051
198784623524839428
198784624846053377
198784625584254976
198784626347610112
198784627299721218
198784627496857603
198784628507672580
198784629271048192
198784629296209920
198784629577232384
198784629627551745
198784631150084096
198784632349655041
198784634283233280
198784634287427584
198784634711052288
198784639224135682
198784640130101249
198784642730565634
198784643024166912
198784643045138432
198784643456184320
198784643879800832
198784644026613762
198784645381373952
198784645708525568
198784647444955138
198784647864393728
198784648434827264
198784648778752000
198784649781194753
198784653035962368
198784655229595648
198784656886333442
198784657020567553
198784656416575488
198784657083465729
198784657821667329
198784660665417728
198784661617516546
198784665191063553
198784667359510528
198784667929952258
198784668307427329
198784668617814016
198784669355999232
198784669632823296
198784669892874240
198784670249394177
198784670824022016
198784670320697344
198784670090018816
198784671008567296
198784671235047425
198784672229113856
198784672258461697
198784674452090881
198784675232223233
198784674896683008
198784675450322946
198784675253207041
198784675764908033
198784676482125824
198784676205301761
198784676813484032
198784676809277440
198784678361182209
198784678466035712
198784680206663680
198784680311521280
198784681234268161
198784682324795393
198784682941362176
198784683696340992
198784684858146818
198784685315334144
198784685487300610
198784685936099328
198784686175170560
198784686397472768
198784686309392384
198784686477164545
198784688050016256
198784688247160832
198784688763047936
198784688704335873
198784688263938050
198784690394628098
198784690247831552
198784690935697408
198784691401277441
198784691472568320
198784688293289984
198784696170188800
198784696363139072
198784696925163522
198784697986318337
198784697717886977
198784697977942016
198784698779041793
198784697650774016
198784699114590208
198784700179943425
198784703283728385
198784703552172033
198784704072257536
198784704189702144
198784704856600576
198784704537821185
198784705565433857
198784706236530688
198784707331239936
198784707385753600
198784707922640898
198784707629023234
198784708782469120
198784708480479233
198784708732141569
198784709973639168
198784710799917056
198784711290658817
198784711429062656
198784711689113600
198784713530425345
198784713786261504
198784714159566849
198784712968384512
198784716202180608
198784716550320131
198784719402438656
198784720744624128
198784721185013761
198784721742856192
198784721738670080
198784721801592832
198784723454140417
198784723823247363
198784723621916674
198784726088163329
198784725668728832
198784728046903300
198784726809587713
198784729275838464
198784730831929344
198784731201015808
198784730735456256
198784733151371266
198784733897965568
198784733973454848
198784734954921984
198784735139479552
198784735605043200
198784735802163201
198784736146096129
198784735563104256
198784736431325184
198784736838156290
198784737484083200
198784738717216768
198784736821395456
198784740659183616
198784740701126657
198784742831828992
198784742810853379
198784742781485057
198784742357872641
198784744048168962
198784746615078915
198784747588165634
198784747470733312
198784748250861568
198784748485742592
198784750108934145
198784754802372610
198784755825770496
198784756639473664
198784756102602752
198784755884494850
198784757688049665
198784758145224704
198784758111674368
198784758954725376
198784760502431744
198784761563586560
198784762930925568
198784763228729344
198784764268904448
198784766286372864
198784768450625537
198784771873181696
198784771743154176
198784772586221568
198784772280037377
198784773198577664
198784773295063040
198784774075187203
198784774477840384
198784775442546690
198784775283150848
198784775476088832
198784776499503105
198784778139480065
198784780102414337
198784779884314624
198784783327834113
198784783579488257
198784782958735361
198784784250572800
198784785005547520
198784786033152000
198784787027202048
198784786725220352
198784787509551105
198784787798949890
198784788344209409
198784789019500544
198784789371826176
198784789178892291
198784789724151808
198784787908018177
198784790948884480
198784791456395266
198784791636750336
198784792068763648
198784792131682304
198784792387534849
198784795826851840
198784795327737856
198784795390644226
198784797735272448
198784799081631744
198784799425576961
198784801224921089
198784802692935683
198784804433563648
198784804559388672
198784805113049088
198784805230481408
198784806115483648
198784805800919041
198784805905760256
198784806690099201
198784808585928704
198784808913084416
198784811324809216
198784808967610369
198784811958145024
198784812847345664
198784813400981506
198784814164344832
198784815301001216
198784814961278978
198784816978735106
198784819495309313
198784819147182080
198784819868614656
198784820690681857
198784822171287553
198784823458922496
198784824075489280
198784824419422209
198784823953850368
198784823693819905
198784825434456064
198784825400897536
198784826671759360
198784826755649536
198784827334459392
198784828068462593
198784828664070144
198784826038431746
198784829863632897
198784829972692992
198784832220823552
198784831960776704
198784832220835840
198784832325697538
198784832925474816
198784830522138624
198784833915334656
198784833919520768
198784834624159744
198784840273899522
198784840806576128
198784841456680960
198784841968390144
198784842496872449
198784843146993666
198784843327356929
198784843641921536
198784843755163649
198784845625827329
198784846024294401
198784846758297600
198784847622320128
198784846879924225
198784848482148352
198784848545067010
198784848868028416
198784849551704064
198784849337782272
198784851044872192
198784850298290178
198784852433190913
198784852198305792
198784854563897344
198784854953951232
198784855348215809
198784855889281025
198784858754007040
198784859446059008
198784860360421376
198784861945856000
198784863036387329
198784863187378177
198784864013651968
198784864252723200
