198855582340481024
198855582327902208
198855583162572800
198855583795904513
198855584085323776
198855584227930112
198855585960169473
198855583112237056
198855589038796800
198855584987095041
198855593346334720
198855594222960640
198855594780794880
198855593467973634
198855596890521600
198855598199144449
198855599042207744
198855600380194816
198855601525243904
198855602875805696
198855605954424832
198855607598596098
198855610102583297
198855609909641216
198855613873274881
198855615441936384
198855615651655680
198855618000457729
198855619116146688
198855623511781376
198855623427891200
198855624610693120
198855627412488192
198855627202764800
198855627567677440
198855629815820288
198855630092636160
198855630570786816
198855630960857088
198855630394626049
198855631241871360
198855631833276416
198855632227545089
198855631212515328
198855634614099968
198855635666878464
198855636862251008
198855637487202305
198855638942629888
198855640611946498
198855640456757248
198855640247042048
198855642839126016
198855643594104833
198855643946422272
198855646391709697
198855649986232320
198855650112061441
198855650632138752
198855651613605889
198855652066598912
198855654696427520
198855655912767488
198855657888296960
198855660740415488
198855661319241729
198855662359412736
198855664930529280
198855666897666049
198855667543584768
198855667497447425
198855668684439552
198855669514907648
198855668613128192
198855670991302656
198855671201013760
198855671410728960
198855672086007808
198855672635473920
198855673046507520
198855678280994816
198855678503292930
198855679644151808
198855680273301504
198855682244608000
198855683158970368
198855685541339136
198855688146010113
198855688804515840
198855688649310209
198855690385752066
198855690884890624
198855691878924288
198855692810059776
198855693208530944
198855692789092352
198855693548269568
198855695196635136
198855696987602944
198855697545445376
198855698136838144
198855698027778048
198855700020068353
198855701194485760
198855700993150976
198855702557622274
198855704625414144
198855706290561024
198855706609332225
198855709885071361
198855712057720832
198855712451997696
198855714507194370
198855714691751936
198855716499505152
198855718156238848
198855718340800514
198855718768611328
198855719095767040
198855718978330625
198855720668635136
198855720354062336
198855720714764288
198855721360699392
198855721532657664
198855726620344320
198855728017051649
198855732202971136
198855732291051520
198855733834559488
198855734727946240
198855735583588352
198855735986229249
198855736644730880
198855737718489089
198855739152928770
198855740981649408
198855741363326976
198855742768414720
198855742810357760
198855744941064192
198855745536655360
198855746719457280
198855748179079168
198855747684147200
198855748334260224
198855749055688704
198855751412875265
198855751622606848
198855756387323905
198855757410729984
198855757842743296
198855759268806656
198855763547009024
198855764004175873
198855763853180929
198855765799346176
198855766025830400
198855766667563008
198855766088749057
198855767204433920
198855767258963968
198855768743751680
198855768689221632
198855768668246016
198855766717890561
198855769150603264
198855770127872001
198855766176829441
198855770543099905
198855772883529729
198855773051289600
198855773495885825
198855776855523328
198855776977166336
198855774393475072
198855784195571712
198855787953655810
198855788033355777
198855790025641985
198855790243758081
198855790029836289
198855791711756289
198855792412205056
198855792621916160
198855792953266176
198855792907141120
198855794115092480
198855794391912448
198855795532759041
198855796187078657
198855796967211009
198855798602997760
198855802428211200
198855804143669248
198855805032861696
198855805754281985
198855807549448193
198855808912605187
198855812230287360
198855813002043392
198855814822363136
198855814604259328
198855816575586304
198855817578029056
198855817611579392
198855817624162304
198855819457077248
198855821155774468
198855823190011904
198855823580082179
198855825563975681
198855827027791872
198855826604175360
198855828965572609
198855829577928704
198855829926055936
198855831004004352
198855831784136704
198855832081940481
198855832530714624
198855833352798208
