198848787941302272
198848788662718464
198848787547045889
198848791674241025
198848791686815748
198848792546656257
198848792605372416
198848794656391169
198848795063230464
198848790919249920
198848796808056832
198848796858400768
198848796615114752
198848796954861570
198848797873405952
198848797831462912
198848797361709056
198848798703886336
198848798557089792
198848799337234433
198848799454666752
198848799060393984
198848800578732032
198848800343855104
198848800171900928
198848800499056641
198848801019142144
198848801576984577
198848801883172865
198848802130640896
198848802759774210
198848803619602433
198848803422486528
198848804080975872
198848804307472384
198848804609474561
198848804936622080
198848803762225154
198848804986949632
198848805230227458
198848805360254976
198848805905514496
198848806396243968
198848806920527872
198848806362689536
198848808749244417
198848808921219072
198848808862482432
198848809781047296
198848809189642240
198848810024321025
198848810380828673
198848810963832832
198848811496521728
198848812075331585
198848811605573633
198848812507348992
198848811949490176
198848813027434496
198848810028511233
198848813937602560
198848813555916800
198848814365413377
198848814810021889
198848815309131776
198848814763872256
198848815141355523
198848816093478912
198848816458371072
198848816856842240
198848817221738496
198848818266116097
198848819008516097
198848820254228482
198848820208074752
198848820224851968
198848820346503168
198848821764169729
198848821495730176
198848822569472001
198848821286027264
198848822422675457
198848822464614401
198848823026655232
198848823534166016
198848825195114497
198848823743873024
198848825262223360
198848826004611072
198848826268844032
198848826914779137
198848828818993152
198848828407943168
198848828789624833
198848829116792833
198848828982575104
198848829771087872
198848829653647360
198848830253449217
198848831088107521
198848832270905345
198848832811974656
198848833080401920
198848834300936193
198848834418384896
198848835815096322
198848835924135937
198848836683300865
198848836855267328
198848837413126144
198848837857705985
198848837853528064
198848837874487298
198848838541389824
198848839225057280
198848839237632001
198848840302989312
198848840412041216
198848841452232705
198848841926180864
198848842421121025
198848842488225792
198848842886688769
198848843096408067
198848843134144512
198848843704573952
198848844514078720
198848844363083776
198848844308561922
198848844413403137
198848845906591744
198848846464421888
198848846992904192
198848847659806722
198848847475249152
198848848066658307
198848848301539328
198848848460922881
198848848754511872
198848848179904512
198848848699981825
198848849316552704
198848849551425537
198848849597562881
198848850260262913
198848852281917441
198848853544407040
198848853687013376
198848854496514049
198848854853033985
198848854676873217
198848855066935296
198848855306027008
198848855469592576
198848855620599809
198848855779966980
198848855985496064
198848857231208448
198848857096982528
198848857247973376
198848856874688512
198848857956823040
198848859307384832
198848859194130433
198848861094166529
198848861836550145
198848862306316288
198848861752672256
198848863572992000
198848863321325568
198848863816261633
198848863895957505
198848864839663617
198848864319569920
198848864772562944
198848861517778944
198848865456234496
198848864969703424
198848865544310784
198848866777440256
198848866186047488
198848867721158656
198848867628888064
198848869369528322
198848870443270145
198848870296461312
198848871227588608
198848870346801154
198848868719394816
198848871923847169
198848871944814592
198848872066465792
198848872792064000
198848873517678592
198848873224081410
198848873811283968
198848874448822272
198848874289438723
198848875103125504
198848876537577472
198848876499836928
198848876915081216
198848875031830528
198848877112205312
198848877540016128
198848877560987648
198848877921705986
198848878857027584
198848878534066176
198848879461007361
198848879599435776
198848879742038018
198848879360356354
198848879612018689
198848880627027968
198848881872736257
198848881558167552
198848882581573632
198848883298807808
198848883021975552
198848883521105920
198848883458195456
198848884406095872
198848884779401216
198848886037692416
198848885962182657
198848886998171648
198848887866404864
198848888235495424
198848888646533120
198848888965316608
198848886943649792
198848888118054912
198848890311684096
198848889846120448
198848890756272128
198848890571735040
198848891116990465
198848891251200002
198848892702441472
198848893071532032
198848894199795712
198848894099132417
198848893780377601
198848894115921921
198848894535340033
198848895130935297
198848894640201729
198848895382601729
198848895571341314
198848893872652288
198848896502472705
198848896422772737
198848897215496193
198848897047736320
198848897702035456
198848897928527872
198848898058551298
198848899740479489
198848899853725697
198848900893913088
198848901304942592
198848901153951746
198848901283983360
198848902198329344
198848902189940736
198848902814900224
198848903163019264
198848904421318657
198848904077381632
198848907286036481
198848906971451394
198848907860652033
198848907470573568
198848907827085312
198848907768373249
198848907986485249
198848908770816000
198848909739704320
198848910238818305
198848910385610752
198848909760667649
198848910586945536
198848911186722816
198848910754725888
198848911107039232
198848911123812356
198848911052509184
198848911660687361
198848911669080064
198848910855385089
198848912981889025
198848914084990976
198848915364265986
198848915452342273
198848914986766336
198848915964047360
198848913980141568
198848917427863552
198848917041987584
198848916605775872
198848917796950017
198848918291873793
198848918921027585
198848918338023425
198848919390785536
198848919571136512
198848919701176320
198848919403364352
198848919675994112
198848920514859008
198848920590352384
198848920670044160
198848920913321984
198848922561687553
198848922553290752
198848922909806592
198848923320860673
198848924851765248
198848924843393024
198848925602557954
198848925787099136
198848925455745024
198848925602562048
198848926797926401
198848926701465600
198848927108317184
198848926953123841
198848927368351744
198848927112495105
198848927582257152
198848928337240064
198848928945422337
198848929008320512
198848929373229056
198848929687814144
198848930602164224
198848931491356675
198848931575250945
198848931021586432
198848924524621824
198848924725944321
198848933236178946
198848933064220672
198848933882109954
198848933521408000
198848934389612545
198848934158925825
198848935350108161
198848935580794882
198848935601774592
198848936012816384
198848932388933633
198848935824080896
198848935815680000
198848936352546817
198848937132703745
198848937787015169
198848938281930752
198848938214825984
198848938319679489
198848939296952320
198848939087249409
198848939481505792
198848940072906753
198848939733155841
198848940827869185
198848940899172352
198848941649965057
198848941444444161
198848941465407488
198848941817737217
198848941524140034
198848942878892032
198848942727888896
198848942639820802
198848943365439489
198848943944237056
198848944397221888
198848944271405056
198848946385326080
198848946515353601
198848947505205249
198848947949805568
198848947677171712
198848948440535040
198848948960624640
198848949703024641
198848949447180289
198848950420242432
198848950248292352
198848951473016832
198848951640788992
198848951842111488
198848951959552001
198848951783395328
198848952408358912
198848952966197248
198848952592904192
198848954585190400
198848953586941953
198848955524722689
198848956887871489
198848957017886720
198848958683021312
198848958913716224
198848959488335874
198848959882608642
198848959916150786
198848960335581185
198848960717258752
198848961208000512
198848961346412545
198848961631617024
198848961656786945
198848961803587586
198848962571149313
198848962881536003
198848963938484224
198848964710248448
198848964794126336
198848965410689024
198848964315983873
198848967042281472
198848966878703616
198848966962581504
198848968065691649
198848967864360960
198848967893725184
198848969282027521
198848969575636992
198848968644501504
198848970649378816
198848970225750018
198848970745839616
198848971379179520
198848970963959808
198848971257556992
198848972058656768
198848972704591872
198848972742336512
198848973249851392
198848973396643840
198848973757349888
198848974034182146
198848974902407169
198848975711911936
198848975711911937
198848975665770497
198848976831787008
198848977108606976
198848978119434240
198848977767112704
198848978341736450
198848978308173824
198848977968439296
198848979457421312
198848979738439680
198848979671318529
198848980132708353
198848980409516032
198848981269356544
198848981751697409
198848981273546752
198848981718138880
198848981521022977
198848982179516416
198848982145966080
198848981835579392
198848982422781952
198848982703816704
198848982603141120
198848981462298624
198848983421034496
198848983848853505
198848984436060160
198848985325244416
198848984985501697
198848985023250432
198848985585287170
198848985077792768
198848986038284288
198848986327695360
198848986742915073
198848985786613760
198848986487074817
198848987204288512
198848986998775809
198848987426598912
198848987355283456
198848987732787202
198848988085108736
198848987250434049
198848989091725312
198848990425518080
198848990844952578
198848991805452288
198848991910297600
198848991641866241
198848993256677376
198848990769451008
198848993529315328
198848994124906496
198848995056029696
198848994573684736
198848995282526209
198848995219603457
198848996238827520
198848996507258880
198848994343002115
198848998419873792
198848998717665280
198848999317446656
198848999619440640
198848999615242242
198849000101789696
198848999623622656
198849001892753409
198848999950782464
198849002366709761
198849002970681346
198849003390119936
198849003398500352
198849004757450752
198849004795203585
198849004493225985
198849004463865856
198849005403377664
198849006259011585
198849007169191936
198849007961907201
198849008171622402
198849008901435392
198849008939184128
198849009295695872
198849008863686656
198849010184896513
198849011023753217
198849011170545665
198849011237666816
198849011917135872
198849013339004928
198849013821353987
198849013859102721
198849014999949313
198849015197073408
198849015570378752
198849016996433920
198849017445232642
198849015083843584
198849017659129856
198849019169087488
198849019215220738
198849018518966272
198849018950975489
198849018833547265
198849020171522049
198849018741260288
198849021341736960
198849021803102208
198849022130270208
198849022142857217
198849022419681281
198849023728304128
198849023124324352
198849023355002881
198849023195619328
198849023875088384
198849023887671297
198849024432934912
198849023837351936
198849024944635904
198849024722337793
198849025259216896
198849025624113152
198849025804472320
198849026202943488
198849026240675841
198849026681090048
198849026941136896
198849027624808449
198849028304281600
198849026861445121
198849029537402882
198849029399003137
198849030095249408
198849030711816192
198849030783119360
198849030481125377
198849030896361475
198849031093493760
198849032016244736
198849032238538754
198849033882705923
198849034419580928
198849033970778113
198849035501703168
198849035501707264
198849035501711360
198849035547840512
198849037540143105
198849037548519424
198849037154271233
198849037833740290
198849038714540035
198849038827786241
