198781848258740225
198781848577507328
198781848200036353
198781848325853188
198781849223446529
198781849512853505
198781849059868672
198781850095849473
198781849550589952
198781851014410240
198781852482404353
198781852696317955
198781853602295810
198781853346447360
198781853958811648
198781854386626560
198781855133208578
198781854894145537
198781855405838338
198781857024839680
198781857486225408
198781859067461633
198781860246073344
198781859595960321
198781861873463296
198781862557134850
198781863450509312
198781865669308417
198781869628735488
198781870597611520
198781871197401088
198781871797190656
198781872069808129
198781872640241664
198781874896769028
198781876113117184
198781876473835520
198781877237202944
198781878118002688
198781878503882752
198781879414034435
198781879405649920
198781880470994944
198781881112739840
198781882203250688
198781883188916225
198781884006793217
198781884157792256
198781884803719168
198781885483192323
198781885869072385
198781885927800833
198781887404187648
198781890222768128
198781888557613057
198781891548155905
198781892739342336
198781893477535744
198781893242654721
198781892647059456
198781894941343744
198781895528562690
198781895864102912
198781895432093696
198781897277579266
198781898875600896
198781901929066496
198781902356877312
198781902096830466
198781902994423808
198781903300591616
198781903124430849
198781904609226752
198781904495968257
198781904982515712
198781905779425280
198781906169511936
198781907851427840
198781908564443136
198781905364189184
198781911320117250
198781911269785603
198781911122968576
198781913824100355
198781914532941824
198781915325665280
198781914977550336
198781916416180225
198781917024358400
198781917527670784
198781918572056576
198781918450421760
198781920144920576
198781922523103235
198781923861069824
198781923454234625
198781923877863424
198781924523773952
198781924490223616
198781926012747776
198781926000164864
198781928252514305
198781929515008000
198781932065140736
198781932266459138
198781931712819200
198781931691839488
198781933990313984
198781934783053824
198781935152144384
198781935701590016
198781932279050241
198781936611753985
198781937438040065
198781937811329024
198781935126982656
198781939640041474
198781931909943296
198781939145129984
198781942131462145
198781943473639424
198781944815812609
198781944606097409
198781945541443584
198781945281384450
198781946829078529
198781947751829504
198781949022707714
198781949752524800
198781950549430272
198781950062899203
198781949924487171
198781950582996993
198781950985641985
198781953053433857
198781953175064577
198781953548361729
198781954043285505
198781954689216514
198781955075092481
198781955339325441
198781956362731521
198781958799634433
198781960674476032
198781961148440576
198781961374937089
198781965263056896
198781966722674688
198781966882050049
198781968119382016
198781965992861699
198781968559775744
198781968928874497
198781969583181825
198781969788715008
198781970216525825
198781969725784064
198781970581430272
198781970321387521
198781971248332801
198781970250080256
198781971617427456
198781972099776513
198781973785874432
198781973169315841
198781974108831745
198781974947700736
198781975266467842
198781975337779200
198781975371321344
198781975841079296
198781975979499520
198781978579976192
198781978336694272
198781978168934400
198781976625426432
198781977632055296
198781980949745664
198781978730958849
198781981746675713
198781983214669824
198781984300994562
198781984221310977
198781985102106624
198781986205220867
198781987065049088
198781987320893440
198781987673219073
198781988797300736
198781988419813376
198781989191565312
198781989841670144
198781990957363200
198781991561342977
198781993247449088
198781993171951618
198781993058709505
198781994220519425
198781994400890880
198781995533348865
198781995604656128
198781996409958400
198781997122990081
198781997731155968
198781997676638208
198781997223641088
198782000147079168
198781999698296833
198782000218374144
198782000973348864
198782002114207745
198782003104055296
198782003766759424
198782000117710848
198782004853096448
198782005016674304
198782005847138304
198782005859721217
198782005540962304
198782006555979776
198782006597918721
198782007554220034
198782009437454336
198782010158882816
198782010037243904
198782011849187328
198782013518520322
198782015997358080
198782016534220800
198782017540853760
198782020481060866
198782022540468225
198782022787932161
198782023245119489
198782024625045504
198782025556172800
198782026332127232
198782026059497472
198782026235650048
198782027573628929
198782028899024897
198782028794175489
198782030392201220
198782030165721088
198782028399915008
198782030996176898
198782031470149632
198782031625334786
198782031575003138
198782032749395968
198782033814765568
198782034695565313
198782035412791297
198782035844792321
198782036759166976
198782037182783488
198782038323642368
198782040496291840
198782041075093504
198782041901383681
198782044782854146
198782045281980416
198782045315530752
198782046825496577
198782047223947265
198782045114212353
198782049283350528
198782049883136002
198782049979600898
198782050126409728
198782052290662401
198782054526234624
198782056048766978
198782056740814848
198782056690499584
198782059198693376
198782058632458241
198782061828505603
198782061656551424
198782063539798016
198782063615287298
198782063988576256
198782064005361666
198782064173137920
198782065070706688
198782065473368064
198782065175560192
198782065737613312
198782066559692800
198782067188826113
198782067029454848
198782067524382720
198782068459708417
198782069072084993
198782069004959744
198782069944496129
198782069680250881
198782069910929409
198782070561050625
198782071055990785
198782068904300545
198782071500578816
198782072494620674
198782072360419328
198782073593528321
198782074319147008
198782072054218753
198782077762670593
198782078022729728
198782077393567746
198782078446342144
198782078530240513
198782079121637378
198782079029362689
198782079377473536
198782080077926400
198782081659187202
198782074633732097
198782083647283201
198782083525640192
198782084037349376
198782084037361664
198782083181719553
198782084494536704
198782085056577536
198782085434060800
198782086147092480
198782086042226688
198782085606014977
198782083802472449
198782087099187200
198782088655282177
198782088953081856
198782088571392000
198782088625922050
198782089460580352
198782090781790208
198782091222196226
198782091587108865
198782091402559488
198782091654217728
198782094439223296
198782094665723904
198782095341006848
198782096481853440
198782097555591168
