198828403309293570
198828404114587648
198828407809777664
198828407608459265
198828408657022976
198828409143558144
198828411341389825
198828411387514880
198828411731443712
198828411291045888
198828411991498754
198828412251553792
198828412918435841
198828413866360832
198828414440980481
198828414151561216
198828415506325504
198828415418241025
198828415955107841
198828416026427392
198828416290660352
198828417087569920
198828416995299328
198828417234382848
198828416433274880
198828417049837568
198828417632845824
198828417867710465
198828418048081920
198828418387820544
198828417897082881
198828418559774720
198828419155378176
198828418417168384
198828419369279488
198828419415408640
198828420115869697
198828420128440322
198828419990028288
198828419520266241
198828420610801664
198828420619173890
198828420795346945
198828421374148608
198828421864890369
198828422582124545
198828422494035968
198828423622311937
198828423865569280
198828423420977152
198828424217886722
198828424826073088
198828424947712000
198828425832710145
198828425539092480
198828426164051968
198828423697797121
198828426948386816
198828427355230208
198828427460087810
198828427606888448
198828426658988032
198828427011297280
198828428428967939
198828427824996354
198828428424777729
198828428705796096
198828428575768576
198828429116850177
198828430165409792
198828429808910338
198828430240919554
198828430513545216
198828431578890240
198828431889281025
198828432484876288
198828432275156992
198828433520857088
198828432359034880
198828433332121600
198828433978032129
198828434321969152
198828435148251136
198828436557533186
198828436284899330
198828437400592384
198828438495305728
198828439531294720
198828440621809665
198828440626016256
198828441481654272
198828441582305280
198828442131759104
198828442337296385
198828443570405376
198828443654299648
198828444375728128
198828444342165504
198828444409270272
198828445336207360
198828445420097537
198828445902446592
198828445776625665
198828445919215616
198828446242193408
198828445776613376
198828446313496576
198828447261392896
198828447550808065
198828447894740994
198828448024760322
198828448054120448
198828448775544832
198828449220145153
198828449304023041
198828450096750592
198828450038030338
198828449673129986
198828450314850304
198828450235158529
198828450566516736
198828450952384512
198828451594108928
198828452118405120
198828452567195649
198828452663664642
198828452852400128
198828453116641282
198828453913575426
198828453884203008
198828454060363776
198828454823727105
198828454102310912
198828455343816705
198828455582904320
198828455767453696
198828456002330624
198828456614707200
198828457021546496
198828457185128449
198828457533247488
198828457638113280
198828457319333888
198828457642295297
198828458057543680
198828458065920000
198828458112061443
198828458141421569
198828458158206976
198828458527309824
198828458640543744
198828459194195970
198828458896400384
198828458967699456
198828458686676992
198828459236139008
198828459391320064
198828459294867456
198828459752034304
198828459932385282
198828460137918464
198828461027115009
198828461064855552
198828460557344768
198828461165510656
198828460351823875
198828461207453697
198828458778968066
198828461371031555
198828461379436544
198828461329096704
198828461626888192
198828460460879872
198828461756919808
198828462256029697
198828462209908736
198828462591578112
198828462415425536
198828462402842628
198828462658695169
198828463031980032
198828463031975936
198828463103295488
198828464428695554
198828464269307904
198828464328028163
198828464432881665
198828464902651904
198828464781004802
198828464877481985
198828465175281667
198828465405960192
198828465888313344
198828465917665280
198828465791827969
198828466043486208
198828466177720320
198828465850560513
198828465405960193
198828466496471041
198828466697809920
198828466924298240
198828466907529217
198828467003990016
198828467322761217
198828467373092864
198828467620556800
198828467729600514
198828467884802049
198828467528269825
198828468081934336
198828468232912897
198828468253884418
198828468241313795
198828468480376832
198828467134005249
198828466794270720
198828467830276096
198828468258078720
198828468606222337
198828468773990400
198828468916588546
198828468719460353
198828469449261056
198828469436694528
198828470070034432
198828470078418944
198828470309097473
198828470233600000
198828470955020288
198828471210872832
198828471231856641
198828471252828161
198828471600951297
198828471496089600
198828471881961473
198828471894556672
198828472355926016
198828472410456064
198828472599195648
198828472662110208
198828472884404224
198828472544673793
198828473312223232
198828473119277056
198828473282859009
198828473563881472
198828473580666880
198828473643577344
198828473656164355
198828474155278337
198828474230775808
198828472821485568
198828474054619136
198828474134315009
198828474868314113
198828474981556225
198828474947997696
198828475136737280
198828475161915393
198828474583093248
198828475312898049
198828475287748608
198828475388399618
198828475275153409
198828474876702720
198828475774279680
198828476223062017
198828476172746752
198828476311150593
198828476428591104
198828476441165824
198828476999024641
198828476973858816
198828476864798721
198828477129039872
198828477170982912
198828478060171264
198828478257315840
198828477036756993
198828478186000385
198828478622216193
198828478748041216
198828478521540608
198828478630604801
198828478836117504
198828478852894720
198828478810947584
198828478894845952
198828479205228544
198828478995505153
198828479691763712
198828479721127939
198828480086016001
198828480153124865
198828480362852352
198828480601931776
198828480559980547
198828481134608384
198828480106999809
198828481172357120
198828481516290049
198828481897963521
198828481709219841
198828482346749952
198828482279636992
198828482359328770
198828482376114177
198828482350948352
198828482640351234
198828482204147714
198828483286282240
198828483319840768
198828483181420544
198828483273703426
198828483173031936
198828483332407296
198828483013652481
198828482820702208
198828483676352512
198828483584069632
198828483890253824
198828483999318016
198828483877666818
198828483802185730
198828484133523457
198828484204830720
198828484267737088
198828484343246850
198828484481650688
198828484657811456
198828484662005760
198828484703944704
198828484792025089
198828485018521600
198828485186301952
198828484930437120
198828485211467776
198828485542809601
198828485677031426
198828485626699776
198828485672837120
198828485790285824
198828485941268480
198828485396013057
198828486029352960
198828485823836162
198828486016765952
198828486251659265
198828486507495424
198828486071304192
198828486733991936
198828487140843522
198828487103094786
198828486713024513
198828486989840384
198828487509938176
198828487803535360
198828487845482496
198828487790968832
198828488009060352
198828488105533440
198828488332034048
198828488541736963
198828488449458176
198828488575287296
198828488785018881
198828488831152128
198828488906637312
198828488927621122
198828488961167360
198828488071987200
198828489061838848
198828488944402432
198828489116368897
198828489204432896
198828489351249920
198828489284136960
198828488977944577
198828489539981313
198828489732915200
198828489967812608
198828490064269312
198828490232037377
198828489972006915
198828490630508544
198828490668249089
198828490555015169
198828490735353856
198828482531311616
198828490722787328
198828490961854464
198828491284811776
198828491200933890
198828491054137344
198828491746189312
198828491872026624
198828491721015298
198828491867832322
198828492190793729
198828492241108994
198828492266283008
198828492723453952
198828492794761217
198828492941557760
198828492924796929
198828493042237440
198828493256130562
198828493381971968
198828493352615936
198828493428101120
198828493516181504
198828493662982144
198828493822365696
198828493818171392
198828493902061568
198828494170501120
198828494229209089
198828494308904962
198828494665428992
198828494606704640
198828494728347651
198828494912897024
198828494732525568
198828494594121728
198828494799634432
198828494933868546
198828495139389440
198828495110025216
198828490865393666
198828495428792320
198828495466532864
198828495474933760
198828495240048641
198828495839834112
198828495684632577
198828495848226818
198828494728347650
198828495504277505
198828494178877440
198828496045350913
198828496083103747
198828496234102784
198828495084859392
198828496276029441
198828496234094594
198828496385081346
198828496435429376
198828496594800641
198828496661913601
198828496636739586
198828496791932933
198828496884219906
198828496959705088
198828497165234177
198828497173614592
198828497039396864
198828496821305344
198828497463029761
198828497576267776
198828497488199681
198828497911808002
198828498062815232
198828498108956672
198828498155089920
198828497861476352
198828498465472512
198828498637426688
198828498557730816
198828498809393152
198828499002331138
198828498863931392
198828499086225408
198828499287547905
198828499329495042
198828498855534593
198828499354664960
198828499740536833
198828499648266240
198828499987988480
198828499933462529
198828499371442177
198828500227080193
198828500256423936
198828500189319170
198828500361289728
198828500407435264
198828500273213441
198828500306759680
198828500591980544
198828500675862528
198828500080279552
198828501074321410
198828500923334656
198828500545830912
198828501191757825
198828501342752770
198828501388898305
198828501435031553
198828501485363200
198828501502132224
198828501648949248
198828501632163840
198828501653131264
198828501938339840
198828502001258496
198828501745414144
198828502110306305
198828502181621760
198828502202597376
198828502491987969
198828502085144576
198828502504583168
198828502575886337
198828502676549633
198828502852706305
198828502856904705
198828503012098048
198828503028871168
198828502387142658
198828503066615809
198828502471024642
198828503246974976
198828503427334144
198828503536377856
198828503544774656
198828503695757312
198828502705905666
198828503829975041
198828503867731969
198828503796432896
198828503532187649
198828503490232321
198828503553146880
198828503527989249
198828504039702530
198828503477653504
198828504341692417
198828504022908929
198828504316522496
198828503523794944
198828504513646592
198828503985176578
198828503750295552
198828505243459585
198828505339936770
198828505335742464
198828505327337472
198828505474142208
198828505381871616
198828505646116865
198828505558040576
198828505700646912
198828505964883971
198828506057158656
198828506283651072
198828506342375424
198828506388500480
198828506006822914
198828506635972610
198828506635960320
198828506375921664
198828506950533121
198828507164454912
198828507097333760
198828507382546432
198828507588067328
198828507743260673
198828507755839489
198828508091383808
198828504635281411
198828508401770498
198828507940397056
198828508473065473
198828508548579329
198828508435324928
198828508426928128
198828509005758465
198828509127376896
198828509244817408
198828509282578432
198828509475508225
198828509551001600
198828509693612032
198828509727174656
198828509827837952
198828509366464514
198828509962051584
198828510029152256
198828509978820612
198828509693624321
198828510154997760
198828509551017984
198828509995601920
198828510440206336
198828510373101568
198828510704435200
198828510717026306
198828510888996864
198828510318567424
198828510771552256
198828511002247168
198828511375540227
198828511480381440
198828511459418114
198828511509757952
198828511664934913
198828510834470913
198828510696046592
198828511874654209
198828511794966528
198828511899828224
198828511966920704
198828512218591234
198828512487022593
198828512629637121
198828512440889345
198828511744626689
198828512864518144
198828512927428608
198828513011306496
198828513141325826
198828513091006464
198828513225216000
198828513292337152
198828512830959616
198828513401389058
198828513502040065
198828512340226048
198828513753706497
198828513833390080
198828513829191682
198828514072469504
198828514106032129
198828513594314753
198828514055700481
198828514458337281
198828514173128704
198828514517057536
198828514575777793
198828514512867328
198828514634514432
198828514479308801
198828514710003712
198828514760339456
198828514907136000
198828515037151233
198828515087495168
198828515255263232
198828515188150272
198828515439820801
198828515402063873
198828515200737281
198828515351736320
198828515557244928
198828515376902144
198828515779559425
198828515905384448
198828515909574657
198828515657916417
198828516018618369
198828516387721216
198828516333207553
198828516538724353
198828516148645888
198828516479995904
198828516693913602
198828516861677568
198828516849090561
198828516861689857
198828517000097793
198828517054627841
198828517226582017
198828516681322498
198828517218197504
198828517117526017
198828516991705088
198828517268533250
198828517427916800
198828517364989953
198828517406941185
198828517583106048
198828517717311488
198828517763457025
198828517885100032
198828518040276992
198828517130108928
198828518111592451
198828518178693121
198828518212255744
198828518308716545
198828518266781697
198828518371622913
198828518300319744
198828518346469377
198828519277592579
198828519407624194
198828519453761537
198828519021756417
198828519667679232
198828519877394433
198828519898349568
198828520070328322
198828520133246976
198828519361490945
198828520384901120
198828520498135040
198828520527495168
198828520569446403
198828520657518593
198828520804327424
198828521068576768
198828521097920513
198828521190195201
198828521047597056
198828521261498368
198828520217128961
198828521303453696
198828521454436352
198828521836134401
198828521848705024
198828521949380609
198828522062614528
198828522129731584
198828522150707201
198828522251366400
198828522377195521
198828522020667392
198828522519801856
198828522213613568
198828522574327808
198828522045849600
198828522683367425
198828522746286081
198828522683367424
198828522825990145
198828522775658496
198828522893090819
198828523077644289
198828523266383874
198828523224436737
198828522930843648
198828523413180416
198828522997948416
198828520254873600
198828522607869952
198828523828412417
198828523870367744
198828524210098176
198828523702591488
198828524335935489
198828524495310848
198828524382072832
198828524625342465
198828523408986112
198828524558221313
198828523690000384
198828524780527616
198828524793110528
198828524902162432
198828524633722881
198828525011210240
198828525007015936
198828525149622274
198828525397098497
198828525376118785
198828525476777984
198828525493551105
198828525648740353
198828525627785216
198828525824901120
198828525472587776
198828525892018177
198828526160457729
198828526072365058
198828526353395712
198828526634418181
198828526818951169
198828526777008129
198828526873481219
198828526844116993
198828526957379584
198828526525358080
198828527037054976
198828527301312512
198828527364218884
198828527557156864
198828527984979968
198828527947231233
198828528215670785
198828527670403072
198828527687188481
198828528416989184
198828528534433792
198828528253407233
198828528840605696
198828528031117313
198828528429576193
198828528815448064
198828528987422720
198828528844800002
198828529125830656
198828529092276224
198828529088086016
198828529020977152
198828529159376896
198828529163567104
198828528882561025
198828529226489856
198828528899330049
198828529377476608
198828529499111424
198828529608163329
198828529708838912
198828529754980352
198828529805303808
198828529918550016
198828529335545856
198828529956294656
198828530027601920
198828529717215232
198828530128265216
198828530098900992
198828530174406657
198828529088073728
198828530337988610
198828530409291777
198828530493165570
198828529939513344
198828530233122816
198828530639966208
198828530598019073
198828530694496256
198828530744823808
198828530547699715
198828531239751682
198828531701121024
198828532309303296
198828532250587137
198828532258963459
198828532372213760
198828532456108032
198828532544192512
198828532670017536
198828532640661504
198828532607107072
198828532443516930
198828532548374529
198828532816814080
198828532959424513
198828532955222020
198828532749705216
198828533026533376
198828533215277057
198828533244633088
198828533202681856
198828533206888449
198828533383036928
198828533378846721
198828533546614784
198828533462740992
198828533521453057
198828533638889475
198828533760536577
198828533756338176
198828533827641346
198828533919916032
198828533894742016
198828534171570176
198828534423240707
198828534335160322
198828534481948673
198828534440013825
198828534595207168
198828534775562240
198828534607790082
198828534930747392
198828534259654656
198828535064961024
198828535115288576
198828535136260097
198828535400497152
198828535408893953
198828535551492097
198828535593443328
198828535580868609
198828535878660096
198828535853490176
198828535442448385
198828535647969280
198828536000299011
198828535727661057
198828536054824962
198828536054824960
198828536486821888
198828536545550336
198828536419725314
198828536608456704
198828536725901314
198828536776232960
198828536881086465
198828536293892096
198828537023700992
198828537078231040
198828536633626625
198828537376026624
198828537334075393
198828537384415232
198828537438945281
198828537430540288
198828537518637057
198828537438937089
198828537552179201
198828537367629824
198828537598312448
198828537497661440
198828537602523140
198828537665433600
198828537774485504
198828537057255425
198828538013556737
198828538105835520
198828538063880193
198828538164547585
198828538000982016
198828538009366528
198828538118410240
198828538307149825
198828538084851712
198828538357485569
198828537732530176
198828538512687104
198828538655285248
198828538642698240
198828538680451074
198828538642694145
198828540081348609
198828539737407488
198828539670302721
198828540135866368
198828539204739073
198828540542730241
198828540572090368
198828538747568128
198828539846475777
198828540760821760
198828539724836865
198828540748238848
198828539645140993
198828540995715072
198828541062823937
198828541209620480
198828541150900224
198828541419327488
198828541457072128
198828541398360065
198828541431922689
198828541423525890
198828540681134080
198828541478055937
198828540769222656
198828542107205632
198828542128160769
198828542178504705
198828541989765121
198828542128164864
198828542216245248
198828542195281922
198828542396600320
198828542312726528
198828542451126272
198828542505660417
198828542585348098
198828542669225984
198828542790873088
198828542564372480
198828542681808896
198828542593728512
198828542744727553
198828542899929088
198828542887346177
198828543201918976
198828543352913920
198828543428395008
198828543101243392
198828543529062400
198828544229519360
198828544380502016
198828544137232384
198828544472784898
198828544481173504
198828544577634304
198828544506347523
198828544405671938
198828542753116160
198828544741212161
198828544820912128
198828544913186816
198828544963526657
198828545009647617
198828545068384256
198828544820920320
198828544984498176
198828545181626369
198828545210978304
198828545265508352
198828545353588737
198828545382957057
198828545626214400
198828545500393472
198828545693319168
198828545726881792
198828545684934656
198828545798180865
198828545894653953
198828545802375168
198828545806565378
198828545978548224
198828545978531840
198828545642999808
198828545944989697
198828546112765952
198828546037264385
198828546066628608
198828545181618177
198828546108555266
198828545840136193
198828546238582784
198828546322472960
198828546360221696
198828546523791360
198828546632859648
198828546372804608
198828546725130240
198828546855157760
198828547056476163
198828548566421505
198828548608376832
198828548734201858
198828548906160130
198828548876795904
198828548516098049
198828548893577216
198828549023600643
198828549141041152
198828549203951616
198828549271072768
198828549216534528
198828549304614912
198828549367545857
198828549619187713
198828549627580417
198828549686308866
198828549447233536
198828549707268096
198828549799555073
198828549782777857
198828549803749376
198828550000885760
198828549946343424
198828550139289601
198828549371740161
198828550298681346
198828549703081984
198828550458052608
198828550500007937
198828550588076032
198828550768439297
198828550726488066
198828550743261184
198828550722301954
198828550755852288
198828550797803520
198828550814564353
198828550961369088
198828550978146306
198828550869090308
198828551083003904
198828551158513664
198828551263371264
198828551322087424
198828551133347842
198828551204638720
198828551754104832
198828551926054912
198828551863144449
198828552647491585
198828552735559681
198828552261615618
198828552798482436
198828552790085632
198828552609734657
198828552815247360
198828552832040960
198828552920121347
198828552412610560
198828552991424512
198828553217904641
198828553184346114
198828553368899584
198828553096269826
198828553381486593
198828553352122369
198828552551022592
198828553549250560
198828553670897666
198828553670893568
198828553696067584
198828553641537538
198828553662500864
198828553666695169
198828553746382850
198828553830268932
198828553880616960
198828554006446080
198828554010624001
198828554224545793
198828554077732864
198828554417483777
198828554438447104
198828554325204992
198828554358759425
198828554547507200
198828553989664768
198828554874650624
198828554929176578
198828555092770816
198828555134701569
198828555461865472
198828555403149313
198828555512201216
198828555478642688
198828555432501250
198828555428315136
198828555596087298
198828555273117697
198828556871143424
198828557013753858
198828557114421248
198828557143777280
198828556892127232
198828556015513601
198828557114421249
198828557026340864
198828557168951297
198828556938260480
198828557110222848
198828557353488384
198828557412204544
198828557408010240
198828557458345988
198828557743558656
198828557684846592
198828557768732673
198828557806485504
198828557991030784
198828557965869056
198828558062329860
198828558028779521
198828558129438720
198828558360129537
198828558301413376
198828558431436800
198828558385291265
198828557638709248
198828558620172288
198828558628564992
198828558750191618
198828558796341248
198828558834085889
198828558959906816
198828558922170369
198828558968303616
198828559178018816
198828559245119489
198828559341592576
198828558330761217
198828559387738113
198828559404515330
198828559253516291
198828559689719809
198828559559700480
198828559916212224
198828560042041345
198828560063016961
198828559618420736
198828561266778113
198828561367441409
198828561254203392
198828561459720193
198828561505853440
198828561539407872
198828561661046786
198828557764530176
198828558313984000
198828561732341761
198828561841397761
198828561774288896
198828561816240128
198828561929474048
198828562034343936
198828562202112000
198828562135003136
198828561308725248
198828562336329728
198828562223071233
198828562315354112
198828562080468992
198828562441183232
198828562239860736
198828562487320579
198828562550235136
198828562516680704
198828561786880001
198828562701221888
198828562617339905
198828562759950336
198828562730590208
198828562948689920
198828562642505728
198828563137433600
198828563082903552
198828563003224065
198828563238100992
198828563422650369
198828563380707329
198828563825307648
198828563368116225
198828563942735873
198828563858849795
198828564097925120
198828564177625088
198828563800141825
198828564269895680
198828565238775808
198828565448507393
198828565511417856
198828565473665025
198828565557559296
198828565532381188
198828565494628352
198828565582725120
198828565565931521
198828565607886851
198828565909880833
198828565926658048
198828566006333444
198828566195081218
198828566237020162
198828566182506496
198828566107009024
198828566102802434
198828565427523584
198828566136369154
198828566224437250
198828566509649922
198828566186688512
198828567029755904
198828567113633796
198828567113633797
198828567004594178
198828567201714176
198828567180750849
198828567180746752
198828567239475200
198828567260430337
198828567403053056
198828567289790464
198828567419830272
198828567361105920
198828567512092673
198828567444983809
198828567692460032
198828567772147712
198828567633739778
198828564462837760
198828567893770240
198828567998627841
198828568023805952
198828568145444864
198828568187383809
198828568241913856
198828568191574016
198828568262877185
198828569407913984
198828569470844928
198828569630212096
198828569512779776
198828569592467456
198828569680556032
198828569797984257
198828569944788992
198828569445675009
198828569869303808
198828570120957953
198828570280341504
198828570288717825
198828570431336449
198828570494255104
198828570540376064
198828570439725056
198828570716545024
198828570670407681
198828570892713985
198828570964008961
198828571035320320
198828571073052672
198828571056283648
198828570997571585
198828571081449473
198828571211472897
198828571261796352
198828571609939968
198828571714789378
198828571949670400
198828567612760066
198828572020981760
198828572004192256
198828572146798592
198828572247457792
198828570162900993
198828568560672768
198828569760239620
198828572352323585
198828571404419072
198828566123790337
198828572469760000
198828572339736578
198828572662697985
198828572880797696
198828572620763138
198828572968886272
198828573639970816
198828573971324930
198828573711278080
198828574118133760
198828573786771456
198828573900013570
198828574243958785
198828574181048320
198828574306861056
198828574139088896
198828574411718656
198828574382374912
198828574327840768
198828574545940480
198828572893388802
198828574764044288
198828574885679106
198828575045070849
198828575057645571
198828575024103425
198828574915039232
198828575187668992
198828575233802240
198828575523221504
198828575539998721
198828575716147201
198828575716147200
198828575590326273
198828575808430082
198828575628070912
198828576030732288
198828576076865536
198828575967809536
198828576152354817
198828575971999745
198828575896502275
198828576030736384
198828575753908225
198828576336916483
198828574239760384
198828576408215552
198828576559218690
198828576030728193
198828576424984576
198828576538230784
198828576626319360
198828576525664256
198828576722788352
198828576752148480
198828576987025409
198828577796526080
198828578048180224
198828577712644097
198828578148859904
198828578203369472
198828578023022592
198828578417278976
198828578392113152
198828578652172290
198828578614427648
198828578773794816
198828578954166272
198828579008684033
198828578958344192
198828579176460291
198828579147096064
198828579063209986
198828579134509056
198828579138715648
198828579302289411
198828579465867264
198828579402952704
198828579566522368
198828579319062529
198828579650404354
198828579767844865
198828579658792960
198828579637825537
198828580002738176
198828579486838784
198828580006936577
198828579428122625
198828580023701504
198828580204060672
198828579688165377
198828580258594816
198828580250206210
198828580401201152
198828580409585664
198828580392796162
198828580497670145
198828580292141056
198828580686401536
198828580665430016
198828580317298690
198828580707368960
198828580640264192
198828580841586689
198828580975816704
198828580900323328
198828581999218690
198828581877587968
198828582087307264
198828582099890177
198828582146015233
198828582196350976
198828582213136385
198828582267650048
198828582343159809
198828582573846528
198828582489952256
198828582682898432
198828582762582016
198828582854856704
198828583081353216
198828583077167105
198828582997458945
198828582708064259
198828583182008320
198828583605637120
198828583546920960
198828583765024768
198828583920209923
198828583836319744
198828583907627008
198828584037654530
198828583928594432
198828584083800066
198828584201236485
198828583945379842
198828584381595648
198828584243183617
198828584159281152
198828584406761472
198828584016674816
198828584511602688
198828584574533635
198828584671002624
198828584717135872
198828584746487810
198828584998141953
198828584993964032
198828585090416640
198828585123983360
198828585111400449
198828585254010880
198828585329491968
198828585442738177
198828585262387202
198828585644064768
198828586436804608
198828586516492288
198828586629738498
198828586650710018
198828586663284736
198828586864615424
198828586801709056
198828586738794497
198828586902364161
198828586948505600
198828586159976448
198828587107889153
198828587107885057
198828587074338816
198828587267260416
198828587170803713
198828587430846464
198828587342774273
198828587476983808
198828587414073345
198828587451813888
198828587351146496
198828587741233152
198828587846074368
198828587871244289
198828587997073409
198828587971903488
198828587942551552
198828587640565760
198828588278099968
198828588303269889
198828588244537346
198828588504592384
198828588592664577
198828588718501888
198828588466843652
198828588894658560
198828588974354432
198828588735270912
198828588244549632
198828589007896577
198828589263749120
198828589213421569
198828589553168384
198828589544771584
198828589678997505
198828589980991488
198828589892902912
198828589897093121
198828590123585536
198828590446559232
198828590379438080
198828590635286530
198828590488498179
198828590652076033
198828590899539968
198828590744342530
198828590958256129
198828590928891905
198828590983413760
198828590903738369
198828591289606144
198828591386075136
198828591595786242
198828590924705792
198828591721619456
198828591671279617
198828591981662209
198828590949875712
198828591977476096
198828591423815681
198828591960686592
198828592069738496
198828592174612481
198828591742586880
198828592304635904
198828592581455872
198828592111689728
198828592539512832
198828592615006208
198828592937971713
198828592942166016
198828592833114113
198828593122516992
198828592967319552
198828592724054018
198828593084772352
198828592539516929
198828592816336896
198828593294479363
198828593332224001
198828593638420480
198828593395146752
198828593630023682
198828593466449925
198828593495805953
198828593965580289
198828593516785664
198828593747464192
198828594078818304
198828594666024960
198828594653433857
198828594552774656
198828594779271168
198828594871541760
198828594833788928
198828594888318977
198828594796040192
198828595005767680
198828595060281344
198828594947035139
198828595127394304
198828594947035136
198828595177717764
198828595261607938
198828595274203136
198828594737324033
198828595236446208
198828595408412673
198828595517472768
198828595622326272
198828595588767744
198828595676839936
198828595123200000
198828595584577536
198828595643301890
198828595651686400
198828595706200064
198828595672649728
198828595743952896
198828595123208193
198828596071108608
198828595836239873
198828596259856385
198828596339544064
198828596297609219
198828596423426048
198828596452798464
198828596314382336
198828596461191169
198828596813508608
198828596821884928
198828596830285824
198828596821889024
198828596897394688
198828597136474112
198828597237121025
198828597283274752
198828597224550401
198828597224546304
198828598784823296
198828598860316674
198828598944219136
198828598684172288
198828599040679936
198828599158128642
198828599070035968
198828599099396096
198828599128760324
198828598742884353
198828598793211904
198828599757897728
198828599732744193
198828599653040128
198828599854374912
198828599795658752
198828599913086977
198828599938260993
198828599934074880
198828599292329987
198828600068284417
198828600076664833
198828600244445184
198828600265412609
198828600265412608
198828600424804353
198828600483516416
198828600710008832
198828600751951872
198828600730992640
198828600764534785
198828600827461635
198828600265420800
198828600953282560
198828600940691456
198828601070718977
198828601095880704
198828600991023104
198828601255264256
198828601221722113
198828601259458561
198828601355927552
198828601297207298
198828601376899072
198828601574039552
198828601607598080
198828601431437312
198828601502740481
198828597388124160
198828601574043648
198828603167875072
198828602731671552
198828603163680769
198828603180453890
198828603314671616
198828603268546561
198828602735857664
198828603385978880
198828603482456064
198828603444695041
198828602391924736
198828603113349121
198828603562147841
198828603666989057
198828602932994050
198828603134324737
198828603817992192
198828604027715584
198828604048683008
198828604078043137
198828604241608704
198828604304535552
198828604203876354
198828604250001408
198828603985764352
198828604581363712
198828604518445057
198828604728164353
198828604803657728
198828604774289409
198828604736552961
198828605021749249
198828604954644482
198828604451336192
198828605193728001
198828605009182720
198828605269225473
198828605332131840
198828605088874497
198828605378277376
198828605311168512
198828604648464384
198828605646704641
198828605457965057
198828605667684352
198828605529264129
198828605814480896
198828605848043520
198828606208737281
198828606250684416
198828607198593025
198828607165050881
198828607316049920
198828607483822084
198828607525752834
198828607525752835
198828607492198400
198828607437684739
198828607471230976
198828607685148672
198828607999705088
198828608117149697
198828608163282944
198828608461078528
198828608427524096
198828608087797760
198828608729530368
198828608192651264
198828608796631040
198828608976982018
198828609127981056
198828609077657600
198828609065066497
198828609467711489
198828609476108289
198828608322682880
198828609543221249
198828609606139905
198828609664856067
198828609631289344
198828609723564032
198828608628867072
198828609874571264
198828609899732992
198828609551609859
198828610033954817
198828610063319041
198828609941676033
198828610243674114
198828610356903936
198828610390462465
198828610407239681
198828610478538754
198828610222690305
198828610428211201
198828610465955841
198828609664847872
198828610579206146
198828610491129858
198828610612768768
198828611346759680
198828610654711808
198828611317415937
198828611476795393
198828611577450497
198828611711680512
198828610986061826
198828611506159616
198828611778772993
198828611749416960
198828611757805568
198828611711664128
198828611803951105
198828612001079298
198828611908812801
198828611942354945
198828611535519746
198828611728445441
198828612290478083
198828612273709056
198828612298874881
198828612424695809
198828612554719232
198828612529553408
198828612651192321
198828612823162881
198828612722491394
198828612936417282
198828612995137536
198828613083209728
198828613066440706
198828613141925888
198828613095792642
198828613167095810
198828613230002176
198828613276147714
198828613234204672
198828613364236290
198828613435531264
198828613393580033
198828613410373632
198828613490061312
198828613427146752
198828613506834432
198828613376802816
198828613536186368
198828613401972736
198828613506826241
198828613485867010
198828613477474307
198828615578824704
198828615679479808
198828614970650624
198828615742394368
198828615771766784
198828615792734209
198828615876608000
198828615947915265
198828615922749442
198828616199581697
198828616279273472
198828616111493122
198828616367345666
198828616417673217
198828616476393474
198828616585453569
198828616803561474
198828616912617472
198828616853884928
198828616853880834
198828616962936832
198828617210404864
198828617126526977
198828617088761856
198828616979718145
198828617038446592
198828616728051712
198828617382371329
198828617382367233
198828616426078208
198828617478844416
198828617516584960
198828617487237121
198828617554341888
198828617814380544
198828617680171009
198828617696940032
198828617751470081
198828617923436544
198828617936027648
198828617973768192
198828618175098880
198828617592094722
198828618212851712
198828618183487488
198828617747279874
198828618351259648
198828618380623872
198828618372231168
198828618397396994
198828619819270144
198828619953483777
198828619265613824
198828620024786945
198828617684353025
198828620209324032
198828614748344320
198828620301611009
198828620179980290
198828616937766914
198828620280635392
198828616719675392
198828617994743809
198828620293210112
198828620347752450
198828620414857220
198828620465176576
198828620607795203
198828620683292672
198828620607795200
198828620750397440
198828620305805312
198828620779761665
198828620804915201
198828620360318978
198828620909780992
198828621308239872
198828621400518656
198828621425688576
198828621434077184
198828621589250048
198828621631193088
198828621853495296
198828621769613313
198828621853503488
198828621949968385
198828621765410816
198828622222602241
198828622029656064
198828622256144385
198828622348431360
198828622327447553
198828622444904448
198828622675582976
198828622310682625
198828622713327616
198828622910468097
198828622583312384
198828622683979776
198828623074033664
198828623975817216
198828624047128578
198828623384412160
198828623388622849
198828624151969794
198828624063897600
198828624126812160
198828624265224192
198828624273612800
198828624336519168
198828624319741952
198828623799664640
198828624378470400
198828624504295424
198828624558825472
198828624508497920
198828624655298560
198828624646901763
198828624739180545
198828624856629248
198828624940503041
198828624881786880
198828624277798913
198828625250885635
198828624604954624
198828625267658752
198828621266305024
198828625271848961
198828625322184704
198828625729044480
198828625519312896
198828625754210304
198828625607401472
198828625372528640
198828626051997698
198828625888415745
198828625968111616
198828626072969216
198828626140073984
198828626056183808
198828626374950912
198828626416898048
198828626463035394
198828626504978432
198828626202984448
198828626702114816
198828623854174208
198828626790195200
198828626760835072
198828626760839168
198828628228841473
198828628245614593
198828628228849664
198828628103008256
198828628161724416
198828628371447808
198828628283359234
198828628476301312
198828628518240257
198828628681834497
198828628669239297
198828628673437696
198828628715384833
198828628434354178
198828628769906688
198828629004795907
198828628929294337
198828629038342145
198828629159968768
198828629290004480
198828629264842752
198828628967030787
198828629222895616
198828629441003523
198828629378084864
198828629281619970
198828629378076672
198828629533265920
198828629604564992
198828629113847808
198828628715384834
198828629948506112
198828629940113408
198828629747171328
198828629914943489
198828630074343426
198828630191767552
198828629642326018
198828630091120640
198828630166605824
198828630237917185
198828630208544768
198828630300831745
198828630388899841
198828630334377985
198828630237917184
198828630158225412
198828630602817538
198828630565072897
198828630653157378
198828632314097664
198828632297324546
198828632439926784
198828632486060032
198828632469274625
198828632423145472
198828632460898304
198828630548283396
198828632708362242
198828632804831233
198828632750292992
198828629193523200
198828632813219840
198828631936598017
198828632859357186
198828632855154689
198828633157152768
198828633303957504
198828633425584128
198828633366867969
198828633685635073
198828633652072449
198828633836617728
198828634058932225
198828634188955648
198828633761132545
198828634432217088
198828634474164224
198828634570625024
198828634595799041
198828634692272128
198828633790488577
198828634650312704
198828634402856960
198828634998444036
198828634750976001
198828635065565185
198828635103309824
198828635048787969
198828635002638336
198828635019411456
198828635027812352
198828634553851906
198828635216543744
198828635191390208
198828635199770624
198828635275272192
198828635245916161
198828635132661760
198828636655194113
198828636751663105
198828636961374208
198828636986548225
198828637053652992
198828636852326400
198828637137547264
198828637229813760
198828637359849473
198828637359845376
198828637489856512
198828637565366275
198828637510832130
198828637913493508
198828638009966593
198828638072864768
198828638068670464
198828638001561600
198828637670215681
198828637863157760
198828638362271744
198828638186127361
198828638454558721
198828638144172033
198828638530052096
198828638232252416
198828638047711232
198828638563610625
198828637955436547
198828638777507840
198828638798487553
198828638848827392
198828638739771392
198828638878187520
198828638978838528
198828638966255621
198828639100473344
198828639192756224
198828639377305602
198828639607980034
198828639452790784
198828639553462272
198828639578619904
198828639624773635
198828639658311684
198828639645741056
198828639582814208
198828639356325889
198828640002260994
198828639784148993
198828640711098368
198828640782393345
198828640702705664
198828640539127808
198828640560099329
198828641008877569
198828640526532608
198828640488796160
198828641159872513
198828640975327232
198828641277317120
198828641226993664
198828641180852225
198828641327644674
198828641285718017
198828640664944640
198828641382182913
198828641516392449
198828641600286721
198828641638027264
198828641780641794
198828641860329472
198828641986162688
198828641981960193
198828641579311104
198828642086821889
198828641990352896
198828642095214593
198828642095218688
198828642174898176
198828642179100673
198828642468499456
198828642221039617
198828642447540224
198828641667399680
198828642430750721
198828642170699776
198828642455920640
198828641952595969
198828642619494401
198828642661437440
198828642724360192
198828642749521920
198828642799857666
198828642820816897
198828642925674496
198828642980212737
198828643026341889
198828643085070336
198828643118612480
198828644989288448
198828645115101184
198828644859248640
198828645169643520
198828645169627136
198828645203197953
198828644561465344
198828645228351488
198828645236740099
198828645257711616
198828644397883392
198828645383553024
198828645345804288
198828645379350529
198828645572292609
198828645597446144
198828645450657792
198828645068976128
198828645740064768
198828645870080000
198828645979131906
198828645953978368
198828645576478721
198828646125944833
198828646184656896
198828646050443264
198828646255951872
198828645932998657
198828646444695552
198828646398570497
198828646813810688
198828646713131008
198828646679588864
198828646847348736
198828646218207233
198828647048679424
198828647195475968
198828647128375296
198828646813798400
198828647354875905
198828647564574720
198828647560388609
198828647539425280
198828647765909505
198828647925288962
198828648025956352
198828648101457921
198828648126623744
198828648051130368
198828648235679745
198828649129066496
198828649263267840
198828649301032960
198828649313599488
198828649355546624
198828648894177280
198828649498161153
198828649431048192
198828649435242496
198828649531707392
198828649594626051
198828649787568129
198828649921777664
198828649930166272
198828649699491841
198828649825316865
198828649670131712
198828649955328001
198828650026635264
198828650320236545
198828650244747264
198828650240540672
198828650504790016
198828650613850113
198828650630615041
198828650597056512
198828650714505217
198828650718699522
198828650672558083
198828650785816576
198828650815172610
198828650810982400
198828650882285568
198828650320244736
198828650932604928
198828651003920384
198828651117154305
198828651091984385
198828651301715968
198828651234594816
198828649573646336
198828651255562240
198828650974552065
198828651343642626
198828651368808449
198828651318489088
198828651305910272
198828651389779969
198828651373002752
198828651368824833
198828653486944256
198828653377892353
198828653499514880
198828653495320577
198828651746295810
198828652841021441
198828653579223041
198828653637935105
198828653751177216
198828653784727553
198828653877006337
198828653432414208
198828654032203776
198828654107697152
198828654095118336
198828654271283201
198828654271266817
198828654409682944
198828654518738944
198828653772161024
198828654636179456
198828654602625024
198828654694895616
198828654153826306
198828654644559873
198828654581649410
