198833939647971329
198833939757006850
198833939895431169
198833940054806529
198833940264534018
198833939828322304
198833940541341698
198833940390359042
198833940977557504
198833941082419200
198833941292122112
198833941841592320
198833941879332864
198833941837398019
198833941904498689
198833941900296193
198833941527015426
198833941476675584
198833942051307522
198833942323924992
198833942399418368
198833942764339201
198833942563000322
198833942932107266
198833942915330048
198833943833882625
198833944026824705
198833943812915200
198833944140070913
198833945482248193
198833945436102656
198833945029255168
198833944924393472
198833946082025473
198833946560167936
198833946576945152
198833945595490305
198833946530811907
198833946853785601
198833944748240896
198833946870550528
198833946467905536
198833946228822017
198833947323535360
198833946493063169
198833946593730561
198833946061045761
198833945834557440
198833947944292354
198833948237893633
198833947889766400
198833948263067649
198833947155759104
198833948699279360
198833947164151808
198833948057546752
198833946321104898
198833948950933504
198833948430843904
198833949244538880
198833948204343297
198833949525549056
198833949638795264
198833948984475650
198833950024667136
198833948766371840
198833943418650624
198833950016278529
198833950091780096
198833943322173440
198833950356025344
198833950368595969
198833949995302914
198833950494433283
198833950683185153
198833950876106752
198833950884499456
198833951069057025
198833950855143426
198833951257800704
198833951597539328
198833951694000128
198833951635279872
198833951819837441
198833951895334912
198833951358451712
198833952260239363
198833952272822275
198833951891128320
198833952323158016
198833952440590336
198833952398655488
198833952407035905
198833952629334017
198833952440582146
198833953111687169
198833953237499905
198833952272809984
198833952897769472
198833953308819456
198833953568862208
198833953086513152
198833954265116673
198833954147667969
198833954617434112
198833954655186944
198833954743271424
198833954848124929
198833954919424000
198833954999111680
198833955045249025
198833955074605056
198833955263356930
198833955473063937
198833955091390466
198833955351429120
198833955678601216
198833955624067072
198833955888308224
198833956257411072
198833955867332608
198833956462936065
198833956618113025
198833956794277889
198833956760719360
198833956945264640
198833956773314560
198833956832034817
198833957125619713
198833957045940226
198833956882350082
198833956404211712
198833957356322817
198833957335334912
198833956920102912
198833957037551617
198833957456986112
198833957658312705
198833957737996288
198833957733793792
198833958321000448
198833958455226368
198833958123872256
198833957842857985
198833958602031104
198833958602014720
198833958346166272
198833958614614016
198833959134699521
198833959285698560
198833960023900161
198833960397176832
198833959981944832
198833960531402752
198833960728530944
198833960732729346
198833960837578753
198833960950837250
198833960845975552
198833961080860672
198833960988590080
198833961353490432
198833961395429376
198833961252827136
198833961445769216
198833961642893313
198833961886171138
198833961852612609
198833961852600320
198833961844224000
198833961911320577
198833962104270848
198833962586615808
198833962901192705
198833963018620928
198833962863435776
198833963589058561
198833963593240577
198833963945574401
198833964096565250
198833964234969089
198833962750185473
198833964406947840
198833964172058624
198833963958157312
198833964675375105
198833964847337474
198833964369199104
198833965350653952
198833965090619392
198833965346467841
198833965526822913
198833965723947008
198833965560365057
198833965996580864
198833966114017281
198833965996572672
198833966139191299
198833966294372352
198833965828816896
198833965929472002
198833966491508736
198833966768324609
198833967200346115
198833967359733760
198833967317794817
198833966969659393
198833964574707712
198833967607197696
198833967774969856
198833967548481536
198833967435235329
198833968022421505
198833968328605696
198833967695273986
198833968420896769
198833968873873408
198833968781594625
198833969003888641
198833968999694337
198833969045843968
198833969226203136
198833968915816449
198833969570119681
198833969746288640
198833969125531650
198833970161516545
198833969813389312
198833970400608258
198833970463522817
198833971029749760
198833970719363072
198833971457568769
198833971486932992
198833971625340928
198833970606112768
198833971868606464
198833971998633985
198833972141240320
198833972753608704
198833972611002369
198833972346761217
198833972552273921
198833972950732800
198833973038809089
198833972745224193
198833973370175490
198833972988493825
198833974058041346
198833973881880576
198833974380998656
198833975173709824
198833974833975296
198833974909468672
198833974972395520
198833975270187009
198833975559598080
198833975765106688
198833972711661570
198833975882555394
198833976058716160
198833976146788354
198833976570429441
198833976545247232
198833976809504769
198833977010819073
198833977103093761
198833977082126337
198833976822087680
198833976654303232
198833977119879168
198833977736433664
198833977820315648
198833977270878208
198833977908412416
198833978495614976
198833978554327040
198833978894073856
198833978956976130
198833979229601793
198833979535798272
198833979527409664
198833979787452416
198833979355447296
198833979376414722
198833980135579648
198833980647292928
198833979812626432
198833980928299009
198833981058322433
198833981133819904
198833981087690753
198833981196746752
198833981377085440
198833981607780353
198833981616164864
198833980559196161
198833981775544320
198833981880406016
198833981754576896
198833981922349057
198833982043992068
198833981523902466
198833982002040832
198833981943324672
198833981364510721
198833982408900608
198833982488592385
198833982702493696
198833982736039936
198833982727655427
198833982836703233
198833982702501888
198833982761209856
198833982446645248
198833982253703170
198833982685720576
198833983511986176
198833983860117505
198833983172251649
198833984078217218
198833983813980160
198833984115982336
198833984438927361
198833984401190913
198833984669614080
198833984845778945
198833984950648832
198833984912891905
198833983658803200
198833985298771970
198833985483321344
198833984946450432
198833985571397634
198833985638510593
198833986225700864
198833986267652096
198833986322178048
198833986200535041
198833986133442560
198833983113543683
198833987085537282
198833986884210688
198833987362361344
198833986456403968
198833987412692992
198833987857301504
198833988306092032
198833988197027840
198833988398354432
198833989103005696
198833989308514306
198833989149138945
198833989249798144
198833989899923456
198833990138994689
198833990436782080
198833990638125056
198833990902349825
198833990940098561
198833990231277568
198833991833485312
198833992492007424
198833992097738752
198833992580075522
198833992785608705
198833992919814145
198833992349384706
198833993301499904
198833993263747073
198833993603489792
198833993209233408
198833994014527490
198833993473458176
198833994106798081
198833994127777793
198833994408787969
198833994614325248
198833994111000576
198833995746779136
198833996002627584
198833996002627587
198833996522729474
198833996677914625
198833995587395586
198833997156065280
198833996770185216
198833997743271937
198833998137540609
198833997558718464
198833998204645377
198833998317891585
198833998544388096
198833998812807168
198833998850572288
198833998380793857
198833998741516289
198833999064477698
198833999295156225
198833999873974272
198834000083697665
198833997613248513
198833999785897985
198834000733814785
198834000209526784
198834000863821825
198834000473767937
198834000981266432
198834001266487296
198834001300045826
198834001664933889
198834002487029760
198834002793218049
198834002910646272
198834003044868096
198834002948403200
198834003313303552
198834003497848832
198834003246198784
198834003095199744
198834003409768448
198834003904696320
198834004852617216
198834004861001728
198834004307357696
198834005112668160
198834005334958082
198834005230104576
198834005313978368
198834004110221312
198834003724337152
198834005922152449
198834005896986624
198834005242683392
198834005867626496
198834005582430209
198834005297201152
198834006186393600
198834005481766912
198834006194782208
198834006597435395
198834006777806848
198834006945574913
198834007100751872
198834007247552512
198834006610030592
198834007532769281
198834007478239232
198834008518430720
198834008925282304
198834008736530432
198834008778485760
198834009143377922
198834009395036161
198834009067880448
198834006844915716
198834009646710784
198834009483116545
198834010254884864
198834010485567489
198834010934362112
198834010439417857
198834011546726402
198834011953577984
198834011756437504
198834012540768257
198834012016488448
198834012633047040
198834012721123328
198834012729516032
198834012800823296
198834012905672707
198834012792422403
198834012918263808
198834013211869185
198834013287366656
198834013371252737
198834013299949569
198834014453366784
198834014403047424
198834014742781953
198834015057362945
198834015669731328
198834015397085186
198834015585832960
198834016055595008
198834016273711104
198834016277893120
198834016013664256
198834016919621632
198834017007710208
198834017246777345
198834017355833344
198834017594904576
198834017565552640
198834017242583040
198834017217429504
198834017980792832
198834018127589378
198834018182103041
198834018471510017
198834018593157120
198834018567991296
198834018685419520
198834019075506176
198834019075502080
198834019457175552
198834019884990464
198834020082130944
198834019977273344
198834020065353730
198834020237312000
198834019549458433
198834019813699584
198834020686102529
198834020732239872
198834020795166721
198834021034242048
198834020971327488
198834020488982528
198834021348806657
198834021617250305
198834021864706048
198834021105549312
198834022015700992
198834022615482368
198834022586130433
198834022573555712
198834021910855680
198834022787465216
198834022695182336
198834022254784512
198834023424991232
198834023420788736
198834023504687104
198834023777304576
198834023341109249
198834023873773570
198834024217714689
198834024347734016
198834024515510272
198834024557457409
198834024872026112
198834024955912192
198834024863645696
198834025257906176
198834025203384320
198834025215967232
198834025488588800
198834025601843201
198834025438253057
198834025941581824
198834026109345793
198834025773805568
198834026105155584
198834026063216640
198834025606037505
198834026654613506
198834027040473089
198834027132760064
198834027300519939
198834027384410112
198834027631869952
198834027724144640
198834027510235136
198834027984199681
198834027707375616
198834027782881280
198834027879346179
198834028638502912
198834027963228161
198834027480883200
198834029036969984
198834029225709568
198834028902752257
198834029796130817
198834029955526657
198834030278483968
198834030026821633
198834029951332353
198834030823751681
198834030823735296
198834031431909376
198834030832132096
198834030760828928
198834031230586881
198834031650029569
198834032107208705
198834032572772352
198834032623104000
198834032631496704
198834032690204672
198834033730396160
198834034267258880
198834034200154112
198834033797513217
198834034510544896
198834034653151232
198834034619584513
198834034917384192
198834034405687296
198834035848515585
198834035668168705
198834036146307073
198834036163100672
198834036230201345
198834035722686464
198834036519600128
198834036716736513
198834036737703936
198834036918059010
198834036616073216
198834037098430466
198834037161340929
198834037278777344
198834037295558656
198834037131984896
198834037526237184
198834037769506818
198834037891153920
198834038004383745
198834038004383744
198834038096662528
198834038566420481
198834037987610625
198834038327353344
198834038562242563
198834039178805248
198834040005079040
198834040323850240
198834040244146177
198834040256741377
198834040541937665
198834040575496192
198834040193810432
198834041049460737
198834041070432257
198834041045266433
198834039602425856
198834040890073090
198834041452101632
198834041028489217
198834041632460801
198834041661825026
198834041720537088
198834041984782336
198834041397579777
198834040558727168
198834042328719360
198834042383237120
198834042714587136
198834042337107970
198834043125633024
198834043201130496
198834043482161153
198834043566047233
198834043939336194
198834043536683008
198834044321009664
198834044337795072
198834044371341313
198834045122117634
198834044975325184
198834045138903040
198834046095204353
198834046015520769
198834046392991744
198834046241996800
198834046640467969
198834046518820865
198834046753701888
198834047303163904
198834047768731648
198834047856812032
198834047911337984
198834047785504768
198834048162988032
198834047575801857
198834048020385792
198834048733417472
198834048708263936
198834048787955712
198834048959909890
198834048884412416
198834048926351361
198834048725028865
198834048246886401
198834049161232384
198834049224159232
198834049354170370
198834049232547841
198834049480011777
198834049500987392
198834050503417857
198834050234978304
198834050780246016
198834050755076097
198834050847358976
198834051296141315
198834051342282752
198834051380031489
198834051719766016
198834051308728320
198834051631677440
198834052000792577
198834052122427392
198834052189523968
198834052084662273
198834052348903424
198834052701229056
198834053225529345
198834053804331008
198834054001463297
198834054110515202
198834054227963904
198834053955325952
198834054613835777
198834054777405441
198834054936797184
198834052164366337
198834055540768769
198834055549157379
198834055091978241
198834055142313984
198834055100370945
198834055494635520
198834055490453504
198834056077647873
198834052915138561
198834056203472897
198834053070327808
198834053141630977
198834056757121024
198834057033945089
198834056501268480
198834057050734592
198834056526442497
198834057281413120
198834057054924801
198834057604382720
198834058388705280
198834058619392000
198834057931522049
198834059034632194
198834059349213186
198834058845892609
198834059445682176
198834058774577152
198834058623594496
198834059349213187
198834059571499008
198834059143688194
198834059135287296
198834059651186688
198834059143688193
198834060058042368
198834060309696512
198834060527808513
198834059256926208
198834060162895872
198834060238397441
198834060708159488
198834060926263297
198834061735759873
198834062415237120
198834062360719361
198834062457184259
198834062486540288
198834062813700096
198834062356512770
198834063052779520
198834062910177280
198834063342190594
198834063535120385
198834063505764352
198834063698706432
198834063870672897
198834064176857089
198834064361390081
198834064508207105
198834064290095105
198834065091211264
198834065166712832
198834065372221440
198834065368035329
198834064659202049
198834065766498304
198834065409974272
198834065619685376
198834066055888896
198834066441773056
198834066676654080
198834066638901248
198834067154796544
198834067154796545
198834067255463938
198834067326767106
198834067263856640
198834067708461057
198834068014645250
198834067649732608
198834068194988032
198834068417294337
198834068660568064
198834068782186497
198834068476006401
198834068836720640
198834068849307648
198834069033861120
198834069100953601
198834069415526400
198834069935636480
198834069646225409
198834070099197952
198834070178893824
198834070522839041
198834070476701696
198834070564769794
198834070665445376
198834070678024192
198834070921297920
198834071005175810
198834071206498304
198834071424610304
198834071084875777
198834071399444481
198834072120868864
198834072066326530
198834072481566720
198834072372514817
198834072498356224
198834072674512897
198834072552865792
198834073333010433
198834072980697088
198834073484001281
198834073513377794
198834073639190528
198834073765036032
198834073496600576
198834074117349376
198834074444505088
198834074461274112
198834074654220288
198834074792636416
198834074993963009
198834074851360770
198834075442741250
198834075740545026
198834075207860224
198834075740540928
198834075040100353
198834075992207360
198834076285804544
198834076512305152
198834076550053888
198834076604571648
198834076545855488
198834075916709888
198834076063514624
198834076449390593
198834076986245120
198834077024010240
198834076671676416
198834077380513794
198834077275664384
198834077430845440
198834077493760000
198834077518929922
198834078156460032
198834078190022657
198834078445862912
198834078181621762
198834078517170176
198834077913198592
198834078169038848
198834078978555904
198834079041466369
198834077879644160
198834079263764481
198834079699976192
198834079188262913
198834080152948736
198834080073261057
198834079905484800
198834080123588608
198834080714993665
198834081151193089
198834081293811712
198834081348337666
198834081302196226
198834081423822850
198834081063112704
198834081415438337
198834082472411136
198834082573058048
198834082803757056
198834082073944064
198834082216546304
198834083147681792
198834082954747904
198834083407724547
198834083470655488
198834083072188416
198834083420323840
198834083869114368
198834083688747008
198834084154327040
198834084028489728
198834084414365696
198834084087218176
198834084741521408
198834084766695424
198834082489184256
198834085173538817
198834085332922368
198834085584584705
198834085479710721
198834081067311105
198834085714608128
198834086142427137
198834086180159488
198834086415048704
198834086901592064
198834086738014208
198834087329406976
198834087388119041
198834087321018371
198834087593639937
198834087560085505
198834088042438656
198834088096972801
198834088700936193
198834088549949440
198834088558338049
198834088927436802
198834089174904832
198834089309118464
198834088952602624
198834089355259905
198834089191673856
198834089829208064
198834089497870336
198834090051510272
198834090265427968
198834090433200129
198834090487709698
198834090772922368
198834090886168576
198834091074920449
198834090659684352
198834091293028353
198834091385298944
198834091473379328
198834091502747648
198834091834081280
198834091221729280
198834091670507521
198834091976691714
198834092429688832
198834093423738881
198834093071417345
198834093834772480
198834094065467393
198834094539411456
198834094262587393
198834094740733952
198834094380027904
198834095298580481
198834095453773824
198834094946267136
198834095718014976
198834096338763776
198834096703680512
198834096468803585
198834097378967552
198834097987129344
198834097760641025
198834098058432512
198834098079399936
198834098251382785
198834098544975873
198834098993762304
198834098574327811
198834099375443969
198834099312525312
198834099476103168
198834099790684160
198834100113645569
198834099811659776
198834100646313985
198834100486938625
198834101439053825
198834100990263297
198834100432404481
198834101506158593
198834101573259264
198834101703278592
198834102202400768
198834101988491264
198834102001082368
198834102030442496
198834102055616513
198834102395351041
198834103292932096
198834103720738816
198834103695572992
198834103091605504
198834103724945408
198834103733338114
198834104370864128
198834104408604674
198834104542826496
198834104672854017
198834103175495681
198834104660271104
198834106749030400
198834106790985728
198834107021664259
198834107839549441
198834107021664258
198834108107980800
198834108393201664
198834108586143746
198834108615503872
198834108087009280
198834108686811136
198834109253033984
198834109408219136
198834109576003585
198834109940895744
198834109970264064
198834110440026112
198834109395648513
198834110960107523
198834111224365056
198834110859452416
198834111304044545
198834111564103681
198834111069171712
198834112142917632
198834112562335744
198834112830783490
198834112830771200
198834113275379712
198834113455718401
198834113476689922
198834113837412352
198834114168758273
198834114655289346
198834114672066560
198834114386857984
198834115187982336
198834116244938752
198834116253319168
198834116022632448
198834116865695745
198834117020889088
198834116534349825
198834115980693504
198834117327060993
198834117234786304
198834118061072384
198834118497284096
198834118535020544
198834118593748992
198834119197736960
198834119600377857
198834119722012672
198834119923339264
198834119847854080
198834120468606976
198834120846086145
198834121018056707
198834120414068737
198834120284053504
198834121030643712
198834120623800320
198834121596870656
198834121135493120
198834122465083392
198834121995329536
198834122746118144
198834122901303297
198834122947432449
198834123211669504
198834123320729601
198834123442356226
198834124247678976
198834124599996416
198834124683882497
198834124788727808
198834124843253761
198834125086531584
198834123115212800
198834125380128768
198834126365794304
198834126260940800
198834126483226625
198834126764261376
198834127011721216
198834126881701888
198834127133360130
198834128114814976
198834128819466240
198834128601362432
198834128647499777
198834129595416577
198834130069364736
198834129582829568
198834130048389120
198834130715291648
198834131034054656
198834130723667968
198834131948404738
198834132028108801
198834131252150272
198834132015517698
198834132141359104
198834132325896192
198834132938272770
198834132959240192
198834133936513026
198834134255284224
198834134527913985
198834134565658624
198834134662127617
198834135492591616
198834135500992513
198834135878467584
198834136667004930
198834137770110978
198834135937196032
198834138508308480
198834138646712320
198834139615608833
198834140588675072
198834141196845056
198834141544980480
198834141830193152
198834142119608322
198834142484500481
198834142690033666
198834143273025536
198834143524696064
198834143516299264
198834143713443840
198834143520505860
198834144174804992
198834142484496385
198834145282109442
198834145256943617
198834145835745280
198834145886085120
198834146079031296
198834146968207360
198834146993385472
198834147123412992
198834147018555392
198834147484106753
198834147542835202
198834147874193408
198834148041957376
198834148381696002
198834148553658368
198834148645941248
198834149337993216
198834149673533440
198834149736456192
198834150298484736
198834150403342337
198834150327848960
198834150973767681
198834150403342336
198834150436900866
198834151540006912
198834152236265473
198834152374669312
198834152395649024
198834152500498433
198834152844439552
198834152978661377
198834153251287040
198834153641353217
198834154010447875
198834154031427586
198834154241146881
198834154375364608
198834154555707392
198834154568290307
198834154643795968
198834154077552641
198834154689929219
198834155017080835
198834155302289408
198834155503624192
198834155566530562
198834155688165377
198834156053078016
198834156346671104
198834156883542019
198834157110038528
198834156539621376
198834157240057859
198834156770308097
198834157466566657
198834157525282816
198834157613350912
198834157391056896
198834158263468032
198834158158610434
198834158624178178
198834158695489537
198834158770978816
198834158972305410
198834158691295232
198834160238989313
198834159911837696
198834160377405441
198834160385794049
198834160494850048
198834161279184896
198834160645840898
198834161748934657
198834161866383360
198834162067718144
198834162524897280
198834162189336578
198834162008985601
198834162499727360
198834163359551489
198834163741237248
198834163724451841
198834162453594112
198834163552501760
198834163816730624
198834163833520128
198834164135497728
198834161551802369
198834163825115140
198834163569266689
198834164307464192
198834164525576192
198834164118732801
198834165033091074
198834165062447104
198834165548982272
198834165616082945
198834165658038272
198834165653848066
198834165704171520
198834165830004738
198834166039711745
198834165892915202
198834166488506369
198834166404612098
198834166782115840
198834166849224704
198834167054733312
198834167096680448
198834167298015233
198834167474176000
198834167339945984
198834167558045697
198834167369314305
198834167457386497
198834168451444737
198834168690515968
198834168841506816
198834169181249536
198834168396918785
198834169076387842
198834169084784641
198834169755869185
198834169902665728
198834170137546752
198834170158514176
198834170536013824
198834170972209152
198834171119022080
198834171437785090
198834171332927489
198834170951237633
198834172037578752
198834171093848064
198834172419260416
198834171756552192
198834171987238913
198834172452802561
198834173010649088
198834172528308225
198834173249720321
198834173564293121
198834173623013376
198834173165834241
198834173811769344
198834173899845632
198834174164074497
198834173673345024
198834174902276096
198834175015534592
198834174101172224
198834175128764417
198834175082635267
198834175493668866
198834174923251712
198834175749529600
198834175896338432
198834175208460290
198834176252837889
198834176303173632
198834176336732162
198834176395448321
198834176168955904
198834176873607168
198834176886177792
198834176877797378
198834177259479041
198834177460813826
198834175791472640
198834178203205632
198834178794598402
198834178891071489
198834178316435456
198834178849116161
198834179516006400
198834179432124416
198834178886873089
198834179956420608
198834179994165248
198834179964796928
198834179486662657
198834180174516225
198834179507621888
198834180283568129
198834180401008640
198834180220657664
198834180791087105
198834180648484865
198834180279373825
198834180933681153
198834181139218432
198834181311168512
198834181453791232
198834181663494146
198834181042749442
198834181973884928
198834182200365057
198834182649167872
198834182879842304
198834183001477120
198834183039221760
198834183949398016
198834184251375617
198834184242987008
198834183924228096
198834183903264771
198834184599506944
198834184880537600
198834184964411392
198834184456912897
198834184981196800
198834185622929408
198834185580978176
198834185706799104
198834185861988353
198834186252058624
198834186369503232
198834186310782977
198834186554060800
198834185178324993
198834186575028224
198834186763776001
198834186897997824
198834186545668096
198834186973487104
198834186537275392
198834187099320320
198834187350982656
198834187569074177
198834188009480192
198834187816546305
198834188118523904
198834188420513792
198834188546359296
198834188915441664
198834188865118209
198834189502648320
198834189846585345
198834190286991360
198834190425395202
198834190433783810
198834190572204032
198834190823866369
198834190744174592
