198796694656258048
198796695235084291
198796696174608385
198796695998439425
198796696774393856
198796696933765121
198796697462259715
198796697474826240
198796697529356289
198796697378361344
198796697034432513
198796698095583232
198796698221424641
198796698854752258
198796699639087104
198796700154994690
198796702050820096
198796702906466304
198796703367839746
198796703820808194
198796702369595392
198796702294093826
198796704336711682
198796705334956032
198796705171382274
198796705498542081
198796705850851328
198796705808908289
198796707037847553
198796707058827264
198796707239170051
198796708145152001
198796708610715649
198796706047983616
198796712352030720
198796712519811072
198796712637239296
198796711982923776
198796713295740928
198796713375444992
198796713237020672
198796713719365632
198796713606135808
198796713111207936
198796714763751424
198796714927333376
198796714793111552
198796715220930561
198796716487618560
198796716571496448
198796715887837186
198796715854266368
198796716219187200
198796716684738562
198796717636853760
198796717074817025
198796717888503809
198796718320517121
198796719452987392
198796719239069696
198796719503327234
198796716806385664
198796720614813697
198796722091204609
198796722418360321
198796722078617601
198796722502254594
198796723575988224
198796723655684101
198796724767178752
198796724465172481
198796724536479744
198796725064974337
198796724729430016
198796725845110785
198796726172262401
198796725777993728
198796726419726336
198796727287939072
198796727547990016
198796728550424577
198796728198115328
198796727912898560
198796728353300480
198796729238306816
198796730412699648
198796731322859520
198796731100561410
198796732241412097
198796733973671938
198796733319348226
198796734200164352
198796734560862209
198796734271455233
198796734669918209
198796735039012864
198796735219372032
198796735907237888
198796736020488195
198796735852720128
198796736238583808
198796736033067009
198796736771264512
198796737886949378
198796737278771200
198796738558042112
198796738990047233
198796739375923200
198796740202209280
198796740894273536
198796740206399488
198796740311269378
198796741410164738
198796741540192257
198796743134019584
198796742379057154
198796743243079681
198796743238893568
198796744035803137
198796743696072706
198796742869794816
198796743914168320
198796743444402176
198796744803364866
198796744711081984
198796745289895936
198796745608663040
198796745474441216
198796746044882944
198796747953278976
198796748653727745
198796748590821376
198796748343345154
198796748418846721
198796749039616000
198796749383532544
198796750381776897
198796750742499328
198796751736553472
198796751958843392
198796752038535169
198796754064392193
198796754118909953
198796750742495233
198796754378956801
198796754131488770
198796754299273217
198796755079397376
198796754601259008
198796755721125888
198796754777407488
198796757189132288
198796757151391744
198796757470158850
198796756488683522
198796756727767040
198796757570813953
198796758476795904
198796759265329152
198796758954942464
198796759177240576
198796759185625090
198796759789613057
198796760842387457
198796761341493248
198796760792055809
198796761383452674
198796762499121152
198796762608173057
198796762914369537
198796762494939136
198796762599788544
198796762482352128
198796762570424321
198796762541064194
198796763107311616
198796763556089856
198796763619000321
198796763644178433
198796764264931329
198796764499808257
198796765317701632
198796767393878016
198796767440011265
198796767800737793
198796767582625792
198796768685719552
198796771420413952
198796770858385408
198796768228540416
198796772364140544
198796773408505857
198796773781811202
198796775392423936
198796776206114818
198796775392415745
198796778143883265
198796778575900675
198796779477676033
198796779041464320
198796778894659584
198796779062439936
198796779020500992
198796779133743104
198796780232642560
198796780379443200
198796780551409666
198796780836622336
198796781264449536
198796782065557504
198796782279467009
198796781579010048
198796783470657536
198796783869116418
198796783042838528
198796783600680963
198796784343060480
198796784137551872
198796784515022848
198796784909291520
198796784422760449
198796784460496896
198796784527609856
198796785886560256
198796786431827971
198796786540888064
198796786213715970
198796787790774272
198796787979522049
198796788533166080
198796789162311680
198796790793908226
198796791360131072
198796790038933504
198796791431430144
198796791955718144
198796792513564672
198796792257720320
198796792500989952
198796792647782400
198796793234997248
198796790122819587
198796793570537472
198796793369198592
198796794694610947
198796792010252288
198796795290202112
198796795093057536
198796795722215424
198796795369897984
198796795701243907
198796796372328451
198796797680943104
198796797605462016
198796799350284289
198796799530631170
198796799849398273
198796800772161537
198796798628872194
198796803099987970
198796803016110080
198796802663780352
198796803477487619
198796803569754114
198796804479922176
198796803703971840
198796805260054529
198796804916133888
198796805687873536
198796805750784000
198796805876625408
198796805826297856
198796806891651074
198796804488314883
198796807600472064
198796806686126082
198796806967144449
198796807957004289
198796808443527169
198796807768252416
198796802915434498
198796807571128321
198796808594526210
198796807625650176
198796810557472768
198796811530534913
198796811769618432
198796811606036482
198796811819954180
198796812612673537
198796813271187457
198796813791281152
198796812918865920
198796814621745152
198796815833903104
198796814751768576
198796816484007937
198796817972985856
198796818744750080
198796820762206208
198796821345222656
198796821227765760
198796821940805636
198796821596868608
198796822729334784
198796823446556672
198796822901297152
198796824285429760
198796821013872640
198796825577271298
198796826281918465
198796826911064064
198796827263381504
198796826634227712
198796824239280130
198796827267575809
198796827103993856
198796828018348032
198796827930267648
198796828290973697
198796829721247746
198796830505570305
198796830518161409
198796830606229504
198796830706909184
198796830551703553
198796831189254145
198796830442659840
198796830774005764
198796831101173761
198796831700946944
198796832766312448
198796833441579009
198796833953288192
198796835018637313
198796835110928384
198796835245146113
198796834796355585
198796836029480960
198796836323078145
198796836608286720
198796837119995904
198796837623304192
198796837627494400
198796838080487424
198796838411829248
198796838990655488
198796838692864001
198796839552692224
198796841347846144
198796841633054721
198796841687584768
198796839816925185
198796839842095104
198796842258006016
198796843235278848
198796843507912704
198796844711690241
198796844648759298
198796844460027905
198796845105938433
198796845621837824
198796842459340801
198796845504405506
198796845890273280
198796845659594754
198796846284554241
198796846141931520
198796846225829888
198796846045462529
198796847517663232
198796847547027456
198796847995822084
198796848335564801
198796848016785408
198796849132470272
198796851066052608
198796851917500419
198796852706021376
198796854647996416
198796854924804096
198796855230992386
198796855050645504
198796856115990529
198796856732565504
198796856409587714
198796856669650944
198796856619311104
198796856992595968
198796856648671232
198796856950669312
198796857193938945
198796858183782401
198796858422865921
198796858007625728
198796858049568769
198796859312046081
198796858108293120
198796859429498881
198796860478074880
198796860771667968
198796861073653760
198796862537465857
198796862478761985
198796862235480065
198796863107891200
198796863120490497
198796863640571905
198796863816728576
198796864219394048
198796865213444096
198796865678999552
198796867683885058
198796868015226885
198796868388532224
198796868887658496
198796868401115137
198796868946374657
198796870112378884
198796870091423744
198796870317907968
198796870523432961
198796871790100481
198796871886573568
198796872553463808
198796872758988800
198796872058552321
198796872754794497
198796871181938688
198796872150810624
198796873052602368
198796873811763200
198796874579329024
198796875204272130
198796874851946497
198796875250413569
198796875619504128
198796875523031041
198796875770507264
198796877620199425
198796876357709825
198796879553761281
198796879386001408
198796879536988162
198796880010944512
198796881227288576
198796881009180673
198796884016513026
198796884096200704
198796879163691008
198796885304156163
198796885748744193
198796886130429953
198796886453387266
198796886612787200
198796887032205314
198796886159802369
198796887510364160
198796888076595200
198796887703289859
198796888554749953
198796890173739008
198796889569767424
198796890266009600
198796891293622272
198796891889221633
198796892187000832
198796893206233088
198796893264941057
198796893705355264
198796893214609408
198796894422564866
198796894707777536
198796894640680961
198796894812639232
198796895823478785
198796895957692416
198796895538262016
198796896049954816
198796896406478848
198796895815073792
198796897396342786
198796897857716224
198796898088386561
198796898457493509
198796899698999296
198796899954868224
198796899719983104
198796900294594561
198796900143595524
198796900554653697
198796901938765826
198796901368348672
198796902869897216
198796903264169984
198796903146733568
198796904044306432
198796904363081728
198796904912523265
198796905868836865
198796906040795136
198796908548988928
198796909266210816
198796908926480384
198796909119410179
198796909459148802
198796909148782594
198796910004404224
198796910679691265
198796910260269057
198796911283666944
198796912504213505
198796912411947009
198796912860729344
198796911623421952
198796913292750848
198796914676867074
198796912290304000
198796915217924097
198796915717062657
198796916501397504
198796917394776066
198796921282895873
198796922033668096
198796922948030464
198796922226622464
198796924357312513
198796924374097922
198796924931932160
198796924948725760
198796924726427648
198796925347180544
198796922335670273
198796926265724929
198796926064394241
198796927410778112
198796927851180033
198796927888924674
198796928652283904
198796928824254466
198796928849424386
198796929310801920
198796928832651264
198796929671499776
198796930644590592
198796931319865344
198796930220953602
198796931177263104
198796931890298881
198796931458285568
198796931445686272
198796932288749569
198796932779474944
198796933463158784
198796934033588227
198796934021001216
198796934289440770
198796932188090369
198796935052791809
198796934461399040
198796935170240512
198796935107321857
198796935602253824
198796935342194692
198796935153451008
198796936323670016
198796937451941889
198796937523249153
198796937804267520
198796938425020416
198796939742019586
198796941604306945
198796941960810496
198796941998567424
198796942434779137
198796942778695680
198796939150626816
198796943294599168
198796943340736515
198796939846885377
198796942548025345
198796943806300161
198796942644494336
198796943089082368
198796944297046017
198796944678723585
198796944288645121
198796940996120576
198796945232375808
198796945341431810
198796944779395073
