198836456217772033
198836456519770112
198836456414904320
198836458117799938
198836458788888576
198836457224413185
198836459875209219
198836459673894913
198836460978323456
198836461817171969
198836462068842496
198836462039482370
198836461951401984
198836461959778305
198836461351612416
198836461343211520
198836462798643202
198836462748319744
198836463092252672
198836463012560896
198836463163555840
198836463427780609
198836463109021696
198836463209689089
198836462165295104
198836464501530626
198836464589619202
198836464778354688
198836465449451520
198836465969545216
198836465915019264
198836466137305089
198836465722081280
198836466443485186
198836466464464897
198836466518990848
198836467320098817
198836467747926016
198836466871320578
198836467932467200
198836468041515008
198836467542396929
198836468276408320
198836468293185537
198836468351897600
198836468624539648
198836468721000448
198836468876189696
198836468469350401
198836469161402368
198836469257875457
198836469190766593
198836469014605825
198836468804886528
198836469396291584
198836469698265089
198836470063173633
198836470063181824
198836470222569472
198836470142865408
198836470574891008
198836470788792320
198836470797185024
198836470822350849
198836471178866688
198836471325667329
198836471640227840
198836471313076224
198836471812194304
198836472151941120
198836472311316480
198836472328097793
198836472479092736
198836472583954432
198836472722362368
198836472638484484
198836473179549696
198836473234071553
198836473221496832
198836473322151937
198836473359896576
198836473636728833
198836473687056384
198836473078882306
198836473909354496
198836474152632320
198836474093907968
198836473955483648
198836474563665920
198836475046014977
198836474613989376
198836475356393473
198836475285090304
198836475394134016
198836475750649859
198836476111355905
198836476606296064
198836476702769152
198836476883111938
198836476996362240
198836476857946112
198836474018406400
198836477117997057
198836477201879041
198836477206081537
198836477407395840
198836477227057152
198836477579374592
198836478057517058
198836478225289216
198836478481149952
198836478565036034
198836478632136705
198836478980272129
198836479043190785
198836478980276225
198836479097704449
198836479227731969
198836479072550914
198836479248695296
198836479315808256
198836479223529472
198836478770556929
198836479290638336
198836479370334209
198836479408082946
198836479345180674
198836479500369920
198836476740501505
198836479613603840
198836479622004736
198836479701684224
198836479844298753
198836479894622208
198836479944966144
198836479911399428
198836479923982338
198836479965929474
198836480033046528
198836480477638656
198836480318259202
198836480020447233
198836480414720000
198836479886241794
198836480704131074
198836480704126976
198836480456658945
198836480863514624
198836480985153536
198836480972554240
198836481077411841
198836481136136193
198836481131941888
198836481308114945
198836481245200386
198836481446526976
198836481559764995
198836481467482112
198836481660420097
198836481761091585
198836481823997952
198836481987588096
198836481798848512
198836481987579904
198836482109227008
198836482260209666
198836482419605504
198836482641899520
198836482868396032
198836482851610624
198836483006803969
198836483203936257
198836483346538496
198836483526893568
198836483631742976
198836483644338176
198836483665309697
198836483799519232
198836483757580289
198836483816292353
198836483665305602
198836483891789824
198836483891806208
198836484088922113
198836483778560000
198836484206379008
198836484231528448
198836484269277186
198836484286062592
198836484307030017
198836484315426816
198836484420288513
198836484411887620
198836484499980288
198836484302831616
198836483451396096
198836484692910080
198836484785184768
198836484940369921
198836484768411651
198836485011685377
198836485062008834
198836485053624320
198836485103960066
198836485246562309
198836485263335425
198836485036847104
198836485460459521
198836485443686400
198836485552746496
198836485506605057
198836485615656961
198836485569519617
198836485733089280
198836485699547136
198836485724704768
198836485863124994
198836485758255104
198836485858922496
198836484294451203
198836485955399680
198836485997338624
198836485896683521
198836485577916416
198836486018314242
198836486118981633
198836486127366144
198836486190284802
198836486420959232
198836486265774083
198836486328696832
198836486269972480
198836486425157632
198836488316780544
198836488115453952
198836488279035904
198836488396480513
198836488396472320
198836488304214016
198836488241291265
198836488451002368
198836488392278017
198836488811712513
198836488778158081
198836488853663745
198836487985442816
198836488757190656
198836488916570113
198836488992071681
198836488669102080
198836488987869185
198836488522305536
198836489281486850
198836488627167233
198836489419886592
198836489302458368
198836489407315969
198836489348583426
198836489084354562
198836489474416640
198836489541533696
198836489566687232
198836489638002688
198836489772220416
198836489826746368
198836489747042304
198836489965146112
198836489830940672
198836490074206209
198836489738649600
198836490292314112
198836490288107520
198836490430709760
198836490221002755
198836490254565376
198836490443309056
198836490355216384
198836490581716992
198836490548166656
198836490552348673
198836490640441344
198836490711740416
198836490531389442
198836492481732609
198836492414615552
198836492385267713
198836492540444673
198836492683063297
198836492766949376
198836492938903552
198836492989247488
198836492943110144
198836492624347138
198836493161213952
198836493278642176
198836493245100033
198836493312212993
198836493358350339
198836493375111169
198836493542899712
198836493601619969
198836493572255744
198836493530312706
198836493752606720
198836493828108288
198836493672910848
198836493811335168
198836493983293440
198836494062989312
198836494042021890
198836494058782723
198836494289469440
198836494369169409
198836494432079873
198836494377562112
198836494482423810
198836494700511232
198836494759247872
198836494792802304
198836494960566273
198836494872481792
198836494939590656
198836495052836864
198836495057039360
198836495048650752
198836495069609984
198836495329656832
198836495212216320
198836495241592832
198836495434518528
198836495438725120
198836495329669120
198836495275147264
198836496663445504
198836496617320449
198836496596344832
198836496701210624
198836496755720193
198836496793473025
198836496902520832
198836496759922688
198836496902520833
198836496894136320
198836497149988864
198836497330352128
198836497015767041
198836497288400896
198836497443602433
198836497397448704
198836497363902464
198836497426821121
198836497292603392
198836497552654336
198836497586192386
198836497607176193
198836497623941120
198836497800114176
198836497934319616
198836498022400001
198836498022408193
198836498093707264
198836497976274945
198836497187745792
198836498269863937
198836498265686016
198836498353762304
198836498391515138
198836498357944320
198836498269868032
198836497871409153
198836498496364546
198836497217105921
198836498232131585
198836498647351296
198836498760597505
198836498676715520
198836498794156033
198836498693505024
198836498798358530
198836498961924096
198836499058409473
198836498970320896
198836499125510144
198836501109415938
198836501252014080
198836501461737474
198836501478514688
198836501319139329
198836501470126080
198836501621116929
198836501403009024
198836501394628609
198836501637894144
198836501725986816
198836501663068160
198836501604335616
198836501684035585
198836501746954240
198836501709193218
198836501965045760
198836501977632770
198836501952462849
198836501969252352
198836502069903363
198836502065713153
198836502036357120
198836502040551424
198836502183165952
198836502099279872
198836502178959361
198836502283812865
198836502199939072
198836502418046977
198836502296403969
198836502447390720
198836502497730560
198836502434807808
198836502480957440
198836502615175168
198836502543863808
198836502673891328
198836502711644160
198836502787137537
198836502854242304
198836502917160960
198836502703243264
198836503097524225
198836503181402113
198836502984269824
198836503022018561
198836503084929024
198836503206563840
198836503353364480
198836505056264192
198836505068830720
198836505098199040
198836505299517440
198836505400188930
198836505375031296
198836505567961088
198836505064636416
198836505710563328
198836505228226561
198836505735729153
198836505689600000
198836505245003776
198836505689604096
198836503512752128
198836505932865536
198836505358241793
198836505781866496
198836505244999680
198836506109018112
198836505848971264
198836506037714944
198836506222272513
198836506297774081
198836506331332610
198836506381651968
198836506431983616
198836506557808641
198836506675261443
198836505513426944
198836506595561472
198836506662670336
198836506528460801
198836506671067136
198836506813669376
198836506947895296
198836507094687746
198836507182764032
198836507237298177
198836507077906433
198836507346350080
198836507287629824
198836507467976706
198836507497340928
198836507275034624
198836507698659329
198836507786752000
198836507816099840
198836507799330817
198836507728035840
198836509426724864
198836509653204992
198836509829378048
198836510185897984
198836509984571392
198836510307524608
198836510399807488
198836510500466689
198836510299140099
198836509888086017
198836510907318272
198836510919892993
198836510961831936
198836510689206274
198836511175741440
198836511360299010
198836511268012035
198836511419006979
198836511343509505
198836511511289857
198836511519686656
198836511599370240
198836511691644929
198836511616147458
198836511762948096
198836511750369280
198836511838449664
198836511725195264
198836512018800640
198836512228519937
198836512488558592
198836512643743744
198836512564068352
198836512551477248
198836512736034816
198836512606011392
198836512845086723
198836512840880128
198836512853475329
198836512866045954
198836512807337985
198836512819916800
198836512954126337
198836513264517120
198836512220131329
198836513470021632
198836513335812096
198836513436467200
198836513574891520
198836513654579200
198836513637793793
198836513721692160
198836514094972928
198836514032070657
198836514103377922
198836514149502978
198836514258554880
198836512647942144
198836514363416577
198836514401173504
198836514271145984
198836514514411520
198836514631847936
198836514422128641
198836514745106432
198836514724134912
198836514732519424
198836514887700481
198836514828984320
198836514732515330
198836514938032128
198836515063857153
198836514032062466
198836515177115648
198836514292109312
198836515437158400
198836515353276417
198836515453927425
198836515592339456
198836515596546049
198836515063865345
198836515579760641
198836515948871681
198836516066304000
198836515768512515
198836514866741248
198836515437166592
198836516376686593
198836516468953088
198836516456370176
198836516435402752
198836516552843264
198836516703834112
198836516829671425
198836516775149568
198836517802754048
198836517848883201
198836517748211712
198836518029242369
198836518087954433
198836516892585984
198836518012461057
198836518113116160
198836518054400000
198836518142484480
198836518159257601
198836518213779458
198836518310248448
198836518335426560
198836518301876224
198836518297673728
198836518276702208
198836518436093953
198836518561910784
198836518629027840
198836518754844672
198836518691946496
198836518347997184
198836519069425664
198836519044268032
198836519212036096
198836519061032963
198836519262367744
198836519157514241
198836519279149056
198836519488851968
198836519593705472
198836519723745280
198836519799238656
198836519933448192
198836519820201986
198836519996366848
198836519996366849
198836520113807360
198836520260599808
198836520193503232
198836520419983360
198836520482906112
198836520558399488
198836520545812480
198836520537423875
198836520558395392
198836520248016896
198836520696815616
198836520801669123
198836521908969472
198836522424872961
198836522496180224
198836522575863808
198836522454233088
198836522848501760
198836522957537282
198836522584256512
198836523184037888
198836523410530304
198836523465048065
198836523469254656
198836523532165120
198836523150475264
198836523993538561
198836523808989185
198836524022902784
198836523423105025
198836524220026880
198836524085813248
198836524249387008
198836524379410432
198836524480069632
198836524605898752
198836524635267073
198836524853379074
198836524526223360
198836524698177537
198836525146976256
198836525243445248
198836525360877568
198836524563963904
198836525377662976
198836525969051649
198836525918720000
198836526170382336
198836526342352896
198836526564638720
198836526493335552
198836526698864640
198836526564646913
198836526493351936
198836526589804545
198836526740803584
198836526598209536
198836526833074176
198836526891798528
198836526900195329
198836527105716224
198836527189590018
198836527185408000
198836527353176064
198836527730659328
198836527818752001
198836527734857729
198836527818735616
198836528066215936
198836527462219777
198836528020066305
198836527277674496
198836527739047936
198836528204615680
198836527739056128
198836528275914752
198836528284303361
198836528355614720
198836528426917888
198836528045228032
198836528456282113
198836528590503937
198836528682762242
198836528728899584
198836528754069504
198836528879910912
198836528791830528
198836528947007488
198836529102204928
198836529144152065
198836525729976320
198836528640835587
198836529420959746
198836529450319874
198836529601331201
198836529618096129
198836529706176513
198836530331127808
198836530402426880
198836530310152192
198836530373066753
198836530444382209
198836530431803392
198836530050109440
198836530683445248
198836530737979394
198836530779914240
198836530888982528
198836530561822721
198836531010605056
198836530977046528
198836531274842113
198836531367129088
198836531375517697
198836531371323392
198836531480379393
198836531484573696
198836531677499392
198836531283243009
198836532151463936
198836532252123136
198836531857858560
198836532377948160
198836532205993984
198836532495384577
198836532457648129
198836532646383616
198836532784795648
198836532893855744
198836533128736768
198836533254561792
198836533330059264
198836533372006401
198836533548171264
198836533489442816
198836533506211840
198836533611077632
198836533573328896
198836533564936193
198836533875318784
198836533871128576
198836534198276096
198836534227644416
198836534370250752
198836534349275136
198836534454136832
198836534689013763
198836534730964994
198836534865174528
198836534881943552
198836534990999554
198836535074881536
198836535070703616
198836535175553025
198836535196516353
198836535376871424
198836535364288513
198836535561420802
198836535578214400
198836535720820736
198836535628529664
198836535754362880
198836535490134017
198836535624343555
198836536261869570
198836536068939776
198836536240902147
198836534881943553
198836536085712896
198836535083274244
198836535863427072
198836536589025281
198836536761008128
198836536773574658
198836537062981632
198836537167851520
198836537125896194
198836536991678465
198836537348202496
198836537314643969
198836537302069248
198836537515978752
198836536714870784
198836537549537281
198836537562120192
198836537260130306
198836537872482304
198836537851518976
198836537947992064
198836537478225920
198836538208034816
198836538161901569
198836537553715201
198836538346455041
198836538275147777
198836538648440832
198836538820407296
198836538409365505
198836539285966850
198836539319529473
198836539256610816
198836539525054464
198836539806064641
198836539160133634
198836539692826624
198836539751546881
198836536731648000
198836540099661824
198836539965440001
198836540087078912
198836540254863361
198836540540076033
198836539382439936
198836540779139072
198836540829478912
198836540825280512
198836540842061824
198836540523298816
198836539445362689
198836540959502336
198836541131464704
198836540451983360
198836541156638720
198836541114691584
198836541257302016
198836541282463744
198836541324406786
198836541483782145
198836541643165696
198836541597036544
198836541768994817
198836541622202368
198836541517340677
198836541769003008
198836541353762817
198836541961928705
198836542033235969
198836542066798593
198836542062600192
198836542142287872
198836542217789443
198836542104535041
198836542289084416
198836541408280576
198836542372970496
198836542825967616
198836542897262593
198836542909841408
198836542695948288
198836543006326786
198836542943404032
198836543383814146
198836542935019520
198836543719350272
198836542607859712
198836544059092992
198836544134594560
198836543568351234
198836543849365506
198836544222674944
198836544394629122
198836544428187648
198836544231047170
198836544809873408
198836544851804160
198836544897953792
198836544986025984
198836544939884545
198836544944078848
198836545329963009
198836545669697536
198836545401274368
198836545745203200
198836544881172480
198836545363521536
198836545787138048
198836545921368065
198836545900384258
198836546051375105
198836546068160512
198836546189787136
198836546223349760
198836545959116800
198836546336595968
198836546684727296
198836546756018176
198836546982522880
198836546915418113
198836547066408960
198836547133513730
198836547192242177
198836547263533057
198836547439689728
198836547250954240
198836547557138435
198836547611672576
198836547624247297
198836547557134336
198836547771056128
198836547796209664
198836547938824193
198836548123365376
198836548098199554
198836548446326784
198836548240809984
198836548848975872
198836549390049281
198836548714770434
198836549603954688
198836549608157184
198836549683642370
198836549763342336
198836549935312896
198836549968863233
198836550140829697
198836550161793024
198836550111469570
198836550388289536
198836550455394305
198836549922734080
198836550551863298
198836550212132864
198836550673510403
198836550816104448
198836550761594883
198836550778368000
198836550660915200
198836551046795265
198836550870646786
198836551009058816
198836551222956032
198836551378157568
198836551373959170
198836551688531968
198836551717888000
198836551835324416
198836551885668352
198836551948582912
198836551810154496
198836551940182019
198836551994712064
198836552036651009
198836551831126017
198836552024072193
198836552116355074
198836552359608321
198836552498020356
198836552741306371
198836552632254464
198836552338636800
198836552380596226
198836552858738688
198836553085235201
198836553223647233
198836553278160896
198836553332703233
198836553475293185
198836553412378626
198836553320103936
198836553441755139
198836553462722561
198836553500463105
198836553575964672
198836553596944384
198836553760522240
198836553534017536
198836553664036864
198836553789878273
198836553752133633
198836553794072576
198836554049916928
198836553454329856
198836553789882368
198836554213490689
198836554523877376
198836554574209025
198836554037346304
198836554586787840
198836554851037184
198836554360299520
198836555484372993
198836555643748352
198836555740221440
198836555354345472
198836555912200193
198836555949936640
198836556017053696
198836556017045504
198836555954130945
198836556054806528
198836556138692610
198836556239339520
198836556314845185
198836556264505344
198836556507783168
198836554930720768
198836556595855362
198836556730073089
198836556675555330
198836556759437313
198836556830740480
198836556931416064
198836557115957248
198836557023686656
198836557136932864
198836557136920576
198836557376008194
198836556562300930
198836557388595201
198836557489258496
198836557443108865
198836557015293952
198836558344880129
198836558156148736
198836558399410177
198836558596538368
198836558562988032
198836558592356352
198836558567190528
198836558617522176
198836558567182336
198836558860779520
198836558927892481
198836558915305474
198836558961446912
198836558688821249
198836558911123457
198836558860791808
198836558990811137
198836558542016513
198836559561232384
198836559825485824
198836559775145985
198836559783530496
198836560194584576
198836559590596609
198836560190382082
198836560173596674
198836559762554880
198836560299429889
198836560500764672
198836559540260865
198836560630792192
198836560005840896
198836560077127680
198836560781770753
198836560895016960
198836560261689344
198836561025056768
198836561184432131
198836560697888769
198836561184440321
198836561331236864
198836561008271360
198836561364787201
198836561603870721
198836561704525824
198836561993932800
198836562186870784
198836562497253377
198836562488852480
198836562568548352
198836562652442624
198836562627272705
198836562216226816
198836562740527105
198836562912481280
198836562455314432
198836563017347072
198836563130593280
198836563025727488
198836561536757760
198836563189305345
198836563403210752
198836563445166081
198836563671662594
198836563742961664
198836563759730688
198836564032356352
198836563440963584
198836564065910784
198836564242079744
198836563738755072
198836564372103168
198836564489543680
198836563499692032
198836564527284224
198836564799922178
198836564644741120
198836564116246528
198836564854456320
198836564888002563
198836564892192768
198836565005443072
198836565076750337
198836565148057600
198836565072556035
198836564661514240
198836565231931392
198836565198376962
198836565261291521
198836565244526593
198836564418236417
198836565391310849
198836565655552003
198836565697507328
198836565479395328
198836564195942402
198836566049828865
198836566095958016
198836566179848193
198836566251151360
198836566301491200
198836566402138112
198836565638774785
198836566368583681
198836566486036481
198836566515392512
198836566846734336
198836566867722241
198836566808997889
198836566825771008
198836566850936832
198836566884487168
198836566968385536
198836567165509632
198836567949848576
198836568063082497
198836568176336897
198836568495108096
198836568503484416
198836568541245441
198836568549621760
198836568482512896
198836568654495744
198836568478326784
198836568872595457
198836568931311616
198836569124249600
198836569166188545
198836569090686976
198836568880984065
198836569212338177
198836568885178368
198836569359122433
198836568960679938
198836569111662592
198836569447211008
198836569216520194
198836569606598656
198836569673699329
198836569845661697
198836569149415424
198836569963110400
198836570105720833
198836569979891712
198836570059583488
198836569619185666
198836570218971139
198836569971503106
198836570378338304
198836570374160387
198836570369949698
198836570361573376
198836570416091138
198836570374144002
198836570403512321
198836570479013888
198836570550304768
198836570609041409
198836570504167424
198836570516766720
198836570663567361
198836570751647744
198836570965540864
198836570780991488
198836572169322497
198836572202868737
198836572152532992
198836572181889026
198836572588752897
198836572446134272
198836572450324481
198836572718772224
198836572655857666
198836572743929857
198836572777480192
198836572752318464
198836572232220672
198836572488077312
198836572949454848
198836573079486464
198836573125607424
198836573171744769
198836573201108992
198836573243060224
198836571947016192
198836573230465024
198836572773294080
198836573586980865
198836573612150785
198836573658288130
198836573570207744
198836572836204544
198836572232224768
198836573893181440
198836573347913728
198836573763145728
198836573830254592
198836574333579264
198836574434230272
198836574602002432
198836574576844802
198836574551670785
198836574874640384
198836572932681728
198836574832705536
198836574891413505
198836573712826368
198836575218573312
198836575365365760
198836575487004672
198836575310852096
198836575466041344
198836575436681216
198836575474421762
198836576359432192
198836576317485057
198836576535584768
198836576560758784
198836576623665152
198836576627855361
198836575952576512
198836576715931648
198836576661409792
198836576871129090
198836576636256258
198836576992755712
198836576812408833
198836577059868672
198836576837582848
198836577173118976
198836577479311360
198836577697406976
198836577865183232
198836578041335808
198836578116833280
198836578204925952
198836578339131392
198836577911308289
198836578410430464
198836578498514944
198836578083274752
198836578104258560
198836577424773121
198836578808905728
198836578741796864
198836578347520000
198836578964082688
198836578754375680
198836578972475393
198836578938929152
198836578855034881
198836579006021633
198836578964082690
198836579047976960
198836579039584256
198836579270266880
198836579270262784
198836579257679872
198836579370942464
198836578779533312
198836578678874113
198836579463204865
198836579731640320
198836579819716608
198836580620845056
198836580885086208
198836580113326080
198836580817977344
198836581241602048
198836581392588804
198836581421953025
198836581468082176
198836581614886912
198836581614878723
198836580897665026
198836581661020162
198836581669404673
198836581405171713
198836581736529920
198836581765877760
198836581291933698
198836582164336640
198836582206279680
198836582285975552
198836582453747713
198836582449549312
198836582567002115
198836582541819904
198836582550212608
198836581698781184
198836582713790464
198836582688624640
198836582814466048
198836582852210689
198836582919315456
198836582889963520
198836583007399936
198836583221309440
198836583196147712
198836583321972736
198836583254867969
198836583359717376
198836583254855680
198836583087091712
198836582625722370
198836583489732608
198836583305183234
198836583380692993
198836583280033794
198836582902542336
198836583590408192
198836583707840512
198836583577829376
198836583653322753
198836584735444992
198836584802557957
198836584563482624
198836584810938369
198836584869658627
198836584924192769
198836584857079809
198836585108742146
198836585192624129
198836585356214272
198836585234571266
198836585498812417
198836585519788033
198836585536569344
198836585540763648
198836585763045376
198836585909850112
198836585813389314
198836585897275392
198836586136350722
198836586270560256
198836586241208324
198836586237014017
198836586392195072
198836586060845056
198836585838555136
198836586471886849
198836586476089344
198836586367025153
198836585972772865
198836586568359936
198836586639667200
198836585939222528
198836586820009985
198836586694184960
198836586706776064
198836586882928641
198836586924879876
198836587025547265
198836586224422913
198836586966818816
198836587012947968
198836587159756800
198836585872113664
198836586966814722
198836587398836225
198836587570798592
198836587570798593
198836587516276738
198836587222671360
198836589059784706
198836588963299329
198836588623560705
198836589214957568
198836588954927104
198836589349179392
198836589537918976
198836589743443969
198836589768617984
198836588392873985
198836589969932289
198836589852491776
198836589974126592
198836589936381955
198836589365968896
198836590041243649
198836590112542721
198836589437272064
198836590204817408
198836590192230401
198836590351618049
198836590422917120
198836590460665856
198836589831520256
198836590649417728
198836590691352576
198836590800420866
198836590959800320
198836590762668032
198836591060459520
198836591232425985
198836590754279425
198836591261777920
198836591140147202
198836591416983552
198836591471497216
198836591433748482
198836591450537985
198836591542812672
198836591651864577
198836591597330432
198836591710572545
198836591878344704
198836591320514561
198836591723155457
198836591987408896
198836591739932672
198836591869960192
198836592029339648
198836591194673152
198836593337958400
198836593400889346
198836593367318528
198836592704622592
198836593623179264
198836592926920704
198836593593823232
198836593526702081
198836593556062209
198836593702875137
198836593862258688
198836593761599490
198836593610600449
198836593862262785
198836593975500801
198836594063577088
198836594197794817
198836594281689088
198836594134884353
198836594134884352
198836594323636224
198836594365566976
198836594357182466
198836594483007489
198836594554322945
198836594499788801
198836594206191616
198836594390745088
198836594810171392
198836594810167297
198836594965356544
198836595003101184
198836594923413505
198836595019890689
198836595057623040
198836595078594561
198836594948575233
198836595296714752
198836595326058496
198836594386542593
198836594910834688
198836595460276224
198836594940198912
198836595535773697
198836595451904001
198836595716136961
198836595560943617
198836595888111617
198836595841966081
198836595451904000
198836597339328512
198836597209317378
198836597276413956
198836597423222784
198836597465169920
198836597511307264
198836597641318401
198836597779730435
198836597662289921
198836597242855425
198836597930721280
198836598148833280
198836598161424385
198836597486129152
198836598341775362
198836598492774401
198836598459203584
198836598803152897
198836598815731712
198836598673129476
198836598731837440
198836598882828290
198836598455009280
198836598945742848
198836598954139648
198836598987698176
198836598912192512
198836598937370624
198836599096737793
198836598908006400
198836599327428608
198836599298076674
198836599407128577
198836599428096000
198836599390347264
198836598983499779
198836598371139584
198836599528755200
198836599436484608
198836599511973889
198836599570702337
198836599457464322
198836599751049217
198836598954143744
198836599826558976
198836599864311808
198836599243538432
198836600225021954
198836600187260928
198836600178872320
198836601495879680
198836601579765760
198836601466523648
198836601764323329
198836601420398592
198836601676251137
198836601722380288
198836601881772032
198836601437175808
198836601965649921
198836602024370176
198836602234081280
198836602263445507
198836602288619521
198836602322169857
198836602364104705
198836602280214528
198836602431213568
198836602682875904
198836602749980674
198836602838073344
198836603051966464
198836602632552448
198836603081338881
198836602565427200
198836603093925889
198836603282669568
198836603316224000
198836603236532224
198836603433660417
198836603391705089
198836603014221825
198836603005837312
198836603609825281
198836602456391682
198836602825474048
198836603622395906
198836603840503808
198836603282657280
198836603882438656
198836603232329729
198836604033437699
198836602791923712
198836603446247424
198836604331233280
198836604251541504
198836604373180416
198836604532572160
198836604012466178
198836604549349377
198836605732130818
198836605681807360
198836605757300736
198836605706964992
198836605757292545
198836605765693440
198836605069426689
198836606176735232
198836606193508352
198836606180917248
198836606411608069
198836606675849217
198836606646484992
198836606701019137
198836606843621378
198836606919131137
198836606965268480
198836606327730177
198836606935904256
198836607003013120
198836606994628609
198836607107874820
198836604046028801
198836606784905218
198836606604558336
198836607124639745
198836607120441344
198836606940090368
198836607367905280
198836607351128065
198836607401463808
198836607615381504
198836607682490370
198836606868799488
198836607661518848
198836607770562560
198836607963496450
198836608030613504
198836608047390722
198836607997067264
198836607946727424
198836607581818880
198836608215158785
198836608273891329
198836608290656256
198836608332595200
198836608307437569
198836607908986880
198836608487796736
198836608525549569
198836609955803136
198836609897086977
198836609859330048
198836609939030017
198836609943212033
198836610115186688
198836609481846784
198836610064855041
198836610295537665
198836609792225280
198836610471690240
198836610513637376
198836610236809216
198836610693992449
198836610412978178
198836610668834816
198836610694004736
198836610274566146
198836610253602817
198836610127757314
198836610492665857
198836610819833857
198836610924679168
198836610916302849
198836610920484865
198836610849193984
198836610945650691
198836611050504195
198836611138584579
198836610425556993
198836611100835840
198836611256025088
198836611167956993
198836611251834882
198836610656239617
198836611180527617
198836610433957888
198836611335716864
198836611381870592
198836611436384256
198836611419615232
198836611595771904
198836611570614272
198836611574808578
198836611847438336
198836611335733248
198836611834851329
198836611792904192
198836611805478915
198836612011003904
198836614120738816
198836612585635841
198836613776801792
198836614133325824
198836614510804992
198836613604839424
198836614376587264
198836614498234368
198836614573723650
198836614586310656
198836614133317632
198836614544359424
198836614649225216
198836614674399232
198836614657617920
198836614699548672
198836614762467328
198836614720536577
198836614754074624
198836614858932225
198836615051870208
198836615018315777
198836615039299585
198836614808616960
198836613592252417
198836615114788864
198836615085436928
198836615261597697
198836615387430912
198836615035092993
198836615597146112
198836615437750272
198836615597137920
198836615509057537
198836615261597699
198836615857184769
198836615852994561
198836615160930305
198836615974621184
198836615945273344
198836616154976258
198836615454523392
198836615538409474
198836616394059776
198836616461164544
198836616511500289
198836616616357889
198836616456974336
198836616507301888
198836616335343616
198836618482819073
198836618453458944
198836618587684864
198836617966911489
198836617140649985
198836618663174145
198836618562519040
198836618587680768
198836618696728577
198836618734469120
198836618789011458
198836618822549504
198836618080169984
198836618868690944
198836618776416257
198836618801582080
198836618507980801
198836618256330752
198836618977751040
198836618960961536
198836618356981761
198836619007111168
198836619007107072
198836619099373568
198836619225210883
198836619225206785
198836618730274818
198836618902257664
198836619346849793
198836619372015616
198836619346849792
198836619292319746
198836619279732736
198836619451707393
198836619602698241
198836619648827392
198836619510427648
198836619166494721
198836619657220098
198836619808223233
198836620076662785
198836620076658688
198836619711750144
198836620114411523
198836620210876416
198836620294762496
198836620009553920
198836620311535617
198836619862745089
198836620357677056
198836622513549315
198836622450630656
198836622396104704
198836622593241088
198836622542901249
198836622672936960
198836622723256321
198836622647767042
198836622966525952
198836622781980673
198836623029448704
198836622391914496
198836622379327488
198836622949744641
198836623079784448
198836623104937984
198836623134302208
198836623197212673
198836623092350977
198836623218180097
198836623255928833
198836623478226944
198836623557922816
198836623604060161
198836623616638977
198836623591485443
198836623616651265
198836622438039552
198836620437372928
198836623914450944
198836623918645248
198836623994138625
198836623994138624
198836624073834496
198836624128344065
198836624128360448
198836624187064320
198836623746674688
198836624031875073
198836624166100992
198836624237408256
198836624392601600
198836621066506240
198836624405184512
198836624501645314
198836624551981056
198836624572956672
198836624602308609
198836624807821313
198836624812015616
198836626657517568
198836626334552064
198836626712051712
198836626871431170
198836626892394496
198836621884403714
198836625705414658
198836626871422976
198836626934341632
198836626829479936
198836627043401728
198836627102121984
198836627148242944
198836626523291649
198836626791735297
198836627144048642
198836626661711872
198836627299246080
198836627408306176
198836627454439425
198836627450249216
198836627618013187
198836627630604290
198836627676725248
198836627441848321
198836627601231872
198836627718676481
198836627806765056
198836624484864002
198836627806756864
198836627731259392
198836627664158720
198836627878060034
198836627336998913
198836627773202432
198836627622203392
198836627940982786
198836628171653120
198836628133916675
198836628054212610
198836628222001153
198836627798376449
198836627936780288
198836627714486272
198836628289093632
198836628331044865
198836628431708160
198836628070998017
198836628624637953
198836628670791681
198836622366748674
198836630860218368
198836630956679168
198836630969266177
198836631019593728
198836621708234753
198836630579183616
198836631099293696
198836631095099392
198836630528864256
198836631178973184
198836631267065856
198836631283834880
198836631283843072
198836631472574465
198836631556468737
198836631518707712
198836631795539968
198836631833280514
198836631749394432
198836631770382336
198836631950733312
198836631858450432
198836631988477952
198836631912976384
198836630927314944
198836631350939649
198836632143663106
198836632076566530
198836632298864640
198836632240128000
198836631367729152
198836632311447553
198836632449855491
198836632466628608
198836630738579457
198836632500187136
198836632554713090
198836632634408960
198836632705708032
198836632424685568
198836632806371328
198836632441454592
198836632777003010
198836632630202368
198836632986726402
198836633083183104
198836633150296067
198836635117436932
198836634966437888
198836634962231297
198836634794459138
198836634979024896
198836634463109120
198836634932871168
198836635033538560
198836634840600576
198836635222282240
198836634660257799
198836635327148032
198836635130015744
198836635411034112
198836634689609729
198836635448770562
198836635411030018
198836635574603778
198836635490717697
198836635595571200
198836635683663873
198836635671085056
198836635130003456
198836635721400320
198836635905966080
198836635939520512
198836635343929345
198836635943706624
198836635939508225
198836636019195906
198836635717206016
198836636119875584
198836636270870528
198836636258275328
198836636212137984
198836636262469632
198836636027584512
198836636501557249
198836636501549056
198836635616542720
198836636145025026
198836636363128832
198836636715450368
198836636803530752
198836636925181953
198836636388298752
198836636950331393
198836637080358913
198836637030031362
198836637004869633
198836639315931136
198836639273984002
198836638955208704
198836639454343169
198836639714394112
198836639437565952
198836639617916928
198836639529840641
198836639706001408
198836639504666624
198836640020578306
198836640154796032
198836640142196737
198836639961841664
198836639034900481
198836640049930242
198836640238673920
198836640247058433
198836640381284353
198836640490323968
198836640460976128
198836640398049280
198836640611971072
198836640389660672
198836640272236546
198836640595185667
198836640314179587
198836640381280256
198836640242876416
198836640767164416
198836640913952769
198836640960086016
198836640981061632
198836641018810368
198836640561627136
198836641434058752
198836641475985410
198836641400500225
198836641538899968
198836641572466689
198836641559887873
198836641236914178
198836641597620224
198836641677328385
198836641748619264
198836641736048643
198836641895432194
198836641996087296
198836641954144256
198836642079973376
198836643489259521
198836643384397825
198836642520371200
198836643401179136
198836643682205696
198836643598303232
198836643069825024
198836643812220928
198836643959013377
198836644093235201
198836643887726592
198836643912880128
198836643900293123
198836644059688962
198836644105818112
198836643598319616
198836644219076609
198836644130983936
198836643766083584
198836644231651328
198836644235845633
198836644386848768
198836644533645312
198836644504285184
198836644013539328
198836644726583298
198836644730765313
198836644135182336
198836644781109248
198836644806279168
198836644797882368
198836644961464320
198836644986621953
198836645129228290
198836645208932355
198836645154390017
198836645175369728
198836645284429826
198836645229887488
198836645334753283
198836644693016576
198836642981756928
198836645389287425
198836642054807553
198836645259247616
198836645531877376
198836645427023873
198836645498327040
198836645582225410
198836644902735875
198836647788425218
198836646177804290
198836647830368259
198836647746486272
198836647842938882
198836647951990786
198836647650009088
198836648086224897
198836648144936960
198836648157511682
198836648123957250
198836648237211648
198836647977160706
198836647696154625
198836647616454657
198836648388202496
198836648404979712
198836648451121152
198836647859724289
198836648581140480
198836648484679682
198836648623079428
198836648551788544
198836648274952193
198836648740519936
198836648769880064
198836648736325633
198836648857964544
198836648954441728
198836649034129410
198836648149139456
198836649029931008
198836649118007297
198836649122217984
198836648979611648
198836649055100929
198836648937656320
198836648971210752
198836649025736704
198836649264820224
198836649315155968
198836649440976898
198836649566801920
198836649155768322
198836649415819265
198836649604546560
198836649680056320
198836649701015552
198836649701023745
198836649856212993
198836651978534912
198836651894644739
198836651823333377
198836651441659904
198836652003696642
198836652137910273
198836650946736129
198836652150501376
198836652410540032
198836651743657984
198836652469264384
198836652330860544
198836652322463744
198836652477644801
198836652033048576
198836652599287808
198836652431507458
198836652431523840
198836652704149507
198836652729311233
198836652846743552
198836652871921664
198836652586713089
198836652947419139
198836653069058050
198836653152944128
198836653144555520
198836652817399810
198836653232635904
198836653148737536
198836653274566657
198836653241024513
198836652775452672
198836652439908352
198836653295534080
198836653475897345
198836653396205569
198836652964192258
198836653639479297
198836653740142592
198836653706579968
198836653731749888
198836653824016386
198836653807247361
198836653979217920
198836654012764160
198836653752721408
198836653995995136
198836654243463169
198836654214098944
198836656013447168
198836656059592705
198836656151859200
198836656214769665
198836653731741698
198836656160251904
198836656302866433
198836655807938561
198836655505948672
198836656067973121
198836656403513344
198836656462237696
198836656487403523
198836656638406658
198836656583868416
198836656755834880
198836656797786113
198836656709701633
198836656588075009
198836656374153217
198836656772612096
198836657015898113
198836656973942785
198836656982335488
198836657112354819
198836657062019072
198836657003311105
198836657233993728
198836657326264320
198836656315449344
198836657431121920
198836657280139264
198836657250770944
198836657330462720
198836657024286720
198836657460486144
198836657414344704
198836657565335552
198836657145909249
198836657758281729
198836656453844992
198836657716338689
198836657737314304
198836657754095616
198836657913479168
198836657900888066
198836657842167808
198836657917673472
198836657540182017
198836657930240000
198836660383924225
198836659763154944
198836660476198917
198836660463599616
198836660501352450
198836660442636288
198836660476182529
198836660396490752
198836659687669761
198836660715270144
198836660551696384
198836659700252672
198836660790755328
198836660723646466
198836660908199937
198836660841086976
198836660862074882
198836660438433792
198836660874653696
198836660836900864
198836660891418624
198836660945956864
198836660874645504
198836661013061632
198836660979515392
198836661122109441
198836661176647681
198836661210189827
198836661310865410
198836661189222401
198836661071781889
198836661403131906
198836660715257856
198836661440872449
198836661482815488
198836661461848064
198836660904017920
198836661503799297
198836661491204096
198836661579288576
198836661600256000
198836661566701568
198836661638008832
198836661671563264
198836661638008833
198836661851914240
198836661747056640
198836661910634496
198836660434251777
198836661390544896
198836664439812097
198836664406253569
198836664372703233
198836664360116225
198836664443994114
198836664540475394
198836664397873152
198836664045543425
198836664586612736
198836664607588352
198836664683081728
198836664641134595
198836664628555776
198836664636940288
198836664720834561
198836664662106112
198836664041353216
198836664829870080
198836664859238402
198836665056366592
198836664699846657
198836664028774403
198836665060569088
198836665148645376
198836664821485568
198836665182195712
198836665186385920
198836664649531392
198836665266077697
198836665320615936
198836665316409344
198836663944884224
198836665404489730
198836665383522304
198836665119285250
198836665526128642
198836665513545728
198836665496772611
198836665685508097
198836665702285312
198836665630994432
198836665761021953
198836665727451137
198836665018613760
198836665622593539
198836665849085952
198836665622597632
198836665823932416
198836665907822592
198836665886846977
198836668625731585
198836668747358209
198836668889960448
198836668747362304
198836668848013315
198836668965457920
198836668936097794
198836668793487360
198836669057736704
198836668856414208
198836668982231040
198836669196140545
198836669338750976
198836669326163968
198836669338759168
198836669338746880
198836669351333889
198836669267456000
198836668697022464
198836669170978816
198836669204529152
198836669485547521
198836669347151872
198836669573640194
198836669485555713
198836669569433600
198836669615575041
198836669636558848
198836669783347200
198836669867229185
198836669753999360
198836669921771521
198836669170987008
198836669917564928
198836669875630081
198836666776039424
198836669997260800
198836669888217088
198836669531701248
198836669452005377
198836668835446785
198836670206971904
198836670118887427
198836670303440897
198836670211174401
198836670290866178
198836670366359554
198836670374744064
198836669548478465
198836670580260864
198836672887136257
198836672950059008
198836672870350850
198836672870359040
198836672962629634
198836672299925505
198836672987795456
198836673017163777
198836673109438464
198836672891326465
198836673008779264
198836673151381504
198836673147174913
198836673331740674
198836672983605248
198836673461747714
198836673390456832
198836673545633792
198836673633714176
198836673709223936
198836673092653056
198836673742770176
198836672773881856
198836673751171072
198836673252036612
198836673843437569
198836673994424321
198836673994436609
198836674090909696
198836673373667330
198836673189117952
198836674111868928
198836674023788544
198836673260437505
198836673373683712
198836674153816064
198836673591779328
198836674166394883
198836674233516033
198836674220924929
198836674279653376
198836674304815104
198836674292219904
198836674355134464
198836674329968643
198836674342567936
198836674350948353
198836671612076032
198836674518716416
198836674543894529
198836677056270336
198836676762664961
198836676330663936
198836677085626368
198836677110796291
198836677110796288
198836677018521600
198836677236629506
198836677228244993
198836676813004800
198836677265993729
198836677215657984
198836677312126976
198836677446344704
198836677454733313
198836677421174785
198836677366648833
198836677492482048
198836677593149440
198836677614108672
198836677672837120
198836677731549186
198836677408591872
198836677295349761
198836677698002944
198836678058721281
198836678142603266
198836678180356096
198836677849001984
198836678163566593
198836678142603268
198836678201323520
198836676850745345
198836678461358080
198836677941264385
198836678314573824
198836678373277697
198836678524289026
198836678339731457
198836678499115010
198836678432002048
198836678624948225
198836678650118144
198836678532673536
198836678562021376
198836677664456705
198836678276820993
198836678759161857
198836676427124736
198836678889181184
198836681187672064
198836681225420802
198836681137336321
198836681447718912
198836681573548033
198836681531600896
198836681556770817
198836681560965122
198836681682599936
198836681598705666
198836681380597761
198836681833594880
198836681506430977
198836682013937664
198836681623863296
198836681871339520
198836681967796224
198836681607102464
198836681800028162
198836682043297795
198836682030714880
198836682034921473
198836681158295553
198836681657430016
198836681091198977
198836682206871552
198836682211069955
198836682332704768
198836681980395520
198836682215272448
198836682240425984
198836682366263296
198836682299146240
198836682441764864
198836682320117762
198836682412404739
198836682513068032
198836682521452545
198836681883922433
198836682651484160
198836682160742401
198836682743742464
198836682575978497
198836682781495296
198836682861195266
198836682571776000
198836682999595008
198836682517258241
198836682903134208
198836683133816832
198836685474250753
198836685402931201
198836685574905856
198836685679767553
198836685734293505
198836685906251776
198836685851725825
198836686006923264
198836685394558977
198836685755260928
198836685604265984
198836685528772609
198836686090813440
198836686053048320
198836685767835648
198836686279548928
198836686250192896
198836686296330240
198836686287933440
198836686338265088
198836685931429889
198836686396993536
198836685969170432
198836686384402435
198836686426341376
198836686409576448
198836686250188801
198836686438928385
198836686371831808
198836686325686276
198836686573142016
198836685407129601
198836686665424898
198836686652833792
198836686724141056
198836686493454336
198836686740922368
198836686434742272
198836686749310976
198836686971600896
198836686355038208
198836686258569216
198836687047114752
198836686799638529
198836687034531840
198836686485078019
198836686552174593
198836686451519488
198836686770286592
198836687273607168
198836689593044993
198836689752436736
198836689702100992
198836689857286144
198836689957945344
198836689345576960
198836689907617792
198836689991512064
198836689844707330
198836690004082689
198836690226380801
198836690280923136
198836690280919042
198836689718874112
198836689899225088
198836688322183171
198836690461274112
198836690519986177
198836690083774464
198836690519986176
198836690549354497
198836690599686145
198836690872315904
198836690297700354
198836690834558976
198836690578718720
198836690897481728
198836690859732993
198836691249803265
198836691241414656
198836691266580480
198836691342073856
198836691392409601
198836691455311872
198836691388203008
198836691442745345
198836691539197952
198836691493068800
198836691652448257
198836691346268160
198836691753115648
198836691786661889
198836691614703618
198836692000579584
198836691857969152
198836691971215361
198836691384020993
198836692029935617
198836692088655873
198836692080267264
198836693762187265
198836693825110017
198836693971902464
198836694076751873
198836693669912577
198836694399713281
198836693892202497
198836694286467072
198836694441672704
198836694341001218
198836694491987969
198836694676549634
198836694164836352
198836694814949376
198836694852714496
198836694651387905
198836694840123393
198836694898835457
198836694982721538
198836694898847744
198836694240342017
198836694525550593
198836695062429696
198836695028871171
198836694924017666
198836695066611713
198836695100174336
198836695150501890
198836695230197763
198836695230189568
198836695448297473
198836695326658560
198836695431524354
198836694718480384
198836695595094016
198836695561535492
198836695523803136
198836695565742080
198836695712530432
198836695733501954
198836695930642432
198836696022913025
198836695515414530
198836695339249664
198836695905476608
198836695754489856
198836696060657665
198836696006131713
198836696232640512
198836695964200961
198836698023604224
198836697834860544
198836698040373249
198836696635293697
198836698052952064
198836698065534976
198836698065551360
198836697943908353
198836697293795328
198836698212335616
198836697776140288
198836698162003968
198836698191376386
198836698367528961
198836698434633730
198836697633538049
198836698451419136
198836698413678593
198836698501754880
198836698464002050
198836698518528000
198836698237501441
198836698648551427
198836698577240064
198836697910362113
198836698673709057
198836698598211584
198836698690494464
198836698770194432
198836698682105856
198836698996678656
198836698468188162
198836698988298240
198836698883428352
198836698958921728
198836698212343808
198836698992488451
198836699034427392
198836698950533120
198836699227361280
198836699244134402
198836698749218816
198836699395133440
198836699420311553
198836699491614720
198836699382546433
198836699613237248
198836699210588160
198836699625832448
198836699525152768
198836702247264256
198836702188544000
198836702264037376
198836702381486081
198836702398263297
198836702352125952
198836702389862400
198836702511513601
198836702503112705
198836702402445312
198836702406647808
198836702566027266
198836702515703810
198836702679281664
198836702557646848
198836702788337664
198836702884802560
198836702410833920
198836702964482048
198836703044173825
198836702729613313
198836703090319360
198836703019020288
198836703107096577
198836703182598144
198836703010627584
198836702670897153
198836703128059904
198836703237115905
198836699831341058
198836703165825024
198836703274876928
198836703002238976
198836703237128193
198836703455223810
198836703421661184
198836702914162688
198836703375532033
198836703383912448
198836702549262337
198836703509749763
198836703488774145
198836703572668416
198836703765594112
198836703597826048
198836703719456768
198836703807537152
198836703245500416
198836703824318467
198836703820136450
198836706412204032
198836706357690370
198836705200050176
198836706504478720
198836706366074881
198836705833390082
198836706168934401
198836706655485952
198836706038906880
198836705808224256
198836706009563137
198836706798092288
198836706420592642
198836706852610048
198836706806476801
198836706923921408
198836707251073025
198836707230093312
198836707259457536
198836707293003776
198836707230097410
198836706743562242
198836706726785028
198836707364306945
198836706957475840
198836707397873664
198836707334963202
198836707418841088
198836707578228736
198836707582410753
198836706928115713
198836707485958145
198836707284615169
198836707217510400
198836707347529728
198836707620171776
198836707662118914
198836707284619264
198836707737604096
198836707326558208
198836707326558209
198836707423027201
