198833436780281856
198833436906110976
198833436906098689
198833436557971456
198833437023539201
198833436922888192
198833437040320513
198833437103230976
198833436629286913
198833437208088578
198833437287788544
198833437342318593
198833437539446784
198833437707210752
198833437669462017
198833437946281985
198833437849821184
198833438457999361
198833438378295296
198833438650941440
198833438495744001
198833439036805121
198833439443660801
198833439456247809
198833438961319936
198833439842115584
198833439825346560
198833439884066819
198833440278323200
198833440303493120
198833440353824768
198833440735494145
198833440571924480
198833440987168769
198833440991354880
198833441251393536
198833441402404864
198833440764866560
198833441549205506
198833440819396609
198833441666641920
198833440307687427
198833441867964416
198833441842794496
198833442660696064
198833442761351168
198833442878791680
198833440848740352
198833441213648896
198833442882985984
198833442153177088
198833443046563840
198833442467753984
198833442488713217
198833443117875202
198833442891382785
198833443298226176
198833443445026816
198833442987851777
198833443226914816
198833443226910721
198833444539744259
198833443755401216
198833443621191681
198833444753645571
198833444728479744
198833443814113280
198833443864453120
198833443084308480
198833443054952449
198833445311496192
198833445072420867
198833445370208257
198833445386989569
198833445047250944
198833445386985472
198833445743493121
198833445642842112
198833443809923072
198833445638635521
198833444975947777
198833445470875649
198833445898698752
198833444711694337
198833445349236736
198833445932253186
198833446074851328
198833445772861442
198833446141964289
198833446326509568
198833446318120960
198833446456528897
198833446456524800
198833446662057984
198833446259404800
198833446964035584
198833447358300160
198833447349911553
198833447253446658
198833447458967553
198833446884360192
198833447932936192
198833448142639105
198833448436252672
198833448641769472
198833448109092864
198833448880832513
198833449195405313
198833449526763520
198833449568698368
198833449665167360
198833449942003712
198833449560313856
198833449149272065
198833449988132865
198833450285936640
198833450764091395
198833450822811648
198833451170930688
198833451372257282
198833451342888960
198833451175133184
198833451611324416
198833451527438337
198833451149955072
198833451342893057
198833452047540224
198833452081090560
198833452190142464
198833452840267776
198833452886405120
198833453070942208
198833453259702274
198833453209362433
198833453708488706
198833453096108032
198833453960142848
198833453263880192
198833453897236481
198833454220185600
198833454262128641
198833454627037185
198833454853537792
198833454857719808
198833454769651713
198833455142932482
198833455059058689
198833455289737219
198833455298125825
198833454702526465
198833455499448321
198833455491063808
198833455738535937
198833455344259072
198833455788859392
198833455990181888
198833456107618305
198833456065691648
198833456027934720
198833456162144256
198833456237641729
198833456262819841
198833456308957185
198833456665473026
198833456749363201
198833456858402817
198833457135230978
198833457181364224
198833457286217729
198833457235898370
198833457386881024
198833457953112065
198833457386893312
198833457420439552
198833457839882243
198833458242527232
198833458540326913
198833458703892481
198833459098169345
198833459098173443
198833459194638339
198833459228192768
198833459152683009
198833459496624128
198833459739889665
198833459953799168
198833459685376000
198833460117385216
198833460138348544
198833460301926400
198833460570361856
198833460813635584
198833460830420992
198833460444532736
198833460754915328
198833461031731200
198833461304365056
198833461237256194
198833460889137153
198833461082079233
198833461715402754
198833461610553345
198833461698625537
198833461350514690
198833461547634689
198833461950296064
198833462029983744
198833462097084416
198833462340362240
198833462373916672
198833462277451776
198833462495551489
198833462684291072
198833461954494466
198833462529101825
198833461375668227
198833462717857794
198833462873042944
198833463091142656
198833463414112256
198833463623819264
198833463074357248
198833464433315841
198833464550760450
198833463833542657
198833464852746241
198833464903081984
198833465188302848
198833464483651585
198833465167314946
198833464768868352
198833465418981376
198833466006183936
198833466207510528
198833466371088384
198833467176390656
198833467193171969
198833467281244161
198833467574853632
198833467511947264
198833467528720386
198833467700690944
198833467935571968
198833467402895360
198833467910402048
198833468287881218
198833468778610688
198833468837330944
198833468854112256
198833469068034049
198833468799582210
198833469260967936
198833469592313856
198833469231595520
198833469806219264
198833469680398336
198833469919477760
198833470200487936
198833470418591745
198833469915283457
198833470628302849
198833471609778176
198833471924338688
198833471932735488
198833472104710144
198833472238919680
198833471475548160
198833472566083585
198833472658341888
198833472385720320
198833472431849472
198833472905822208
198833473123909632
198833473128116225
198833473207812096
198833473606270977
198833473774034944
198833473887285248
198833473908260865
198833474046660608
198833473434296322
198833473954390016
198833474210238464
198833474050850816
198833474499657728
198833474520629248
198833474470285313
198833474470285314
198833474470297601
198833474415767552
198833474516426752
198833474558361603
198833471572025344
198833474810023938
198833474499653632
198833474499653633
198833475372072962
198833475724394497
198833475288174592
198833475770523651
198833475804082178
198833475774726144
198833476093493249
198833476089290752
198833476114464768
198833476886200323
198833476751986689
198833476970090497
198833476823302144
198833477225947136
198833477410504704
198833477469212672
198833477133664256
198833477037199364
198833477783789568
198833477825736704
198833477477613568
198833478140309504
198833477557305345
198833478429720577
198833478471655425
198833478853332994
198833479054671872
198833478928830464
198833479134351360
198833478652006403
198833479344074753
198833479306330112
198833479427960833
198833479046266880
198833479474102272
198833479583150080
198833479423758336
198833479620890624
198833478907854848
198833479784464384
198833480111628288
198833480120012801
198833480375877632
198833480505884673
198833480703025152
198833480803688448
198833481118261249
198833480841437184
198833481374117889
198833481743216640
198833481818701824
198833481801936897
198833481906790401
198833481869037568
198833481952919552
198833482049396737
198833482204585984
198833482418503680
198833482577870848
198833482154258432
198833481831284737
198833482695319552
198833482850516994
198833482959556608
198833482548523008
198833482196197376
198833483429326848
198833483378991104
198833483219611648
198833483806810113
198833483949424640
198833483664195585
198833484276563969
198833484406591488
198833484595339265
198833484557590529
198833484603736064
198833484612124672
198833484716965888
198833484721160192
198833484733755392
198833484318511106
198833484226240512
198833484561788928
198833485228679168
198833485299978240
198833485400637441
198833484800860160
198833485111242753
198833485522284544
198833485664878592
198833485446778880
198833485878804480
198833485450981376
198833486025596928
198833486101102594
198833485828468736
198833485807501313
198833486486962176
198833486524715009
198833486742814720
198833486759591936
198833486658940929
198833486629568512
198833486696681474
198833486981902338
198833486981890048
198833487694929920
198833487082565632
198833487816560640
198833487879483393
198833487841734656
198833488026279936
198833487741071363
198833488290516993
198833488273735680
198833488592502784
198833488663818241
198833489058074624
198833488546369536
198833489049690112
198833489028710400
198833489158733824
198833489611730944
198833489687220224
198833489108410368
198833489766912000
198833489766924288
198833490131820544
198833490152796161
198833490177961984
198833489813049344
198833490454777856
198833490337341440
198833490568032258
198833490140213248
198833490983268353
198833491205562368
198833491247505409
198833490568024064
198833491293638656
198833491469811712
198833491188789248
198833491801149442
198833491985702912
198833491947958274
198833492069580800
198833491729846272
198833492136697856
198833492413513729
198833492375777280
198833492472250371
198833492585496576
198833492468039683
198833492505800704
198833492707119104
198833492820377600
198833492774227970
198833492468047872
198833492237352960
198833493185265664
198833493290123268
198833493399187456
198833492740681728
198833492681965570
198833492182827009
198833493424340993
198833493218820097
198833494028320768
198833494070267904
198833494221266944
198833494137372673
198833494456156163
198833493852176384
198833494124802048
198833494481309697
198833495093690369
198833495102070784
198833495315988480
198833495320170497
198833495433412610
198833495609589763
198833495395667968
198833496037400576
198833495659909120
198833496406495232
198833496649764865
198833496951767041
198833497085972480
198833496997900289
198833496783982594
198833497295699968
198833496289050624
198833497358598144
198833497287307264
198833497434107904
198833497534763009
198833497597681664
198833497664798720
198833497744478209
198833497656410113
198833497891278848
198833497576714240
198833498138746881
198833498067443713
198833498113572865
198833498243608578
198833498738532352
198833498784665601
198833498843389952
198833498956640257
198833499023745024
198833499233456129
198833499233464320
198833499212496896
198833499397042176
198833499711606784
198833499363491840
198833499493498880
198833500252680192
198833500344958978
198833499581579265
198833500382691330
198833500487561216
198833500592414720
198833500684693504
198833500684685312
198833500990873600
198833500307197952
198833499996827650
198833501498376194
198833501536137217
198833501745844224
198833501288669186
198833502098178048
198833502127538176
198833500869234689
198833502265950208
198833501972336640
198833502404362240
198833502194642945
198833502450495488
198833502597296128
198833502689566720
198833502853136384
198833502819581954
198833503088025600
198833503062855681
198833503465512960
198833503650066433
198833504044322817
198833504254042113
198833504249839617
198833504379867136
198833504371474434
198833501485797376
198833504539258881
198833504681861121
198833504912556032
198833505206145024
198833505327775744
198833505839484929
198833505403289600
198833505902411777
198833506116308993
198833505659129857
198833506242146307
198833506351185921
198833506414116864
198833506275692544
198833506523156481
198833505814319104
198833506732875777
198833506414108672
198833505852063747
198833506837733376
198833506858696704
198833506867085313
198833506309251073
198833506724491264
198833507391377410
198833507290714112
198833507596906499
198833507907284992
198833507743703042
198833508079247361
198833507676598273
198833508309934081
198833505025798144
198833508553195522
198833508544811009
198833508645474304
198833508716785664
198833509031350274
198833508737761281
198833509232676864
198833509039734784
198833509383671808
198833509488533504
198833509748588544
198833509270429696
198833509912158208
198833509547245569
198833509941522433
198833510230917122
198833510256095234
198833510159630337
198833510193172480
198833510507741184
198833510675525635
198833510939766784
198833510440648707
198833510092505088
198833510797152258
198833510449037312
198833510927183872
198833510683901952
198833511443070976
198833511401136129
198833511489212416
198833511598272513
198833511661178880
198833511266914304
198833511942209536
198833511908651009
198833511745060864
198833512017707008
198833512470683648
198833512495853568
198833512646836224
198833512760086530
198833512755904513
198833513213067265
198833512789450754
198833513443762177
198833513452150784
198833513649291264
198833513443770369
198833513611542528
198833513494102016
198833513926098944
198833514131619840
198833514236493824
198833514689470465
198833514114846720
198833514676879360
198833514534273025
198833514987274240
198833515092127746
198833515171807232
198833515087933441
198833515339583488
198833515356360704
198833515540922368
198833515129880577
198833515029204992
198833516065202177
198833515385720832
198833516153278465
198833516258144258
198833515205378049
198833516635619328
198833516765650944
198833516757262336
198833516929236992
198833516979556352
198833516249747456
198833517109592065
198833517214437376
198833517151535105
198833516161675265
198833517264764929
198833517705175040
198833517675810817
198833517994573824
198833517981995008
198833518015557632
198833517533216768
198833516274917376
198833518229467137
198833518229458944
198833518325923840
198833518254620673
198833518485323777
198833518577586176
198833516937625601
198833518799896576
198833518871183361
198833518887968770
198833519106064385
198833519093481474
198833519210921984
198833519085096960
198833519303200768
198833519227699200
198833519500337152
198833518749560832
198833519722639361
198833519601004546
198833519965900800
198833520053989376
198833520200794112
198833520137879552
198833520104312833
198833520494387201
198833520725069825
198833520867688448
198833520792186881
198833520867688449
198833520699916288
198833520733462528
198833521249353728
198833520314023936
198833521261948928
198833521404555264
198833521710727168
198833521912057856
198833522016915456
198833522100813824
198833522318913536
198833522230824960
198833522444746752
198833522616709120
198833522885132288
198833522784473088
198833522545405952
198833522734141440
198833521928835074
198833523107438592
198833521953996800
198833522692202497
198833523514294275
198833523573006336
198833523375874050
198833523291996161
198833524055359488
198833524135038976
198833524114067456
198833524248293376
198833524160217089
198833524839686146
198833524894208001
198833524982296577
198833524613193730
198833524961312768
198833524575440896
198833525221359616
198833525225570304
198833525330415616
198833525334609922
198833525363965953
198833525263319042
198833525481418752
198833525615636482
198833525758242816
198833525791801344
198833525955379204
198833525846327297
198833525921824768
198833526005706752
198833525594652672
198833526223814656
198833526341255170
198833526198648832
198833526324469762
198833526358016000
198833526337052672
198833526265753601
198833526588710912
198833526827786241
198833526966202369
198833526592901120
198833527456927744
198833527222046722
198833527847010306
198833527893143552
198833527964446723
198833527935074306
198833528148992000
198833527998005249
198833528438398976
198833528677478401
198833528618758145
198833528870416385
198833529008832512
198833529164005376
198833529134657537
198833529453424640
198833528836853761
198833529013018624
198833529650552833
198833529818324993
198833529491173376
198833529168203778
198833530296479744
198833530355191808
198833529969319936
198833530493616128
198833530598461441
198833530237755392
198833530774618113
198833530921418752
198833530350997506
198833531240202240
198833530535555072
198833530921431041
198833531743514624
198833531810627585
198833531705761793
198833531458306048
198833532108423168
198833531756097536
198833532108410880
198833532347486209
198833532330717184
198833532477517826
198833532523646977
198833532494286851
198833532913721344
198833532913725441
198833532741746689
198833532993404928
198833533018570753
198833533186359297
198833533307985920
198833533391876096
198833533010186242
198833533513502721
198833533618368513
198833533299589120
198833533731614721
198833533811298306
198833533865820161
198833533396070401
198833533882601472
198833534159433729
198833534289453057
198833534364950528
198833534515945472
198833534608228352
198833532867575808
198833535145082880
198833535354798080
198833533026967552
198833535207997440
198833535044431872
198833535778422784
198833535178653696
198833535862321153
198833534729850880
198833534268477442
198833535652597760
198833536470491138
198833535644213249
198833536554385409
198833536684396546
198833536315293700
198833536600522754
198833536009109504
198833536759902211
198833536336277504
198833536961228800
198833537087049728
198833537284186112
198833536323694593
198833537615540226
198833537707819010
198833537787506689
198833537313538048
198833537850413056
198833537561014272
198833537913331713
198833538039152640
198833538127233024
198833538454388736
198833538034962436
198833538789937153
198833538781552642
198833538898997249
198833538970288131
198833539079344130
198833539230334976
198833538710257665
198833539289067521
198833539217764352
198833539536519168
198833539674947584
198833535082172416
198833539377147905
198833540224401408
198833540144693248
198833539800760320
198833540467654658
198833539922407424
198833540224397312
198833540580917251
198833540727713792
198833541323300864
198833541231017984
198833541751128064
198833542183133184
198833542254432256
198833542476738560
198833543080722432
198833542971670528
198833543051354112
198833543093301249
198833543412060160
198833543810531328
198833543772778496
198833543353352192
198833543781167104
198833544091545600
198833543755993088
198833544469024769
198833543818915840
198833544540327938
198833544661970944
198833544221560833
198833542438985729
198833544653570048
198833544896847872
198833544372563968
198833545047846913
198833545228189696
198833544724877313
198833545752481792
198833545735712769
198833545710551041
198833545886703617
198833545970593794
198833544976539648
198833546075451393
198833546125787137
198833543147823105
198833546431963137
198833546452934658
198833546499080193
198833546511663104
198833546645868546
198833546712985600
198833546742349825
198833546910113792
198833546851385345
198833546557792256
198833546499063808
198833547363098625
198833547467960320
198833546905927681
198833547962892288
198833548071940096
198833548143247361
198833548118073345
198833547581206528
198833547677679616
198833548243902464
198833548352950273
198833548533309440
198833548562669570
198833548092907521
198833548722044929
198833548889833472
198833548952739840
198833548965318656
198833548399091712
198833549422501889
198833549225377792
198833548772384768
198833549305057282
198833549418311680
198833549699321857
198833549829345280
198833550030675969
198833550093586433
198833550261370880
198833549158264835
198833549791596544
198833550366216194
198833550521405440
198833549955178497
198833550223613952
198833550601093120
198833550550761472
198833550924066816
198833551121195008
198833549225369600
198833551423193088
198833551410601984
198833551725182976
198833551981027329
198833552039747584
198833552043933697
198833552354316290
198833552643731458
198833552350134273
198833551855190016
198833552438198272
198833553008635904
198833552916361216
198833552975073280
198833552580816897
198833553310629888
198833553386127360
198833553457426432
198833553646170112
198833553247703040
198833553700700161
198833553717465088
198833553147052032
198833553621008385
198833554518581248
198833554124312578
198833554984144896
198833554648604673
198833555118366720
198833554984157184
198833555516825600
198833555336462336
198833555592327168
198833555877527553
198833556011757568
198833556171137028
198833556062081024
198833556296957952
198833556506673152
198833557077102592
198833557165178882
198833557236494338
198833556385050624
198833557374894081
198833557555249154
198833557601402880
198833555638456320
198833557848854528
198833557878214656
198833558012436480
198833557689470976
198833558343790592
198833558406696960
198833558545104896
198833558704488448
198833558834520066
198833555655229443
198833559031652352
198833559576915968
198833559765655553
198833559438491649
198833559044243456
198833559962779650
198833552085884929
198833559530778624
198833560289943552
198833560520634369
198833559996334081
198833560826818560
198833560348667905
198833560902311936
198833560789057536
198833560654848001
198833561263030273
198833561292378113
198833558658351106
198833557903384576
198833561422397440
198833561753755649
198833560466100224
198833561695031297
198833560872943616
198833561862803456
198833561762148352
198833561376264192
198833561913147394
198833562122858496
198833562131243009
198833562357735424
198833562542276608
198833562642956290
198833563033022464
198833563066572800
198833563263713281
198833563066568705
198833563364368385
198833562236104704
198833563586670592
198833563808972800
198833563280478208
198833563985125376
198833563234349057
198833562491944960
198833563985117185
198833564031270912
198833563527946241
198833560059248640
198833563972542464
198833563330813953
198833564370997248
198833563683143682
198833564350029826
198833564584910849
198833564836573184
198833565029498880
198833565063069697
198833565272768512
198833565218254848
198833565180506112
198833565289558018
198833565360852992
198833562844266496
198833565901914113
198833566065496064
198833564668801027
198833566203912192
198833566187130880
198833566140997634
198833566547841024
198833566442979328
198833566703038464
198833566736592896
198833566271029249
198833566849843200
198833566874992641
198833567021809665
198833566967275520
198833567151833090
198833567407669248
198833567420252160
198833567395090432
198833567655145472
198833567101501440
198833568041009152
198833568158461952
198833568250740736
198833568372359168
198833568804380675
198833568938602496
198833569047646208
198833568976351234
198833567898415105
198833569177677825
198833569227997185
198833568917635072
198833569097981952
198833568611438592
198833569341255680
198833569387388928
198833569559351296
198833569672601600
198833569848762368
198833569798438913
198833569043456000
198833569429340160
198833569945231361
198833569962004481
198833570163326976
198833570318524416
198833569542569984
198833570201088000
198833569727131648
198833570373054464
198833571119644673
198833571232886784
198833570989604866
198833571358720000
198833571144806401
198833571421626368
198833571920744448
198833571820081154
198833572361142272
198833571513892866
198833572612800512
198833572889624576
198833573107736578
198833573225181184
198833573351002112
198833573355192320
198833573401333761
198833573502009344
198833573627838464
198833573661384704
198833573694943232
198833574064041984
198833574001119232
198833574047264768
198833573954985984
198833574370217985
198833574357630976
198833574458302464
198833573183238144
198833574181482499
198833574676414464
198833574294716417
198833574785466368
198833574185672704
198833574919671808
198833574961627136
198833574558973952
198833574462488576
198833575309754368
198833575280386049
198833574563160065
198833575573991424
198833575594954753
198833575565598721
198833575569784832
198833575926308864
198833575007764480
198833576316375041
198833576186355712
198833575796293632
198833576752590848
198833576685473794
198833576836476928
198833577025220610
198833576022786048
198833576500932608
198833577251708928
198833577415278593
198833577645965312
198833577645981696
198833577809555456
198833577947967488
198833578040242176
198833578086367234
198833578287702017
198833578363191296
198833578438701056
198833578451275777
198833578489028609
198833578669375489
198833578648412160
198833578791014400
198833578652602369
198833578979762177
198833579088809984
198833578698752000
198833578736500736
198833579269165057
198833579353047040
198833579239809025
198833579386617858
198833579692785664
198833579340472320
198833579801837568
198833579831214082
198833579462107136
198833579764101120
198833579420164097
198833580032532484
198833580087058432
198833580053512192
198833580271616000
198833579399184384
198833580145774592
198833580275802112
198833580334518273
198833580535853058
198833580552630272
198833580607152128
198833580745555968
198833580988833792
198833581051740161
198833580569407488
198833580972064768
198833581227913219
198833580632326146
198833581399879681
198833581857062913
198833581928349696
198833581865447424
198833581257265155
198833581672513536
198833580263223296
198833581794148353
198833582129692672
198833581693485059
198833582213574657
198833581857050624
198833581555056641
198833582351986688
198833582343589888
198833582616227841
198833582641389568
198833582670753792
198833582620409856
198833582947581953
198833582251323393
198833583060815872
198833582255509505
198833583014686720
198833583585107968
198833583648026624
198833583861936128
198833583316664321
198833583824183298
198833582649778176
198833583639638016
198833583392174081
198833583962587136
198833584017129472
198833584214257664
198833583769665536
198833583966785536
198833584382025729
198833584449138689
198833584566566914
198833584214257667
198833584612708352
198833584566571009
198833584885350400
198833585023746048
198833584994390017
198833584977608704
198833584994394112
198833584746930177
198833585271218176
198833585262821376
198833585875189761
198833585334132738
198833586005213186
198833585715810304
198833586026196995
198833586131058688
198833586139430912
198833585527074816
198833586303012865
198833586311409664
198833586416254977
198833585946501121
198833586844078080
198833586919587842
198833586894413824
198833587208982529
198833587246743553
198833587410305024
198833587116716032
198833587485818881
198833587599048704
198833587305447424
198833587737464832
198833587657777155
198833587980746753
198833587624222720
198833588052049920
198833588303699968
198833587972349952
198833588475674625
198833588978982913
198833588182061057
198833589159329792
198833588538589184
198833589209673729
198833589343887360
198833589369044994
198833588458897408
198833589595537410
198833589809451008
198833589746532352
198833589843009538
198833589880762368
198833589863972864
198833589931098113
198833590161772544
198833590199533568
198833590186946561
198833590195331074
198833590371483649
198833590254051331
198833590639919106
198833590350528512
198833590027554819
198833591235526656
198833591143251969
198833591302631424
198833591407484929
198833591038382080
198833591474589696
198833590983852032
198833591764004864
198833591713660929
198833591835295745
198833590627340288
198833592086962177
198833592380571650
198833591843700736
198833592523165696
198833592569307138
198833592665780224
198833592732889089
198833592154079233
198833592896466945
198833591898226689
198833593215221762
198833592632221697
198833593420742656
198833593362038784
198833593475272704
198833594041511936
198833594104418304
198833594448351232
198833592728690689
198833594502877184
198833594632900610
198833594687426560
198833594624524290
198833594662268930
198833594070872065
198833591273267200
198833594809061376
198833594247028736
198833595106869250
198833594515464193
198833594507079680
198833595555643393
198833595765366784
198833595836674048
198833596209954816
198833596386127872
198833595639545856
198833596415488000
198833596251910144
198833596579053568
198833596692303872
198833597011083264
198833597174657024
198833597313064960
198833596625190912
198833597317263360
198833597468250112
198833597468258305
198833597782827008
198833597677965312
198833597854126080
198833597984153600
198833597254348800
198833597917044736
198833597833150464
198833598281957376
198833597858316288
198833597904453632
198833598663639041
198833598692990978
198833598692982785
198833598739120128
198833598898520064
198833598919475200
198833599502499840
198833599464742912
198833599531855873
198833599670259712
198833599749955585
198833599359885313
198833599376654338
198833599959670784
198833600173588481
198833600093884416
198833599095635968
198833600190361600
198833600274247680
198833600462991360
198833600202936320
198833600794329088
198833600395874306
198833600286834688
198833600949530624
198833601037598722
198833601058574337
198833601125691392
198833598806228992
198833601276674049
198833601389932545
198833601591255040
198833601612230656
198833601759035392
198833601603829760
198833601687724032
198833602107154437
198833601763221505
198833601914216448
198833601851310080
198833602161680385
198833601796767745
198833601687715840
198833601712881664
198833602279112704
198833602488827904
198833602560143361
198833602061025280
198833602602090496
198833603373834240
198833603340271616
198833603436744704
198833603516440576
198833603587739649
198833603294150656
198833603713576960
198833603860377600
198833603776495616
198833603742941184
198833604057513985
198833603940069376
198833604040728579
198833604225273857
198833603587739651
198833604183334915
198833604447576066
198833604913139712
198833605009608704
198833605315792898
198833605450006528
198833605680693248
198833605668122627
198833605760393216
198833605781368832
198833606343397377
198833605118672896
198833606016241666
198833604695031808
198833606595067904
198833606125301762
198833607048040448
198833606309855233
198833607480057856
198833607354232832
198833607446495232
198833607572332545
198833607530389505
198833607278723075
198833607777853440
198833607723335680
198833607631060994
198833607832375296
198833607450697728
198833607752683520
198833607865942016
198833608658661376
198833608792866816
198833608541220866
198833608918704128
198833609065496576
198833607710736384
198833609082277889
198833609132617729
198833609237475331
198833609199722496
198833609992450048
198833610084724736
198833610143444992
198833609573007363
198833610256683008
198833610235711492
198833608058863617
198833610214735872
198833609799516160
198833609552048128
198833610126663680
198833609812090880
198833610126659584
198833610596421632
198833610810335232
198833610437050369
198833610722258947
198833611200397313
198833611254927361
198833611422707712
198833610759999488
198833611519168512
198833611053600768
198833611762434048
198833611770822656
198833609707225089
198833610197962753
198833611875684352
198833611414319104
198833612047654914
198833611724701697
198833611833753601
198833612429336577
198833611699519491
198833612555165696
198833611842142208
198833612290920448
198833612592922624
198833612664221696
198833612823592960
198833612861353984
198833612806828032
198833612584534016
198833612928454656
198833613469523971
198833613545013249
198833613666664448
198833612899098625
198833613737967617
198833613775716352
198833613922500608
198833613687631876
198833613347880960
198833613255622658
198833614295793666
198833614258057217
198833613951860736
198833614430011392
198833614308388864
198833614148993027
198833612743901184
198833614610378752
198833614560034818
198833614966898688
198833614526492673
198833615071744001
198833615424073728
198833615428255745
198833615025606658
198833615612817408
198833615180791808
198833615403094016
198833615818330113
198833615864475648
198833615990292482
198833616162271232
198833616191619074
198833615847690240
198833615763812352
198833615788969984
198833616502005760
198833616497819648
198833615914807296
198833616657190913
198833616682364928
198833616896278528
198833617282138113
198833617324085248
198833617349251073
198833617395400708
198833617374425088
198833617328291840
198833616984350720
198833617709961216
198833617147920385
198833617714167808
198833617785458689
198833617802248192
198833618112622593
198833618129391616
198833618381049856
198833618108424194
198833618578186240
198833617869340674
198833618745966594
198833618175524864
198833618938896384
198833618506887169
198833619085688832
198833618653691905
198833619194748929
198833618745950209
198833619370913793
198833619727417344
198833619861643265
198833620465627136
198833620100726784
198833620645969920
198833619911979010
198833620578873344
198833620033605633
198833621098971136
198833620759228416
198833621245755392
198833621354815488
198833621329653761
198833621451284480
198833621572927488
198833621367390208
198833621539368960
198833621551955969
198833622122364928
198833622302732291
198833622625693698
198833622793457664
198833622919282688
198833623045120000
198833623321939969
198833623120613376
198833623686848512
198833623766532097
198833623993040898
198833623875584004
198833624513118208
198833624710266880
198833624479580161
198833624940945408
198833625234538496
198833625276493828
198833625410699264
198833625511378944
198833625565900800
198833625582673921
198833625033224193
198833625901436929
198833625918218242
198833626014695426
198833626014695424
198833626203422720
198833626438316033
198833625758842880
198833626689961985
198833626232786945
198833626765475840
198833626836762624
198833626480250880
198833626719330306
198833627029704704
198833627352662019
198833626580918273
198833627382026241
198833627797262337
198833627893739522
198833627906314241
198833627906326528
198833627910516737
198833627923103745
198833628279619584
198833628191535107
198833628430598145
198833628384468993
198833628522872832
198833628166356992
198833628585795585
198833628627734528
198833629479174146
198833628803895296
198833629483372544
198833629818920960
198833629860864000
198833630158667778
198833630049607680
198833630318051328
198833630431297536
198833630490001409
198833630540333058
198833630099939328
198833630804574208
198833630410326016
198833630825558017
198833630817157120
198833630569701376
198833631182077953
198833631249186816
198833631408562177
198833631442120707
198833631815405569
198833631769280513
198833631865749505
198833632067059713
198833631769280514
198833632113205248
198833632259997696
198833632452947969
198833632251613184
198833632536834049
198833632738152448
198833633396658176
198833633539272705
198833633602191361
198833633467973632
198833633954496512
198833633606377472
198833634285846528
198833634030006272
198833634151632896
198833634764005376
198833634428461058
198833635145687041
198833635179249665
198833635154079746
198833635397353475
198833635397337088
198833635468648448
198833635560927233
198833635091156992
198833635548332034
198833636127145984
198833635665772546
198833636676616192
198833636143927296
198833637146378241
198833636659826688
198833636500439040
198833637238652928
198833637846818817
198833638283026433
198833638341750784
198833638350139392
198833638454996992
198833638522109954
198833638547263488
198833638694064128
198833638891196416
198833638442409984
198833639360958464
198833639490994179
198833639528726528
198833639419686912
198833639155441664
198833639755235328
198833639780388864
198833640149495808
198833640157888514
198833640032043008
198833640157884417
198833640195629056
198833640375975936
198833640073990145
198833640661188611
198833640711520256
198833640728301568
198833640677978113
198833640992538624
198833640938029057
198833640946409472
198833640195637248
198833640183054336
198833641219031040
198833641370038274
198833641445539840
198833641210658817
198833641625878528
198833641437143040
198833641965617152
198833641936257025
198833641864962050
198833642313752576
198833642301177856
198833642745757697
198833642997428224
198833643605590016
198833643634966528
198833643244879872
198833643613995009
198833644251516929
198833644121489408
198833644268294144
198833643572043777
198833644020834305
198833644570296320
198833644553506816
198833644700307458
198833644796784640
198833644868091904
198833644926803971
198833645153304576
198833645627244544
198833645585317888
198833645472067585
198833645698551808
198833645862141952
198833645870514176
198833645509816322
198833646063468546
198833646168326144
198833646369648640
198833646344482817
198833645623066624
198833646411587584
198833646906511360
198833646864572416
198833639381938177
198833646856175620
198833646923292672
198833647070093314
198833647040724997
198833647040724992
198833646705192962
198833639671336960
198833647242063873
198833647216885760
198833647514689536
198833642708008960
198833647732793344
198833641206464512
198833647829262337
198833647523074049
198833648479371267
198833648592629760
198833648684904450
198833648735240192
198833648873644032
198833649087553536
198833648873635841
198833649158860800
198833649108529152
198833649305649154
198833649435672576
198833649368563712
198833649574096896
198833649678946305
198833649834135554
198833650115158016
198833650278727680
198833650522001408
198833650752684033
198833650819801089
198833650069012480
198833649997709312
198833650517819393
198833650601689088
198833650974982150
198833651075661825
198833651105017857
198833651599949824
198833651633496065
198833651562192897
198833651528646656
198833651813842945
198833651599949825
198833651969040385
198833651851608064
198833651901923333
198833651323113474
198833651717382146
198833652149395457
198833652388462594
198833652241670145
198833652778549248
198833652887592960
198833652891783168
198833652858228737
198833653655158784
198833653835501568
198833653911011328
198833653508345858
198833654183624705
198833654108131328
198833654510784515
198833654577905665
198833654590484483
198833654674374657
198833654661779456
198833654766649344
198833654967967744
198833655181877248
198833655236411393
198833655202856960
198833655295127552
198833655601299456
198833655462887424
198833655609704449
198833654946996224
198833655790051329
198833655848771584
198833655731331072
198833656188510208
198833656222056449
198833655630659585
198833656440164353
198833656322727940
198833656914120704
198833656679247872
198833656947671041
198833657291616256
198833657543266307
198833657614569472
198833657849462784
198833658201767937
198833657874624514
198833658415689729
198833658738638848
198833658558296064
198833658658947074
198833658931580928
198833658994491393
198833659074187264
198833659330043905
198833659384565760
198833658864467970
198833659401355264
198833659808194560
198833659304873985
198833660219232259
198833660248604672
198833660391202816
198833660391194624
198833659338440704
198833660466700288
198833660554788864
198833660869357568
198833660374417408
198833661037129729
198833660676407296
198833660911300608
198833661532057600
198833661536243712
198833661733388288
198833661783719936
198833661951475714
198833661653684224
198833661653688321
198833661343305728
198833662194757635
198833662249279488
198833662219911168
198833662337351680
198833661389447170
198833662249271296
198833662400266240
198833662668713984
198833662589009921
198833662714847232
198833662668705792
198833662781947904
198833662760976385
198833662429626371
198833662953918465
198833663146868738
198833663125884928
198833663218159616
198833663348178944
198833662668709888
198833662740017152
198833663432065024
198833663146868736
198833663759237120
198833660588339201
198833660093403136
198833664132521984
198833663927001088
198833664598081538
198833664866521089
198833664937824256
198833664958808064
198833665042685953
198833664619053056
198833664543559681
198833665382424576
198833665197871104
198833665457913856
198833665478889472
198833665659244546
198833665546002432
198833665780887552
198833665877344256
198833666120613888
198833666271612928
198833665994797057
198833666644918272
198833666573602818
198833666540052480
198833667429249024
198833667492163584
198833667550875648
198833667676700672
198833667680899074
198833667001430016
198833667727048705
198833667861266432
198833668159049728
198833667370532864
198833668184211456
198833668276486144
198833668595261441
198833668742053888
198833668687540225
198833668981145600
198833668914024448
198833669446713344
198833669488652289
198833669480251392
198833668926607360
198833669635448833
198833669845159936
198833668620427264
198833669945823233
198833670071656448
198833670105214977
198833670096830464
198833670130376705
198833669555765249
198833668653981696
198833670663049216
198833670411403264
198833670075858944
198833670994399233
198833671183142913
198833671464173569
198833671623540736
198833671732604928
198833671808090112
198833672303030272
198833672189779968
198833672512741377
198833672189775872
198833672634376192
198833672814723072
198833672999276544
198833673179627520
198833673406136324
198833673871691778
198833674312089602
198833673984933889
198833674551169024
198833674924462080
198833674995773440
198833675058679808
198833675155156994
198833675322920960
198833675008344064
198833675536830464
198833675536842753
198833675725578243
198833675994021889
198833675985625088
198833675788492800
198833676082102272
198833676119846914
198833675813650433
198833676572835841
198833676371496961
198833676568633345
198833675851403267
198833676707041280
198833676799324162
198833676883197953
198833677101314048
198833677487181824
198833677759811584
198833677885644800
198833677856280576
198833677923389440
198833677956939777
198833678170853378
198833678141501442
198833678191824896
198833678267326465
198833678284107776
198833678544150528
198833678263136256
198833678758064129
198833678779039745
198833677935976450
198833678938419200
198833678883893248
198833679403991042
198833679450116096
198833679127154688
198833679643054080
198833679592718337
198833678871306241
198833679307509761
198833679592718338
198833679815020545
198833679676604418
198833679341076480
198833679630471168
198833679538196482
198833679882133504
198833680955879425
198833680888762368
198833681165598720
198833681274646530
198833681501138946
198833681429831680
198833681517920258
198833681626968066
198833681811513344
198833681819906049
198833681887006721
198833682541318147
198833682197385217
198833682839121920
198833682545512449
198833683199823872
198833683082379265
198833683359211520
198833683367604225
198833683325657089
198833683413741569
198833683111751680
198833683703148544
198833683896090624
198833683938033664
198833684101603329
198833684126760960
198833683581513728
198833684273569795
198833683413733376
198833684445540352
198833684600725504
198833684705574912
198833684713967616
198833684843986945
198833684785266690
198833684957237248
198833685271822337
198833683531177985
198833685632524288
198833685519278080
198833686131642368
198833685829656576
198833686207135744
198833686165204993
198833686332977155
198833686114861056
198833686492360704
198833686664327168
198833687045996546
198833687100530688
198833686580436992
198833686563659776
198833687079563265
198833687440265216
198833687574487040
198833687629017088
