198790152624144384
198790153316204545
198790155706974208
198790155887321090
198790155811831809
198790157300809729
198790157791526912
198790158043193344
198790157950922753
198790159670579203
198790159452483585
198790160412971008
198790161276993536
198790161709019136
198790161931313154
198790161935515649
198790161834835968
198790163416092673
198790164846346241
198790164913471488
198790161490903040
198790166578597889
198790166578597888
198790168944197634
198790168566697985
198790169292308480
198790169875324929
198790171011981313
198790174023491588
198790168977752064
198790178398146560
198790178586894336
198790178993745920
198790178708533248
198790178763063296
198790180419813377
198790180751147010
198790181036367872
198790182328221697
198790184182091776
198790184245006337
198790184588935169
198790184924483584
198790184517636099
198790185360703488
198790186212143105
198790187822755840
198790187852107777
198790188623863808
198790189093621760
198790189794082816
198790185104838656
198790190242856961
198790191467610112
198790191329193984
198790191631171584
198790191777980416
198790194256822272
198790193694781441
198790195758379008
198790196232331265
198790197230583808
198790197922635779
198790196253294593
198790199210287105
198790200430825472
198790200753795074
198790199881367552
198790202737696768
198790204637724672
198790200359526400
198790205703073792
198790207665999874
198790208228044800
198790209213706241
198790209775742976
198790210543292417
198790210610405377
198790209909956609
198790210786566144
198790211004678144
198790211394740224
198790212690780161
198790213491888128
198790213701611520
198790214511112194
198790216037830656
198790217187065856
198790219514908673
198790220307640322
198790220592848896
198790222031491074
198790224887812096
198790226133532675
198790229711269888
198790230470426624
198790230810165248
198790230608855041
198790231162486784
198790232898940928
198790234484383744
198790234601820160
198790235386155008
198790235683950592
198790236103389184
198790236820611072
198790238259265536
198790238980681729
198790239463014400
198790240989757440
198790244273881089
198790244789796867
198790245351817218
198790247268618240
198790246924681217
198790249139290112
198790250271739906
198790249986523137
198790247956488192
198790252213710848
198790252066902016
198790253434249217
198790254407319556
198790256013737985
198790255367819264
198790257192349696
198790257729208320
198790258584854528
198790258144460802
198790260665233408
198790261269204994
198790261193703424
198790260904308737
198790261910937600
198790259432103939
198790262523310081
198790263647371267
198790263429267457
198790263412490240
198790264645627906
198790265585143808
198790265786482689
198790266528858112
198790267086704641
198790267938156545
198790268198191107
198790267476770816
198790269020274688
198790269062234112
198790270240825344
198790270140170242
198790271306174465
198790271415238656
198790272673517568
198790273361383425
198790273428500480
198790274372222976
198790274774867969
198790274984583170
198790276716826625
198790276796518400
198790277215948802
198790277606027264
198790277845094400
198790279359242241
198790280537833472
198790282467221505
198790282630795265
198790283729707009
198790284363042816
198790285080268800
198790286598619137
198790286233714688
198790287810760705
198790287441666049
198790288741892096
198790289882755072
198790292999122945
198790293099782144
198790293791850497
198790293737320452
198790294827827200
198790294299344896
198790295180148736
198790295532474368
198790295062720513
198790296773992449
198790296656560129
198790296748818432
198790298518814721
198790298632073217
198790298372014080
198790299076665344
198790295855431680
198790299244441601
198790299521265664
198790299802275840
198790299122798592
198790300091695104
198790304181129216
198790304638316544
198790306148257792
198790306412511234
198790307406548993
198790307448496130
198790307167485955
198790308874559488
198790309428211714
198790309688246272
198790307167477761
198790306936795137
198790310548094977
198790311542140928
198790308669034496
198790311626018816
198790312636846080
198790313635094528
198790314146795522
198790314721411072
198790314734002177
198790314734002176
198790315371540480
198790316139085824
198790316353007622
198790315891638273
198790316256534531
198790316831158273
198790316269121536
198790313052078080
198790317305114624
198790318332723200
198790318043308033
198790319263854592
198790319247073282
198790319733604352
198790319574224896
198790319851044864
198790320383721473
198790320840916992
198790321327443970
198790321574916097
198790321692352512
198790321725902848
198790322304729088
198790321679777793
198790322090811393
198790322959024128
198790323000975360
198790324489945088
198790325702098944
198790326478045185
198790326008295425
198790326859739136
198790327363047425
198790327996383232
198790328633933824
198790326046035968
198790328986251266
198790328763940864
198790329493762048
198790329980305408
198790331100168194
198790330072580097
198790331284725760
198790332513656832
198790332777897984
198790333100851203
198790334287855617
198790333893591040
198790334812127237
198790335277711360
198790335416119296
198790335189630976
198790336674402304
198790336942841857
198790337865580545
198790339899817986
198790340478631936
198790341275549697
198790340457660416
198790340814180352
198790341611098115
198790343255269378
198790344282877952
198790344563900416
198790343938932738
198790345205620736
198790346455531520
198790346736537603
198790350079397888
198790351971024896
198790352449175553
198790352499519489
198790353309011972
198790354126905344
198790354370166786
198790354982535168
198790354508595201
198790357184552962
198790356979036160
198790354663784449
198790358409289729
198790359332040705
198790359864717312
198790359785017345
198790360145727488
198790360728748033
198790362016395266
198790362322575361
198790362083491842
198790362410647553
198790363253702657
198790365942263809
198790366751764481
198790370023317505
198790367368331264
198790370233024512
198790370845392897
198790371256446976
198790369230602240
198790372120465409
198790371281600512
198790371545845760
198790375501086720
198790376407052288
198790378554523649
198790380106424320
198790380542640130
198790381171777536
198790378479038465
198790383478640643
198790383562522624
198790385399644161
198790385139580928
198790387517759489
198790388113346560
198790388201422849
198790388700557313
198790385273806848
198790390084677633
198790389996593152
198790390931931136
198790391133245441
198790387664568321
198790391183589376
198790392056000512
198790392441868288
198790394526449664
198790394392231936
198790394685820928
198790395667288064
198790395918942209
198790397810581504
198790398137729024
198790397416325121
198790398137745408
198790399266009088
198790400159395842
198790399521861633
