198860867662643201
198860868858036226
198860869273255937
198860870665781248
198860870787411968
198860871055843330
198860872523853827
198860875359199232
198860877804482560
198860877632507904
198860879066963968
198860879150845954
198860879603834880
198860879490588674
198860879872278529
198860883080916992
198860884930592768
198860886511845380
198860887904358400
198860889426898944
198860889640812545
198860889330425856
198860890479673344
198860891297562626
198860890920058880
198860891599548416
198860891960246272
198860896087457792
198860897001807872
198860897542877185
198860898499166208
198860898805362689
198860902190166016
198860902764785664
198860902110470145
198860902982885377
198860903733657600
198860903914016768
198860904098570241
198860904136310788
198860904387985408
198860905579155456
198860904752889857
198860906464153600
198860907768586242
198860907659542530
198860906837442560
198860909769269250
198860911245668352
198860911686066178
198860914219425795
198860918313066497
198860918736683008
198860920028545024
198860920187920385
198860920544432128
198860922016632833
198860921932750848
198860924369645569
198860926319988736
198860926533906432
198860927137878016
198860927322431489
198860928299704320
198860933144117248
198860932926021632
198860932703715329
198860933987184642
198860934188503043
198860932498202624
198860941587251201
198860944506499072
198860945903194113
198860945794150401
198860946062585857
198860946666553345
198860947169878016
198860948977614849
198860948906315776
198860950126862336
198860950969925633
198860950487576576
198860951729094656
198860952530198528
198860952865751040
198860953566195712
198860953775906816
198860956896477184
198860957412364288
198860957462704129
198860958406426624
198860961241759745
198860962097401856
198860962009317378
198860962026110976
198860963099844610
198860962999181312
198860962739134464
198860964878229504
198860965490589698
198860965612232706
198860967730356224
198860970368565248
198860970049802241
198860971324882944
198860971769470976
198860972939677698
198860973275222017
198860973988257795
198860971954028544
198860975061999616
198860977960271872
198860977918320640
198860978165780481
198860977905741824
198860981391196160
198860982779518977
198860982976651264
198860980707524608
198860984096538625
198860984490795009
198860984515969024
198860985782644736
198860986273374209
198860988441821184
198860990765477893
198860990639636480
198860993168809986
198860993722458112
198860995815407618
198860997811904514
198860997895798785
198860998348783618
198860997849645056
198860997958709250
198860998797570048
198860998499770368
198861000999583744
198861000974409729
198861001662271489
198861003839127552
198861003583270915
198861003897839616
198861004292100096
198861005273579520
198861005302923265
198861005374242816
198861004677984259
198861009027469313
198861008872275968
198861010336104449
198861010998804480
198861012798148610
198861012978507776
198861015318929408
198861015654477825
198861015327313920
198861016552046592
198861018250739712
198861019047665665
198861019852972032
198861020272398337
198861019903307779
198861021711048704
198861021765574656
198861023271321601
198861023623643136
198861026010210304
198861029025923072
198861030049329153
198861030300991488
198861030946914304
198861031991279616
198861031978696705
198861031928381441
198861032561713152
198861032897261568
198861033056641024
198861033752895490
198861033991970816
198861035376087040
198861035661299712
198861035678085120
198861036860882950
198861038811217920
198861039352287232
198861040296017923
198861041017421824
198861041067761664
198861041839521792
198861040748994563
198861042930028545
198861043773079552
198861044653883393
198861044695838720
198861044444172288
198861045299822592
198861045979287552
198861047224991744
198861047938031617
198861050764992513
198861051389935617
198861052195246080
198861052874735616
198861053646483456
198861054363697152
198861054669889538
198861054665687041
198861056171442176
198861057723346944
198861057807220736
198861058776104960
198861059929546752
198861060634198017
198861060990701568
198861061099765762
198861061372379136
198861061812793346
198861061942804480
198861061024268288
198861063528255489
198861065088536577
198861065327607808
198861065436659713
198861066913067008
198861067156324352
198861068280401920
198861066216812544
198861069874241536
198861071048638464
198861074089508864
198861076576739329
198861076991983617
198861077998604288
198861078459990016
198861081442131968
198861081836396544
198861082746556416
198861084092923904
198861084898238466
198861084877258752
198861086013919235
198861087859408896
198861087993626625
198861088631169024
198861088752799747
198861089503592451
198861091143553024
198861092674473986
198861093110689792
198861098655547392
198861098894639105
198861100530413568
198861101016952832
198861102904385536
198861103646777345
198861105047674880
198861106968666112
198861106964480001
198861108180824066
198861108587671554
198861109250363393
198861109728518144
198861110282174464
198861110860988416
198861112459005954
198861112714854400
198861113314643970
198861114963001345
198861115093032960
198861116749778945
198861117022404608
