198847781203476480
198847781308346368
198847782109462529
198847782088478720
198847783241908224
198847783950757888
198847785414569985
198847785703968769
198847785771085824
198847785473286144
198847786123395072
198847786031124480
198847787452997632
198847787851448320
198847788551901185
198847788891643904
198847787952128001
198847789642424320
198847789222985728
198847789063610368
198847790326104064
198847789629841409
198847788941971459
198847791320154113
198847791819259904
198847793039806464
198847793345990657
198847793379553280
198847794151305219
198847794142916609
198847794402955264
198847794851745793
198847794952417280
198847796089061376
198847796248449025
198847797062156288
198847797703880704
198847798379159552
198847798416916481
198847799851360256
198847799876534272
198847800287559682
198847801306791937
198847801600376832
198847802942558209
198847803722698752
198847803517173760
198847803177447424
198847803609464832
198847804771287040
198847805274599425
198847806868426753
198847806713245696
198847807552098304
198847807426269184
198847807652765696
198847807900221440
198847807694716929
198847808277716994
198847808768442369
198847808994947072
198847810202906625
198847809888325632
198847809963827200
198847810437787648
198847810836246528
198847810781724673
198847810894958592
198847810689437697
198847811691884544
198847811947728896
198847812564299776
198847812547522560
198847813457674241
198847814170714114
198847814724362241
198847814346878976
198847814657253377
198847815819071488
198847815567417344
198847815856820224
198847816037187585
198847816901210112
198847817417105408
198847816985083904
198847816980889600
198847817186426880
198847817282883584
198847817748455424
198847818474061826
198847818662817792
198847818411151360
198847819656863746
198847820034347008
198847819421990912
198847820076285952
198847820176953344
198847820889993216
198847820361510912
198847820910964736
198847822655791105
198847822852931584
198847822781628417
198847819795267584
198847823284928514
198847823893102593
198847824127987713
198847824010559488
198847821032591360
198847824371253249
198847822152470529
198847824568389633
198847824811663360
198847825583419392
198847826451644417
198847826380333057
198847826678136832
198847826992701441
198847826938171392
198847827030441985
198847827630243841
198847827869310976
198847827391160324
198847828297121792
198847828062257153
198847829211492352
198847829152772096
198847829102436352
198847830125854721
198847828926275584
198847827940618242
198847830528495616
198847830029369344
198847830801121280
198847831304441856
198847831434477569
198847831434473472
198847832902483968
198847832009084929
198847832873107456
198847832550158336
198847833363853312
198847834227871745
198847834693439488
198847834731200512
198847834819264512
198847834626330624
198847835041570818
198847835427454977
198847835448426496
198847835964309505
198847836224368640
198847835930767361
198847836358586368
198847836232749056
198847837944037376
198847837830778881
198847838216663040
198847838313136131
198847838933880835
198847839034540032
198847839059709954
198847839412031489
198847839865012224
198847840208953344
198847840179597313
198847840695492609
198847841605648385
198847841865703424
198847841983148032
198847842545176577
198847842251575296
198847842331275264
198847842603896832
198847843627302912
198847844394868736
198847844235493377
198847844076097537
198847844390670338
198847843841212416
198847844956913665
198847844998852608
198847845124685824
198847845929979906
198847846307463168
198847846143897601
198847846194216962
198847847209246721
198847846680764416
198847847112785920
198847848131989505
198847847901306880
198847848144584707
198847848652087296
198847849142816769
198847848740175872
198847849511923712
198847849658712064
198847849931341824
198847849625169921
198847850455629824
198847850493390851
198847851097370624
198847848182321153
198847852011724801
198847852032688128
198847852254986240
198847852653449217
198847853542649859
198847853563621376
198847853563609088
198847853685260288
198847854050148353
198847853802700800
198847854536687616
198847855023226880
198847855547531264
198847855769817088
198847855945973760
198847856432529408
198847856101167104
198847856721936385
198847856570929152
198847857447550976
198847857653063681
198847857493671937
198847857967636480
198847857984409600
198847858525470720
198847858571608064
198847860513587203
198847860962365440
198847861390184450
198847861960609792
198847862103212033
198847862736560128
198847863432806401
198847863504121856
198847864875655168
198847859326590977
198847864967921664
198847861859954689
198847866020704256
198847866096197632
198847864758206464
198847867471929344
198847868059136000
198847866712756224
198847866838581248
198847868260458497
198847868923166720
198847869766221827
198847869984317440
198847869871075328
198847870332436480
198847870152093697
198847870403756032
198847870663786496
198847871590727680
198847871464902656
198847871485870080
198847871834013696
198847871880142848
198847872555417600
198847872798691328
198847872341516288
198847872677052416
198847872417005568
198847873411067904
198847874019241984
198847874770026496
198847875403366401
198847876774903808
198847876846194689
198847877664096256
198847877659893760
198847877831852033
198847877760565248
198847878263881728
198847878909804544
198847878293233664
198847879325028352
198847880100970497
198847879635406848
198847879819952128
198847880117755904
198847880709156864
198847881220861952
198847880918872064
198847882344939520
198847881472507904
198847882302992384
198847882722414593
198847883129257984
198847883737436160
198847883615801347
198847885062840320
198847885494853633
198847886304350208
198847886316929024
198847886539239427
198847886191112193
198847886363074561
198847885922668544
198847887050948609
198847887134830594
198847887470362625
198847885033476097
198847887843659777
198847887562645506
198847887944331264
198847888292454402
198847888707690496
198847888061767681
198847887902392320
198847888216961024
198847889219395584
198847889282301952
198847889248751616
198847889794015232
198847890293141505
198847889928228864
198847890272161792
198847890452520960
198847890951647232
198847892264464386
198847892344147968
198847892524515328
198847892843278336
198847893615017984
198847894621659136
198847895259193344
198847895691214848
198847895452135425
198847895355670528
198847896093868032
198847896773345280
198847896530071553
198847896983052288
198847896920129537
198847897880641536
198847898153254912
198847898216185857
198847894885900288
198847898132295680
198847897842884608
198847899117953024
198847900359467009
198847900875374593
198847901584211968
198847901416423424
198847901873614849
198847901651304448
198847902565662720
198847901483548672
198847903048024064
198847903643615233
198847903639412736
198847904390201344
198847904708964352
198847904318894081
198847904931262464
198847905623314432
198847905803681792
198847905354887168
198847906835464192
198847906730614785
198847907439456256
198847908123123713
198847908345413633
198847908756455424
198847908802609153
198847909310119936
198847909582749697
198847909746327552
198847909909893122
198847909645647872
198847910622937088
198847912334204928
198847912472612864
198847914771095553
198847915194712067
198847914922090496
198847916486561793
198847916180381696
198847915672879105
198847915807092736
198847917791002625
198847917744861184
198847918411747328
198847919925891072
198847919766503424
198847921188372480
198847921171599362
198847921326784512
198847921603620864
198847922861916162
198847922610253825
198847922538942464
198847920672489473
198847922891272194
198847923063238657
198847923285536769
198847923667218432
198847923914670080
198847922782220290
198847924405411840
198847924199882752
198847924283785216
198847924715782147
198847925407850496
198847925537878016
198847926074740736
198847926045388801
198847924954873856
198847926863282176
198847927282700288
198847927098159104
198847928444534785
198847928025096192
198847927022657537
198847928427741185
198847930063519744
198847929094643714
198847930961113088
198847931292450817
198847931766407168
198847931883855872
198847931128877056
198847932064202752
198847933028900865
198847933691596800
198847933574152192
198847933989404672
198847934203301889
198847935277043713
198847937206423552
198847936694726656
198847936996720643
198847936875085826
198847938443755520
198847938607333376
198847938728960000
198847938389217280
198847939572011009
198847939613958144
198847940318593026
198847941186830336
198847942289915904
198847942659014656
198847942919061504
198847942516420609
198847943724371970
198847944198324225
198847945548906496
198847947394400257
198847948157759489
198847948560400384
198847948757536768
198847948174532608
198847949197950978
198847949550264320
198847949978087426
198847950372343810
198847950976335872
198847951035043841
198847951290904577
198847952100397056
198847951987159040
198847952209457154
198847953098653696
198847953702625280
198847954264670214
198847954277240832
198847955220959233
198847954843480066
198847955451658240
198847955598458882
198847955711705089
198847956286312448
198847957116788736
198847957259390976
198847957854982145
198847959188770816
198847959285235713
198847959947948032
198847959629180929
198847959541100545
198847961252368384
198847961919266816
198847962250608640
198847963139805184
198847963093667840
198847963529887744
198847963798319104
198847963320164355
198847963966091265
198847963907375105
198847963571814401
198847964972711936
198847965236965376
198847965106946048
198847965564121088
198847965857726464
198847966159712258
198847966805630976
198847966461706242
198847967464140800
198847967090839553
198847967543824384
198847967975845888
198847968089096194
198847968047136769
198847968701452288
198847968722419715
198847966168092674
198847970198831104
198847970110750720
198847970081374208
198847970874114048
198847970408546304
198847970572124160
198847971385815042
198847971591340032
198847971180285953
198847972363079682
198847973608800256
198847974103724033
198847974137282560
198847974565097473
198847975265533952
198847976217640962
198847976255406080
198847975471063040
198847976507047936
198847975999537153
198847977312358401
198847977266233344
198847977383669760
198847977694040065
198847978243497985
198847979648593921
198847979350798336
198847980051247105
198847979501793281
198847979656974336
198847979833135104
198847980529389570
198847981376638976
198847981515051008
198847980185460736
198847981766709249
198847981850599424
198847982844653569
198847983012429824
198847982462976000
198847983238909953
198847983012421632
198847983037591553
198847983436046337
198847984329428993
198847984434282498
198847984736284672
198847985449308163
198847986414006272
198847986741157888
198847986225250304
198847986372067328
198847987101876225
198847987848458241
198847989035438080
198847989182242816
198847989387767808
198847986795692032
198847987470962688
198847988347572224
198847989291286528
198847989308080128
198847990952239104
198847991564603393
198847992135024640
198847991933702144
198847992235700224
198847992999063553
198847992734814208
198847992319582209
198847993615630336
198847993439469569
198847994571915264
198847994563538944
198847994869723137
198847995226238976
198847995347865600
198847995909910529
198847995628879872
198847996136398848
198847995981201410
198847996232859648
198847996279001091
198847997013012481
198847996752965634
198847997310803968
198847996828454914
198847997264662528
198847997004615680
198847998774620160
198847999235989506
198847998862704643
198847999697362947
198847999873515520
198848000154537984
198848000632684545
198848000976617472
198848000548802560
198848000846606336
198847999827386368
198848001429606401
198848001026961408
198848001433812992
198848001681276928
198848003216392192
198848002960523267
198848003161849858
198848004000714752
198848004327866369
198848004684386304
198848004910882816
198848005435170819
198848005753929728
198848005892349952
198848005653274624
198848006836072448
198848007272275968
198848007771389952
198848008048230402
198848008333443072
198848007884644354
198848008689942530
198848008819965952
198848009000329217
198848010434789376
198848012016025601
198848012179619840
198848011705655296
198848012175421442
198848012733259776
198848013127516160
198848014046085121
198848014364844032
198848015392448513
198848013945405441
198848015715418113
198848016063545345
198848016197750784
198848015744770048
198848016105476102
198848016470376448
198848017166635008
198848017804177408
198848017510563840
198848018936643585
198848017539923968
198848019146354688
198848018949218304
198848019460919296
198848019234435074
198848019712573440
198848019926487041
198848020551442433
198848020803108864
198848020761157632
198848019293155328
198848021281243138
198848021532901376
198848022925418496
198848023059636224
198848023810416640
198848024687030272
198848024917708800
198848026482192384
198848026536718336
198848026742235137
198848027073585152
198848024577978370
198848028046655488
198848027954397184
198848028231204864
198848026087923712
198848028520628225
198848030324178944
198848030680686593
198848031234342913
198848031049777153
198848031536324608
198848032048021505
198848031767015424
198848031456641025
