198822111719067648
198822111681323008
198822111874260992
198822112004276225
198822112742473729
198822112117530624
198822112478232576
198822113698787328
198822113963020288
198822113946238976
198822113497452545
198822114592174080
198822114273411072
198822114382454784
198822114667667456
198822114965471232
198822115007401984
198822114797690880
198822114759950337
198822115623972866
198822115787554817
198822115191955460
198822116043407360
198822115942744064
198822116286668801
198822114088845312
198822116349587457
198822116676743169
198822115762376704
198822116467019776
198822116580265984
198822116341198848
198822117356208128
198822117641428993
198822118379634689
198822118488686592
198822119973457920
198822119608557568
198822120451612672
198822120153825280
198822118157336577
198822120938156032
198822121185607684
198822120699076609
198822121282080772
198822120871043072
198822121714098176
198822121416298496
198822122431328256
198822123253411840
198822123035312128
198822123551203328
198822123572183040
198822123920306177
198822122511024129
198822123228246017
198822123798667264
198822124427821056
198822123706396673
198822124541063168
198822124599783425
198822124633329665
198822123706384384
198822125069545472
198822124520083457
198822125539303425
198822125715472386
198822125732233216
198822125367328768
198822125807747073
198822125581250560
198822125644156928
198822126264922115
198822125811937282
198822125954547712
198822126545940480
198822127024095232
198822126969569280
198822127598698497
198822127539990530
198822127284142080
198822127971999744
198822127812624385
198822128366264322
198822128529846274
198822128374657024
198822128534032384
198822129372889089
198822129670688768
198822128978624512
198822129888792576
198822129989464064
198822130396311552
198822130828324864
198822130127863808
198822131163869184
198822130719272960
198822130652151809
198822130765402112
198822132032086016
198822132149522432
198822132334084098
198822132027899904
198822132455702528
198822133818859520
198822133537845248
198822133848223745
198822134603190272
198822134917763072
198822135739850752
198822136180248577
198822135823728640
198822136134123520
198822136784240641
198822137425969154
198822137434349568
198822137602121729
198822137245609985
198822138352898049
198822138235469824
198822138227081218
198822138239655937
198822138986250240
198822139070124032
198822139225317376
198822139695079424
198822140202582016
198822140206792705
198822140529745920
198822140093534208
198822139908993024
198822140374552577
198822140848513027
198822140953378817
198822141058220032
198822141007900672
198822140886269953
198822140336812032
198822141007904768
198822141515411457
198822139720237056
198822141590913024
198822141855150082
198822141494439936
198822141997756416
198822142425575424
198822143360905217
198822142824026112
198822143486730242
198822143704829953
198822144103301121
198822144770191361
198822144564674560
198822145000865797
198822145055399936
198822146217218048
198822146221416448
198822146720538624
198822147412594689
198822147479715840
198822147467120641
198822147257401348
198822148276621312
198822148779950080
198822149555896320
198822149555892224
198822149753028608
198822149757210624
198822149551685633
198822150667382785
198822150784815104
198822150977757186
198822150872907778
198822151527219200
198822152286375936
198822152550612992
198822152198291457
198822152143769600
198822152408010755
198822152168935425
198822152462548993
198822152680644608
198822152441573376
198822153490149376
198822153829875714
198822153989259264
198822153976684544
198822154127671296
198822154849091585
198822155289493505
198822155524382720
198822155448885248
198822155499220994
198822156195471361
198822156296130560
198822156052860928
198822156296142850
198822156426158080
198822157369884673
198822156992393219
198822157323730945
198822157495701504
198822157235666945
198822157806080003
198822158129049600
198822158321987584
198822158531706880
198822158804328449
198822158993063936
198822158821109763
198822158024187905
198822158808514562
198822160159092736
198822160108752898
198822160335245313
198822160008089601
198822160649830400
198822160918249472
198822160901476352
198822161379622914
198822161400598528
198822161811644416
198822161698394112
198822162184933376
198822162684063746
198822162595979264
198822162554028033
198822163552288768
198822163892019200
198822163518726146
198822163577442304
198822164424691712
198822164563116032
198822165393588225
198822166337290240
198822166211469312
198822166190497792
198822167272628225
198822167016775680
198822167566221313
198822167813693440
198822167838851075
198822167318765569
198822167859822594
198822168312823809
198822167830474752
198822167897571328
198822168216346625
198822167587196928
198822168086331392
198822168673533952
198822169063596033
198822169390759936
198822169017466881
198822169281691648
198822169013272577
198822169969569792
198822169243942913
198822170070228993
198822169998934019
198822170347044864
198822170141528064
198822170468679680
198822171127193600
198822171840233474
198822172205129729
198822171877978113
198822172460990464
198822172460990466
198822172368707584
198822172632948736
198822172804915201
198822172100268034
198822172372905984
198822172700057600
198822173463416832
198822173471801344
198822173845098496
198822173878665217
198822174008680449
198822175141142528
198822174973370368
198822175355052034
198822174340026369
198822175346663426
198822176525254656
198822175862562818
198822176667860995
198822176785301504
198822177032781824
198822176630128641
198822176831438848
198822177238298624
198822178148466688
198822178769207296
198822178433675264
198822178978922497
198822178999898112
198822178349776896
198822179092176896
198822179339649024
198822179314483200
198822179314479106
198822179868131329
198822179339632640
198822176848216065
198822180103000064
198822180451131392
198822180438556672
198822180274962433
198822180866367488
198822181373886464
198822181608751104
198822181336129537
198822181919137792
198822181910745089
198822182044975104
198822182007209985
198822182221127681
198822182468591616
198822183047397376
198822183202586624
198822182774767617
198822183483609089
198822183475232769
198822182967705600
198822183370358784
198822183894663169
198822183928213504
198822183949172736
198822184586711040
198822185136173056
198822185408806914
198822186264440833
198822186281209857
198822186897784833
198822186956500992
198822187136856064
198822186713235456
198822186620948480
198822187145244672
198822187212341248
198822188135092225
198822188206399488
198822188688736257
198822188428693505
198822188663570432
198822188772622336
198822188818776064
198822189515018240
198822190286774272
198822190441971713
198822190727168000
198822190269988864
198822190358081536
198822190941089792
198822191855452161
198822192052584449
198822192060956672
198822191855452160
198822191998054400
198822191855439872
198822192279064576
198822191884795905
198822192014819328
198822192539119616
198822192564273156
198822192190996480
198822192929189888
198822193591885825
198822193554145281
198822194107777025
198822193524776962
198822194623680512
198822194728534016
198822194489458690
198822195097636864
198822196024573952
198822195798089729
198822195936501760
198822196578238464
198822196733419520
198822197127675904
198822197148655616
198822196737609728
198822198104952832
198822197949771776
198822198587305984
198822198474051584
198822199749120000
198822199900119040
198822200038539264
198822199891730432
198822200575410176
198822200831250434
198822200399245314
198822200487325696
198822200948686850
198822200453767168
198822201284235265
198822201036779521
198822201355546626
198822201863057408
198822201816907778
198822201934348288
198822202257321984
198822202563502082
198822202769018880
198822202076971008
198822203058421760
198822203532378115
198822204455129089
198822204123774976
198822205457580032
198822205386276866
198822204996194305
198822205239476224
198822205994450944
198822206795558912
198822206732636160
198822206782967809
198822206615203840
198822206837501952
198822206728441857
198822207315640321
198822207198216193
198822207357599744
198822208011902979
198822208011902980
198822208737521665
198822208318078978
198822209224065024
198822207709913088
198822209442164736
198822209588953088
198822209849012224
198822209626701826
198822210054533120
198822210398470144
198822210142617600
198822211178610688
198822211329601537
198822211426070528
198822211304439808
198822212063604736
198822211807756289
198822212046815232
198822212373979136
198822211941974016
198822212797599744
198822213611290624
198822213619691521
198822213879734272
198822213695184897
198822213640650752
198822214437580802
198822214789894144
198822215356133377
198822214756347904
198822215653933059
198822215737819137
198822215595208704
198822216450838530
198822215905583104
198822213753896961
198822217520386048
198822217285509122
198822217335844864
198822217390374912
198822217214201860
198822217923051521
198822218552193024
198822218673831937
198822219357487106
198822220108283904
198822220376707072
198822219709808641
198822220674510848
198822221106511872
198822221437878273
198822221106524160
198822220208930816
198822221383344128
198822221798576128
198822221416906752
198822221924409346
198822221668556800
198822222486437889
198822222138327042
198822222188646402
198822222813605888
198822222792622080
198822223568568321
198822223698595841
198822224013164544
198822224386457600
198822224285798401
198822224701038592
198822225451819008
198822225313406976
198822225581846529
198822225913192449
198822225506336769
198822225623785472
198822226525569025
198822226701725697
198822226206793728
198822226148073472
198822226894651392
198822227481870337
198822227393777664
198822228303949825
198822228303949827
198822228119400448
198822226831740928
198822228807262209
198822229398659072
198822228941479936
198822228819845120
198822229696462849
198822231139295232
198822231290294273
198822231231565824
198822231906856960
198822232070430720
198822231655194625
198822232510824448
198822232330477569
198822232166899714
198822232821207040
198822232481476608
198822232330469377
198822233005752320
198822232976400387
198822232393383936
198822233181917185
198822232892518400
198822233009963008
198822233081257984
198822233660067840
198822233811066880
198822234117255169
198822234192756736
198822234150801408
198822234796724224
198822234188546048
198822235065167872
198822234742194176
198822236025663488
198822236172468224
198822236591894528
198822236306677761
198822236000489473
198822236986146819
198822236906459136
198822236793217024
198822236294094848
198822237938266112
198822237191667713
198822237392994305
198822237476892672
198822237732745216
198822237787262976
198822238328336385
198822237791469568
198822238034722816
198822238462541825
198822238714208257
198822238739382272
198822239217520640
198822238894567426
198822238647103489
198822239418843136
198822239590817792
198822239968305153
198822239766986752
198822240199000065
198822240157040640
198822240614232064
198822240324820992
198822240341590016
198822240639385601
198822241100763136
198822241998356481
198822242396803073
198822241310482432
198822242535211008
198822242887532544
198822242833022979
198822243227279360
198822243466354690
198822243772534784
198822243860615169
198822243487330306
198822244359733249
198822243957084160
198822244221333505
198822244946952192
198822245269905409
198822245508984832
198822245538336769
198822244619788288
198822245827747840
198822245978746881
198822246557564929
198822246515621891
198822246570147840
198822247257997313
198822247316721666
198822246737911808
198822247455137793
198822247463526400
198822247648067585
198822248126234624
198822247639695360
198822247979433984
198822248168169472
198822248520482818
198822248365309952
198822248944111616
198822249741029376
198822249778790401
198822249866858496
198822249476796416
198822248415633409
198822249942368257
198822249753608193
198822250009473025
198822250546331650
198822250709921792
198822249929785346
198822250395340801
198822251364225025
198822251657826304
198822252647677953
198822253444603904
198822252895145984
198822253637545986
198822253620768769
198822253603983360
198822253285220354
198822253931151360
198822253083885568
198822254065352705
198822253520101377
198822254077943808
198822254107299840
198822254715473920
198822254874853377
198822254900023296
198822255785033729
198822255533363201
198822256267374593
198822255822782466
198822256439328768
198822256124764160
198822257408212992
198822257315950592
198822258062532610
198822257726984192
198822257714405376
198822258960105472
198822258993664000
198822258909782018
198822259471810560
198822259991920640
198822259752833024
198822260142911488
198822260897890304
198822259958366208
198822260671381504
198822260692353024
198822260553953283
198822261149536257
198822260126138368
198822260855930880
198822261338284032
198822257143980032
198822262256832514
198822261787070464
198822262848225281
198822263259283456
198822263628374016
198822263783571456
198822263389298690
198822263926169603
198822263510925312
198822264471429123
198822264072978433
198822264655978496
198822264572096512
198822264916021248
198822265008308225
198822265062830080
198822265972981760
198822267050921985
198822267394859009
198822267508109313
198822267231272961
198822267893977089
198822267642327040
198822267977867264
198822267340337152
198822264760827904
198822268867051521
198822266333700096
198822268963528704
198822268288237568
198822268955140096
198822269408120833
198822267029946369
198822268955131904
198822270041460737
198822269533954048
198822270557364224
198822270582538241
198822270699970560
198822270502838273
198822271123587073
198822271861800961
198822271517855744
198822272134426624
198822272520298497
198822272709050368
198822272843255809
198822273518542848
198822273824722944
198822274520973312
198822274588082176
198822274768437248
198822275020111875
198822275112382464
198822274978164736
198822275141742595
198822275158515713
198822274911055872
198822275410165761
198822275393392640
198822275083026432
198822276064489472
198822275917684736
198822276576194561
198822276068687873
198822276546822144
198822276995620864
198822277004009473
198822276752355328
198822277947723777
198822278044196866
198822279206023168
198822279398948864
198822279386370048
198822279759675392
198822279453478914
198822279566721024
198822279927443459
198822280212660224
198822280489484289
198822280422367232
198822281051512833
198822280728547329
198822281445781504
198822280913092610
198822281579995136
198822281257041920
198822281571602433
198822282494349312
198822282024583168
198822282796347393
198822283173826561
198822283228348419
198822283417092096
198822282892812289
198822283928809472
198822284230795265
198822284318875648
198822284419530752
198822284843155456
198822284935434241
198822284696358912
198822285103214592
198822285031915521
198822285115793409
198822285421981696
198822285686222849
198822285153546241
198822285866577922
198822285791084545
198822286223085568
198822286374084608
198822286734802945
198822286332137472
198822286474739712
198822287556882432
198822287212941313
198822287800147968
198822288571891712
198822288404119553
198822289100378112
198822288559325185
198822289364623360
198822288953589760
198822288995532800
198822288882278400
198822290014740480
198822290417401856
198822289041657857
198822290341904384
198822291197534208
198822291243671553
198822291654709248
198822291394662400
198822292451631104
198822291994447872
198822292036395008
198822292220940288
198822292309028864
198822292611018753
198822293537951744
198822293613445120
198822293831553024
198822294007709698
198822293676359683
198822294292930560
198822294758502400
198822294506831873
198822295085649920
198822294825607169
198822295844818945
198822295505080322
198822296004210688
198822295198900224
198822296104865792
198822296343941121
198822297103110144
198822296872427520
198822297161842690
198822297283461121
198822297946165248
198822298076192770
198822298084577281
198822298625642496
198822298856337410
198822298977964032
198822297883246593
198822299888140288
198822300601159680
198822301481963520
198822301293215744
198822301645537280
198822301259677697
198822302073364480
198822302220156929
198822302308249602
198822302496980993
198822302736056321
198822303184859137
198822303423922177
198822303218409472
198822303843352579
198822304648663040
198822304497676291
198822305240059904
198822306016006144
198822305890177024
198822305286201347
198822306028597249
198822307450466304
198822306934571008
198822308075405317
198822308180279300
198822308142530560
198822308016689152
198822306179592194
198822308834582529
198822308557758464
198822309522452480
198822309002354690
198822309585354753
198822310239682561
198822310042546177
198822311141441537
198822311078531074
198822310902382594
198822311200161792
198822311758012416
198822312051609601
198822311774793728
198822312525578240
198822313016311808
198822313762893824
198822314140377090
198822313834196992
198822314563993601
198822314723377153
198822315063132161
198822314895347712
198822315134427136
198822315327361024
198822315700654082
198822316111691776
198822315809705984
198822316019425281
198822316841508864
198822316673728513
198822317223182336
198822317277712384
198822317026066432
198822317776846848
198822318468894720
198822318124974083
198822317927841792
198822318821228544
198822318636662784
198822319035138048
198822319194509314
198822318984790017
198822319848833025
198822319655890944
198822320389890048
198822320515727360
198822320423440385
198822321245519872
198822321513955328
198822321895645184
198822321308450817
198822321878876160
198822321996312576
198822322487033856
198822322726125569
198822322843557890
198822323057463297
198822322990366721
198822323250401280
198822323745333248
198822324634533888
198822324080873472
198822324982648832
198822325167202306
198822325695680515
198822326756839424
198822326039609348
198822326610042881
198822326878486528
198822327801233408
198822327566344192
198822328942071809
198822326068985856
198822329667694592
198822329831276544
198822330527518720
198822330900815872
198822330925977600
198822331030835202
198822331232161792
198822331148275713
198822331337015298
198822332016492544
198822331978743808
198822332159098880
198822331743879169
198822332456906753
198822332494651394
198822332616294400
198822333073461250
198822333484507136
198822333211885570
198822334247866368
198822334675685376
198822334994452480
198822335359369218
198822334793129985
198822335074140162
198822335275466752
198822334432428032
198822336252755969
198822336378572801
198822337192275969
198822337171292161
198822336990941184
198822337620099072
198822338098233345
198822337867546625
198822338236657665
198822336928038913
198822338291171329
198822337871749120
198822338597371904
198822335036395521
198822338601566209
198822338119204864
198822338073083904
198822338886762496
198822339167789056
198822339343958016
198822339041964034
198822340220567552
198822340958752770
198822341134909440
198822341487239168
198822342087024641
198822342464507906
198822343127203843
198822343433392129
198822343768944641
198822343336923136
198822342997184512
198822343852818432
198822343655686144
198822344054153216
198822343768944644
198822344645545984
198822345425686528
198822344318386176
198822345245343745
198822345731866624
198822345547317248
198822346088398848
198822345798979584
198822346423926786
198822346134519808
198822345396330496
198822346239385600
198822346574938112
198822347178901505
198822346440708097
198822347518644224
198822346956615680
198822347636084738
198822347464114176
198822347854184448
198822346235183107
198822347304730624
198822348151988224
198822347686428672
198822348655304705
198822348604964866
198822348885983232
198822348995035136
198822350605664256
198822351230611457
198822350970568705
198822351536791552
198822351163498497
198822351218028544
198822351750701056
198822352329506816
198822352392437761
198822353126428675
198822352669261825
198822353524887552
198822352874778625
198822353784946688
198822354216947712
198822354237919232
198822354384732161
198822354896429058
198822355231977472
198822353810100224
198822355361996801
198822354909007872
198822355194216448
198822355986939906
198822355974365184
198822356255379458
198822357379465216
198822357748551681
198822357962473472
198822357878579200
198822358226714626
198822358298001408
198822358667108352
198822358407057409
198822358134435840
198822358528704512
198822359338192896
198822359216566272
198822359858294785
198822359598247939
198822359703105538
198822361179492353
198822360965582848
198822361162723328
198822362123210752
198822361305333760
198822362441977856
198822362643316736
198822362710425601
198822363096297473
198822363247288320
