198856588839231488
198856591150288896
198856591246770176
198856592878346241
198856595512373248
198856596439314432
198856595801784320
198856599316606976
198856600134492161
198856600268718080
198856601606684674
198856603607384064
198856605738074112
198856604857278464
198856605981347841
198856605838741504
198856605658390529
198856608019783680
198856608552452096
198856610653806592
198856611291336704
198856611748524032
198856613895995392
198856614894256128
198856615330463744
198856617016565762
198856619000475649
198856618216140800
198856620061634560
198856621315719168
198856623257686016
198856625103175681
198856625371619328
198856625249984512
198856626642485248
198856627594608640
198856628194377728
198856628634783745
198856629746286592
198856630245400577
198856630924873729
198856632178970624
198856633344983040
198856633818943488
198856634628440064
198856634448089089
198856634645229568
198856635039485955
198856637254074368
198856638394929152
198856638684348416
198856639762272258
198856640043298817
198856639518998528
198856640534036480
198856643595874305
198856645021941760
198856646364102656
198856648008282112
198856649388208129
198856649346265089
198856649589534720
198856650038321153
198856648217993217
198856653637033984
198856654161317888
198856654941454336
198856656610803712
198856657135091713
198856657936199680
198856658351435776
198856659303542784
198856659530035200
198856661400686592
198856663460089858
198856665653719042
198856666064764928
198856667197214720
198856669084663809
198856669671862272
198856669290172416
198856675569053697
198856676475015169
198856677053825026
198856674939908096
198856678492471296
198856679352320000
198856679578812416
198856677418729472
198856681051013120
198856682636455936
198856684263849986
198856686277115905
198856688332324864
198856688206483456
198856688600756224
198856689963900928
198856690723061760
198856692614696962
198856694145626112
198856696196644866
198856696708341760
198856694325972992
198856697090019328
198856698188935169
198856696658018304
198856702269980673
198856702823641088
198856698683850752
198856703616364545
198856705176645633
198856707089240066
198856708028768256
198856710625034240
198856710474047488
198856711010914305
198856710465667072
198856710994137088
198856712827056128
198856712952881152
198856713212936192
198856716438347776
198856717767942144
198856718183178240
198856719001059328
198856719865094145
198856722209710080
198856725149921280
198856725170892801
198856726341107712
198856727377084416
198856727326752768
198856732057944064
198856731986632704
198856731252637696
198856734469668864
198856734494830592
198856735446925312
198856735421759488
198856737846071297
198856738034810881
198856739049832448
198856740517838848
198856741839044608
198856741931327488
198856742858260482
198856743256735744
198856744410165248
198856744921874432
198856746385682433
198856748042436608
198856748436688896
198856748600266752
198856748755456002
198856748843540480
198856751104266240
198856752312225792
198856755533459456
198856756229713920
198856760252051456
198856761409671168
198856762412105729
198856762898649089
198856763058032640
198856763498438656
198856766245711873
198856767608856576
198856767504003073
198856768183476224
198856769726980096
198856768032489473
198856770221916160
198856771043983360
198856772293898240
198856773766094848
198856773782872064
198856775309602819
198856776102330368
198856776953765889
198856776987324416
198856780762202112
198856781596868609
198856782947426304
198856783568179200
198856784574812160
198856784864219137
198856782574141441
198856786504204289
198856788517470208
198856792913092608
198856793022148610
198856793366073346
198856794993475584
198856797308731392
198856799846277121
198856800001474560
198856801368809472
198856802534825984
198856803088482305
198856801494642688
198856803914756096
198856806133547008
198856806880124928
198856807131783168
198856808394268674
198856810139099138
198856813087698944
198856814639591424
198856816644460544
198856818510925825
198856820423532544
198856821958643712
198856822310977538
198856823728635904
198856824424906752
198856825079201792
198856824588484608
198856826232643585
198856824689131520
198856828765995008
198856828619194370
198856826077450240
198856829349003265
198856831790092288
198856832951914496
198856835938254848
198856835745333248
198856837175590912
198856837104275457
198856837246885888
198856838920421376
198856839071408128
198856839042056192
198856839440506880
198856839360811009
