198854828817006592
198854829756530688
198854830742188032
198854831857868802
198854834001158146
198854833082613760
198854833372004352
198854834634493952
198854835620155392
198854835364298753
198854835213307904
198854836127666177
198854835955707904
198854837121716224
198854836844892161
198854837989949440
198854838916886528
198854841374744578
198854841823543296
198854841815150593
198854843492864000
198854844658876416
198854847854940161
198854847657807873
198854849524269056
198854849545256961
198854850702868480
198854850488958977
198854853429174272
198854853655662592
198854854251266048
198854851881480192
198854857661218817
198854858013548544
198854859011801088
198854863004778496
198854865068359680
198854865559105536
198854867295539200
198854868579004416
198854868956487682
198854869774368769
198854869644353537
198854870453850112
198854875122118656
198854875940003840
198854877366075395
198854879874269186
198854880096563200
198854884810956801
198854885008084993
198854884576079874
198854885192642561
198854886014726144
198854887285587968
198854888447422464
198854888585826305
198854889147858944
198854892897566720
198854894545928195
198854899679756289
198854899511984128
198854901437181952
198854901583982592
198854906512277504
198854906944299008
198854908944973825
198854910165524480
198854909582512130
198854910622703618
198854915383246848
198854918164066305
198854919376207872
198854919208435712
198854921762783232
198854922618413056
198854923042029568
198854923776032768
198854924736528384
198854924208062464
198854924623286272
198854925558620161
198854926091304960
198854926913384448
198854930335928320
198854930482724865
198854930948304896
198854931883626496
198854933133533184
198854934467317761
198854934882566146
198854935511695360
198854936291848193
198854936618995713
198854938783260672
198854942012874752
198854949256433664
198854949248045056
198854949440995329
198854950254686208
198854951236149248
198854952003710976
198854952955805697
198854953106817025
198854955552096256
198854955644366848
198854956126711809
198854957032685569
198854957930266626
198854957368213504
198854958383251456
198854958832029696
198854959146610688
198854959415037953
198854959637340161
198854962288136192
198854964758593536
198854965182210049
198854960958545920
198854969984692224
198854971033268225
198854970701910016
198854971662401537
198854971482058752
198854972484485120
198854973017174017
198854975613448192
198854978037747713
198854980105551872
198854981653245953
198854984526348289
198854985193230336
198854985335848960
198854985130319873
198854983087685632
198854986417967105
198854987466539009
198854987160363008
198854988808728576
198854992755560448
198854999080583168
198855000854757376
198855001391636481
198855001798492161
198855002347941888
198855002750590977
198855003815948288
198855004558344192
198855005363646464
198855006689050624
198855006861000704
198855007032975361
198855009096568832
198855010640076801
198855010124181504
198855011135008768
198855011487330306
198855012183588864
198855014352031744
198855014821789696
198855014234591233
198855016767946753
198855016939925505
198855016625356802
198855017359360000
198855017715871745
198855018546348033
198855019016110080
198855019620089856
198855021222313984
198855021880819712
198855023512399872
198855023587885057
198855024556781568
198855024191877122
198855025173348352
198855028214214657
198855028193239040
198855028520386561
198855028394557440
198855030063898624
198855030466555904
198855030588186624
198855030583996416
198855032085561346
198855032853118976
198855033658421248
198855034665046017
198855036040781824
198855036577656833
198855036812525568
198855039081656320
198855042315464704
198855042751664129
198855043234013185
198855043603107840
198855043867361281
198855046400716800
198855047243776000
198855046006452225
198855048455921664
198855048753713152
198855050821513216
198855053598130176
198855054235668480
198855052163678208
198855055120670720
198855055372324865
198855056404127744
198855058224447488
198855060925591552
198855062133547011
198855062636855297
198855065031806976
198855066524991488
198855066218803200
198855069557465088
198855069574242304
198855069146431489
198855070740267008
198855071679782913
198855073110032384
198855074578046976
198855076775866369
198855076314497025
198855078139011072
