198801979223441409
198801979458338816
198801980494327809
198801980716621824
198801980590792704
198801981391904769
198801981446434818
198801981236723713
198801981949739008
198801982536953856
198801982964764673
198801983665221633
198801983367430144
198801984915128321
198801985674289155
198801985997242368
198801986437652480
198801985942728706
198801986777399296
198801986517336065
198801986563485696
198801987234562048
198801987448479744
198801987221983232
198801986592849921
198801987494612993
198801986227933185
198801986383134720
198801989331718144
198801990153814016
198801990220914688
198801990439026689
198801990459994113
198801991479209985
198801990854258688
198801991042994176
198801991709896705
198801993349861379
198801994541051904
198801994922721281
198801996235538432
198801996197793792
198801996302663681
198801996868894720
198801997514817538
198801997900681217
198801998370455552
198801998445940736
198801999494520833
198801999079288832
198801998592745472
198801998898937857
198801999897174019
198802000413081601
198801999825879041
198801997590302721
198802001021255681
198802001088352258
198802000727638016
198802001390346240
198802002313101312
198802002485051392
198802001985933313
198802002703159296
198802003093237762
198802003852402688
198802004380880898
198802004691271680
198802004846456832
198802004317962240
198802006134104065
198802004804513793
198802005987303426
198802006805196801
198802007681798145
198802007220420608
198802008126398465
198802009862844416
198802009451802626
198802009888014337
198802010361958400
198802007417561088
198802011741888513
198802012677218304
198802012442329089
198802013591580672
198802014208131072
198802014732435457
198802013738381312
198802016259162112
198802016863137792
198802017836216320
198802018012377088
198802017584558080
198802019199369216
198802019866263552
198802020117917696
198802019690090496
198802020369580032
198802019300024320
198802020092755968
198802020671553536
198802018863824896
198802020507992064
198802021611085824
198802021241978880
198802022156341248
198802021325869056
198802022097633281
198802022986813441
198802022378647552
198802023557238784
198802023326560256
198802023557246976
198802023532072960
198802024446439424
198802024748421122
198802024580661248
198802022387032064
198802025058807811
198802026036076545
198802025977360384
198802025432100865
198802026845577218
198802027218874369
198802029152440320
198802029001449475
198802030360408064
198802029978722305
198802029773205504
198802030817579009
198802031937458176
198802032214290433
198802032331718657
198802032440786946
198802032952475648
198802028493942786
198802033418051584
198802033564844033
198802033912979457
198802033745199106
198802034370166784
198802034395328512
198802035318075393
198802035322273793
198802035796230144
198802036794470401
198802040904888320
198802041534021632
198802041521451008
198802041886343168
198802041852796928
198802042150592512
198802041001349120
198802044574896129
198802044365176832
198802045866745857
198802045527015426
198802045594124288
198802046311337985
198802047745802240
198802044944003072
198802047892598784
198802049452883969
198802050161721344
198802050912501761
198802051499704320
198802051680051200
198802051852021761
198802052065935361
198802051717804034
198802052133027840
198802053135474688
198802052539875328
198802049717121025
198802053378748418
198802054058229761
198802053546512384
198802055098417154
198802055282962433
198802056574799872
198802057703071744
198802058982326272
198802059624054784
198802060257398784
198802060253216768
198802060341280768
198802060647477248
198802060332908544
198802062350352386
198802062597824512
198802062983704576
198802062627176449
198802063453462530
198802064233594880
198802064824995842
198802066435620867
198802066435608576
198802066217504768
198802066779545601
198802066829885441
198802067152838657
198802067731644416
198802067689701379
198802067840704512
198802068302086145
198802068495020032
198802068373389314
198802068478246914
198802068876689408
198802069728133120
198802069736521729
198802070659268608
198802070608941056
198802069631672320
198802070944485376
198802067639369729
198802072290861058
198802072932589568
198802073071009794
198802073997950976
198802074413170688
198802075168153601
198802072802562048
198802075549843456
198802076363526147
198802076283830272
198802076610994176
198802076837494784
198802076048961536
198802077537927168
198802077634400256
198802076841676800
198802077529542657
198802079941279744
198802080620748802
198802080654307328
198802080801095680
198802081056956419
198802081308606464
198802081115680768
198802081992278017
198802081979699200
198802082298478593
198802081665130497
198802082508177408
198802082877276160
198802083510620162
198802083225415680
198802083955224576
198802083615485953
198802085834272768
198802087365193729
198802087725903874
198802088506036226
198802087604273152
198802085951713280
198802089227464704
198802089357479936
198802088812220416
198802088854171648
198802088971599872
198802089709797376
198802089974054912
198802091999903744
198802091467218947
198802092255756288
198802092062806016
198802091337199616
198802091907616768
198802093291745280
198802094063484931
198802093656649728
198802093589536769
198802094197719040
198802094013165568
198802094621339648
198802095531499521
198802095623774211
198802095770566657
198802096827531267
198802098324910080
198802098182307840
198802098387816450
198802098450743296
198802099281211392
198802099566424064
198802101474824192
198802101617434624
198802101667770368
198802101919416320
198802101994930176
198802102951231488
198802103366459393
198802102875729920
198802103647485956
198802105186795522
198802104851247105
198802105245515776
198802106151477250
198802106445082624
198802107514621952
198802107271348224
198802107950833664
198802108210888704
198802108055699456
198802108135383040
198802107795644417
198802108718399489
198802108651282432
198802109100081153
198802108747743233
198802109532086273
198802109704052736
198802110232543232
198802105606209536
198802110358368256
198802110446436352
198802110773596160
198802110995894272
198802110744240128
198802111968985089
198802112057061377
198802112992395265
198802114858844160
198802112543592448
198802115718684672
198802115957751808
198802116570132482
198802116024860672
198802115789991936
198802117434150912
198802117597741056
198802118608568320
198802118801489923
198802119871049730
198802119761989632
198802120810573824
198802122098225153
198802122119200768
198802119476789248
198802122865774592
198802122828029952
198802122735759360
198802123432017920
198802123083882497
198802123771752448
198802124128256000
198802123775946753
198802124409290753
198802125189423105
198802125369769984
198802125642416128
198802125755654144
198802125483028480
198802126187663360
198802126103789568
198802127294971904
198802129123676160
198802129316618240
198802129262088193
198802130797211648
198802131111780352
198802131136942084
198802131241807872
198802130545557504
198802131317305347
198802131581534209
198802126951026690
198802131862560768
198802132294565888
198802132772724736
198802133934546946
198802133779353601
198802133628366848
198802134106513408
198802134857302017
198802134500782080
198802135532580864
198802135301890048
198802136279158786
198802136715366400
198802138367922177
198802138485362688
198802138367926276
198802139030634496
198802138602803200
198802139424882688
198802140548964352
198802140540575744
198802140947431424
198802142268637186
198802143346573313
198802143573057536
198802143900217345
198802143455608834
198802144202211328
198802145200451585
198802144650997761
198802147826073601
198802147108847616
198802148392321024
198802148077735936
198802148782379011
198802148048375808
198802148547510272
198802150153920514
198802149960974337
198802150707572736
198802151076675584
198802151944888320
198802151915536384
198802153102508032
198802153400303617
198802153463222273
198802150774685697
198802153761030144
198802154067210242
198802154297884672
198802154444697600
198802155329699840
198802155803639809
198802156537659392
198802157233901570
198802157170991105
198802156336332802
198802159519805440
198802159926657025
198802160245424129
198802160991997954
198802161780531200
198802161721819136
198802162103500801
198802162585845760
198802162317406208
198802162279653376
198802162736828416
198802163231768576
198802163558912000
198802163286290432
198802164066418688
198802164133527553
198802164695572480
198802164880130048
198802165203083264
198802161201713152
198802166247469058
198802166025166848
198802165597339650
198802166620753921
198802167853883392
198802168000692225
198802166750785538
198802169007321090
198802169338671104
198802169581928448
198802169720356866
198802170689232896
198802171259658240
198802171419049984
198802171972694016
198802171964301312
198802171301601283
198802173222592513
198802173319069697
198802173973364736
198802174455726080
198802174283743234
198802175072280577
198802174581551107
198802175604965378
198802175290376192
198802176175378432
198802176343158786
198802176657719297
198802176708050944
198802177513361409
198802177735671808
198802177081360385
198802177811156993
198802177446252544
198802177710493697
198802174879350784
198802179463712768
198802179866361856
198802180118020096
198802179727958017
198802180516483072
198802180575211523
198802180550037504
198802181783166976
198802181338578945
198802182127091712
198802178704551936
198802182554914816
198802182739468288
198802182693326848
198802183951630337
198802184060678144
198802184119398400
198802184459137027
198802184366858240
198802185801314305
198802184727560192
198802183880323073
198802183091781632
198802186120077313
198802187013464066
198802186392702976
198802187160272896
198802187621638145
198802188246597632
198802187613241345
198802187881684992
198802188858953729
198802189764927488
198802190117244929
198802190222106624
198802191904026625
198802192344424448
198802192608665600
198802193825009664
198802194244448256
198802195649544193
198802195368517633
198802195783753728
198802197620854786
198802197989957632
198802198627491841
198802199059501057
198802199348920320
198802200372330496
198802200045166592
198802200733032448
198802200758206464
198802196882653184
198802197646020611
198802201307648000
198802201697718272
198802203899723776
198802204235276289
198802204981866496
198802205900414976
198802205485174784
198802206038822913
198802205988495360
198802206118526976
198802206672175105
198802206168842240
198802207037071362
198802207645245440
198802208312139777
198802209511714816
198802209096466434
198802209222303744
198802210820325376
198802210933587968
198802211092967424
198802211340435457
198802211906650113
198802212330283008
198802212271566848
198802212967809024
198802213009752064
198802213097832449
198802214435815426
198802213995413504
198802214293213184
198802214515515394
198802215211765760
198802215610232832
198802216247767040
198802215484399616
198802216851742721
198802216595898370
198802216855941120
198802216675577857
198802217870958592
198802218437181440
198802218021953537
198802219770978304
198802220492390402
198802219041161216
198802221029277696
198802221452894208
198802221847158788
198802219863261184
198802222333698049
198802222237229058
198802222103011329
198802222824423425
198802223755571201
198802223663296512
198802224648957953
198802224565063681
198802226129543170
198802226666422272
198802227106811905
198802227131977728
198802227123593217
198802227324919809
198802227832426496
198802228298006529
198802228570632192
198802228943925249
198802229212364801
198802230504194051
