198803992732631041
198803993659580416
198803993760247810
198803993667977218
198803992799739904
198803994523598849
198803994578141184
198803995278585857
198803995849007108
198803996394262528
198803996452995073
198803996843057153
198803997312819200
198803997677723648
198803997472206849
198803998051016704
198803999137349633
198803999141543937
198803999456108545
198803999770689536
198803999955226625
198804000131399680
198804000089452545
198804000882180096
198804000026537984
198804000081051648
198804001666502658
198804001138024449
198804000756338688
198804002018824192
198804001788133376
198804002446651393
198804003105153025
198804003230982146
198804003289698304
198804001666510848
198804003444899842
198804003860123648
198804005269405696
198804005365874690
198804005751750656
198804005814681600
198804006045360128
198804005550436353
198804006242500610
198804006355734528
198804005504303105
198804006259269632
198804006997458945
198804005940498432
198804006942937089
198804007202992129
198804007207190528
198804007433666560
198804007559512064
198804008608079873
198804008511619075
198804008717123584
198804008389971969
198804008935243776
198804009157541888
198804008897495042
198804009165914112
198804008821993473
198804009400795138
198804009673428992
198804010222895106
198804010382262273
198804011078520832
198804011258884096
198804011456004097
198804012202598400
198804011699277824
198804012936601600
198804013246976000
198804013687377921
198804013871935488
198804014320717825
198804012076777473
198804014601744385
198804015218302977
198804014924693504
198804015599992832
198804015893577728
198804015742595073
198804016715677697
198804016094920704
198804017235755008
198804017567105024
198804017839751168
198804015990050816
198804019022540800
198804018531803136
198804018867347456
198804019232243713
198804020201140225
198804019542622208
198804020310183936
198804020259852288
198804019857195008
198804018821206016
198804021153251329
198804021237137408
198804021895643137
198804022638026752
198804022583492608
198804022298279936
198804022889689088
198804022860328960
198804023346855936
198804023833407488
198804024517066753
198804024621924352
198804024768741376
198804024001171457
198804024756150272
198804025276252163
198804023921491969
198804025687281664
198804025636945920
198804025607593984
198804026521948160
198804026970746883
198804026962358272
198804027461476352
198804027373391873
198804027146895361
198804028094808067
198804027906068482
198804028560379906
198804028333899776
198804028887547905
198804029424418816
198804029550235649
198804029508292609
198804030015799297
198804030011621377
198804029239865344
198804029776728065
198804029558636545
198804030372319233
198804030535897089
198804029835452417
198804030644953088
198804030460411905
198804031093743619
198804030733029376
198804030892417025
198804031014060032
198804031693533184
198804031425085442
198804032834371585
198804033761320960
198804034012975104
198804034067513344
198804033392214016
198804034256257024
198804034684076032
198804034830860289
198804035380330498
198804034755371009
198804035325788160
198804036038823936
198804036600856576
198804036881879040
198804037213224960
198804037230006273
198804036827353088
198804037305511936
198804037297115136
198804038005956609
198804037351641088
198804036420509697
198804038463127553
198804037875933185
198804038857400321
198804038458945536
198804039117451264
198804038274400256
198804039176171520
198804039599783936
198804039788535808
198804040275075072
198804040493174784
198804040207974400
198804040639971328
198804040862269442
198804040866476032
198804041231380481
198804040853880832
198804041579507713
198804041034252288
198804042376429568
198804042716151809
198804042665836544
198804043135582208
198804043290771456
198804043697627136
198804043777318914
198804043957673984
198804044582621185
198804044381294593
198804044561657857
198804045010452481
198804044179968000
198804044993662976
198804044494544896
198804045555707904
198804045627002880
198804045568282625
198804046499430401
198804043424993280
198804046419730433
198804046692352000
198804043232067584
198804046646226946
198804047011127298
198804047459917824
198804047782879232
198804048483332096
198804048554627074
198804049657729026
198804049628368896
198804049796149248
198804049875828737
198804049884229633
198804050207182849
198804049846476801
198804050353983490
198804050228154369
198804051285131265
198804050765025280
198804051402563585
198804051285127171
198804051998158848
198804053461966849
198804052639875073
198804053415833600
198804053650714624
198804050467233792
198804053755559937
198804054489563137
198804054950952960
198804054900604929
198804053948497920
198804055361986560
198804054833496064
198804055240359936
198804055601053698
198804055961763840
198804056666411009
198804056980987904
198804057572392960
198804054263078914
198804056964218880
198804057941483520
198804057874378753
198804058180562944
198804058448998401
198804059296235522
198804058964901888
198804059468218369
198804059568877571
198804054648958976
198804061120770048
198804059224944640
198804061003329537
198804057681432576
198804061108183040
198804061049466880
198804058977472512
198804061808631809
198804062861402112
198804062924312576
198804063251464193
198804063943524354
198804064438464513
198804063306002433
198804065357012992
198804065470255106
198804065906466817
198804066267172865
198804065554153473
198804066552381441
198804066019713024
198804066200072192
198804066946654209
198804066686607362
198804067412230144
198804067290591234
198804067697434624
198804067517079552
198804067097649152
198804065294094337
198804068167200769
198804067953295360
198804068414668800
198804067840049152
198804065067610114
198804068406272000
198804068116860928
198804068200747008
198804069068963841
198804069261905920
198804069375164416
198804069308047360
198804070071406594
198804070172078080
198804070708936705
198804070838960128
198804071099019265
198804070964797442
198804071111606273
198804071287754755
198804071468118017
198804070943834113
198804073133244417
198804073783365632
198804073380720641
198804073787559936
198804074349600768
198804074194407426
198804074940993536
198804075003920384
198804075041652736
198804075251376128
198804074727092224
198804075410759680
198804075905683456
198804076966838273
198804077835063296
198804077663100930
198804077805715456
198804078954946560
198804079240155137
198804078967533569
198804078678130688
198804079810592768
198804078996881409
198804079869308928
198804079856730112
198804080167108611
198804080892715008
198804080905297921
198804081232453632
198804081089843200
198804080737533954
198804081299554304
198804081576386561
198804081010155520
198804081823846402
198804082385887233
198804082264256514
198804082801127424
198804082767564800
198804079399546881
198804082830479362
198804082645938176
198804083694518274
198804084189446148
198804084269121538
198804084361400321
198804084818575360
198804084923437057
198804085087023104
198804084394958848
198804084298498048
198804084956995584
198804085359644673
198804085976219649
198804085984600064
198804086185918465
198804086018150400
198804086194323459
198804085921693697
198804086706012160
198804086840242176
198804087297421312
198804087272255488
198804087171596288
198804088010444800
198804088887066625
198804088882868225
198804089432322048
198804089537183745
198804090019528704
198804090115985408
198804090191478785
198804091080683521
198804090984202240
198804090694799361
198804091038740480
198804091755954176
198804091634323456
198804091823075329
198804091839852546
198804092317999104
198804092267675648
198804092246695937
198804092800335872
198804093177823232
198804094398382082
198804086877986816
198804094473867264
198804094918471684
198804095233048576
198804094960410624
198804096084492288
198804096881405952
198804097049174016
198804096956903424
198804096109654016
198804097464406016
198804097934168064
198804097841889280
198804098198417408
198804098303275008
198804098580090880
198804098563325952
198804099272159233
198804099309912065
198804099611901952
198804099393785859
198804099624476674
198804100371062786
198804101201530881
198804101524488192
198804101713248257
198804102371749888
198804102698909696
198804102904430595
198804102988316672
198804103940411392
198804104250785792
198804104389210112
198804104556974080
198804104468905985
198804104473096195
198804105374875648
198804106448605184
198804107383934976
198804106335358977
198804107568488448
198804107937583106
198804107413291011
198804108055027712
198804108055023616
198804108545765377
198804108990349312
198804108625461248
198804108734500864
198804109262983168
198804110194126848
198804110424817664
198804109653065728
198804110819074048
198804111808925698
198804111397888000
198804111611789312
198804109715963906
198804112387747841
198804112740065280
198804112706506752
198804112958169088
198804112979132417
198804113197236224
198804113327263744
198804113222410241
198804114170318848
198804114073849856
198804114359066624
198804115629940736
198804115906768897
198804115604766720
198804116171010048
198804116963737600
198804116879851520
198804117102145536
198804117479632896
198804117299269632
198804118230401026
198804117680955392
198804117626425344
198804118557573120
198804118960218114
198804118976995328
198804118758899714
198804119820050433
198804116049362945
198804118993768451
198804119866179585
198804120734412800
198804120788938754
198804120986062850
198804121640378369
198804122265321473
198804122512789504
198804122747678722
198804123305525248
198804123532005376
198804123926265856
198804123892727808
198804124245045249
198804123452321793
198804125247488000
198804125616582656
198804125926965249
198804126468026370
198804126036017153
198804126396715008
198804126140862464
198804126824542208
198804127034245122
198804127143305217
198804127034253312
198804127550156802
198804127680180224
198804127734693888
198804127944425474
198804127936020480
198804128179302400
198804128611303424
198804128770703361
198804128271581185
198804129265623041
198804129517281280
198804129458569217
198804130028990464
198804129483726848
198804128154136577
198804130343550977
198804130226118656
198804130037366784
198804132356825088
198804131962552320
198804132000305152
198804132419739648
198804132402966529
198804132885311488
198804133212459010
198804133703188481
198804133849989120
198804133917110272
198804134277820418
198804134177157120
198804134210703360
198804134588186626
198804135317995520
198804135074742272
198804132809801729
198804135213150209
198804136022646784
198804136228163586
198804135196368896
198804135716462594
198804136727289856
198804135938768897
198804136387559424
198804136232361987
198804136601452544
198804137197043712
198804137150906372
198804137188663297
198804137465495553
198804138048487426
198804137968799744
198804138002350080
198804139373895680
198804139097075712
198804139898175488
198804139512307712
198804140233719808
198804140825124865
198804140145639425
198804141202608128
198804141575909377
198804141584297985
198804141945008128
198804139021582337
198804141974364160
198804142620286976
198804139092869120
198804142796443648
198804142158913536
198804140451827712
198804142532198400
198804143350104065
198804143803072512
198804144058937345
198804144893595648
198804145111703553
198804145610833923
198804145694715904
198804145917001728
198804146424528896
198804146055417856
198804146768445441
198804147179491330
198804145937981440
198804148177735681
198804148299374594
198804148358098944
198804149125656576
198804149612191744
198804149612191747
198804150111305728
198804149566046209
198804148664270848
198804150111309824
198804150534946816
198804150874685441
198804150916612097
198804149700280322
198804150841118721
198804150417498113
198804151092781059
198804151315083264
198804151612878848
198804152132972545
198804151726125056
198804152078450691
198804153202524160
198804154297237504
198804154595020802
198804154720849920
198804151935844353
198804155081572352
198804155140280320
198804155085750272
198804155861708800
198804155257733120
198804156130140161
198804156339863553
198804156247576576
198804157262598145
198804157396815872
198804157560401922
198804157208076289
198804157740756993
198804155014447104
198804158227300352
198804158709641216
198804158806110208
198804158613164033
198804159779192833
198804159754018817
198804160437694465
198804160370577408
198804160458665984
198804160932614144
198804160223772672
198804161071034368
198804161729540096
198804161750499329
198804161767292928
198804162190909440
198804161800847361
198804162585182211
198804162803286017
198804163197538305
198804163633741824
198804163570827264
198804163826688000
198804161410768896
198804164938174464
198804165147901952
198804165445689344
198804165663789058
198804166397796352
198804165936414722
198804166620090368
198804167115014145
198804167085658114
198804167228276736
198804167815471104
198804167781908480
198804168369111041
198804168310394883
198804168742412288
198804168666923008
198804169266692099
198804168297820163
198804168977293312
198804167232462848
198804170197843969
198804170214621184
198804170218811392
198804170499817472
198804170558545921
198804170852139008
198804170936041474
198804171493871617
198804172626329600
198804172823478273
198804173184176128
198804172919947265
198804174081753089
198804173150625792
198804174278885376
198804174283083776
198804174224375808
198804174849323009
198804174308245504
198804174916435969
198804174719291392
198804174681550850
198804174903836672
198804174874492928
198804175008710659
198804174689931265
198804175990173697
198804175956615168
198804176485101568
198804176812253184
198804176749342720
198804176963248128
198804176581558272
198804177328156672
198804176996798464
198804177969885185
198804178687107073
198804178859069441
198804179110723585
198804179114926080
198804179786014720
198804179467255809
198804179978948608
198804181195304961
198804180809433090
198804179198803971
198804181698609152
198804181304348672
198804180469678081
198804181988024322
198804182126444545
198804182852050944
198804180947828737
198804183225352194
198804183179210752
198804183636377600
198804183456026626
198804184361996292
198804183938371586
198804184760459264
198804184869511169
198804182294200320
198804186345906176
198804186891165696
198804187360923648
198804187625164800
198804188145270784
198804187734212609
198804188724080640
198804188891856897
198804188564697088
198804189093183488
198804189042835458
198804189420339200
198804189550354432
198804189894291456
198804190670233600
198804190632488960
198804191152578561
198804191211290626
198804191320358913
198804191353896960
198804192322789376
198804191693651968
198804192092110850
198804193354588160
198804193857896448
198804194117959680
198804194340241409
198804195107807233
198804195028123649
198804195372052480
198804196160585728
198804195816648705
198804193140678656
198804196307386368
198804197158821888
198804197339168768
198804197305618432
198804197192376320
198804197616009216
198804198391951360
198804198723305472
198804199067226112
198804198786215937
198804199247593472
198804199721549825
198804200015134721
198804199583137793
198804200220659712
198804199734120449
198804200254218240
198804200476508160
198804200535228416
198804200799485952
198804200346497024
198804201122435073
198804201294413825
198804201156001793
198804202619801600
198804202594631682
198804202787577856
198804198937214978
198804202749820928
198804203358003201
198804203978760192
198804204654047233
198804204247195649
198804204184289282
198804204326895617
198804204981202944
198804204691800065
198804205333520385
198804205434175489
198804205551632384
198804204863754240
198804205287391232
198804206294011905
198804206285631488
198804205820059648
198804206604390400
198804207489384448
198804207950774272
198804207959150595
198804208051425281
198804208064004097
198804209024499713
198804208642830339
198804205849411585
198804209565581312
198804209628495872
198804209813028865
198804209943052289
198804209930477569
198804210651901954
198804210681249792
198804210274402306
198804210731581440
198804211939540993
198804211822100481
198804212279287809
198804212728074240
198804212648394752
198804213306888192
198804212115714048
198804213340438531
198804213889904641
198804213906681858
198804214447742978
198804214774894592
198804214405795841
198804214707798016
198804213986377728
198804215265624064
198804215613763584
198804212430282752
198804215840256000
198804215676678145
198804215576006657
198804216263880704
198804216435838976
198804216544894977
198804217383747586
198804217840930818
198804216410685440
198804218574942209
198804218763677697
198804218864349184
198804218205847553
198804219497684993
198804219258601472
198804220202319873
198804219963256832
198804221007638528
198804220747579392
198804221452230656
198804221288652800
198804221674524672
198804221921984512
198804221590638593
198804222215585792
198804222022656001
198804222240768000
198804222190424065
198804222748270592
198804222635016193
198804222991540224
198804222647607298
198804223108980736
198804223377420291
198804222857314304
198804220516892672
198804223599718401
198804223633268737
198804224463749120
198804224484708352
198804224295972864
198804224883179520
198804224367263745
198804225432633344
198804225365512192
198804225420042240
198804226594451456
198804227143897090
198804227047436289
198804226883846144
198804227018067968
198804227257155584
198804225017384961
198804228515438594
198804228695797762
198804229433987073
198804229396250625
198804230025392128
198804230298021888
198804230390292480
198804230788755457
198804230943940609
198804230822297600
198804231203983360
198804231929593857
198804232680378368
198804232915267586
198804233309528064
198804233263382533
198804233359859712
198804233007538176
198804234131611648
198804234139996160
198804233804460032
198804234542645248
198804235670921218
198804236186812416
198804236270710784
198804236069376003
198804235528306689
198804237050855425
198804237025689601
198804236933406721
198804237386387457
198804237403176962
198804237810016256
198804238212661248
198804237742915584
198804237021491201
198804238644690946
198804238887948291
198804239043133440
198804240368533505
198804240175607811
198804240519528448
198804241182236672
198804241068998656
198804241823965187
198804241274519552
198804242000121860
198804242025291779
198804242641846272
198804242704769024
198804241752666115
198804241836544000
198804243375849473
198804243208081409
198804243723988993
198804242855759873
