198846019679694848
198846019746791425
198846020401115136
198846020648579072
198846021411946496
198846018945683457
198846021827178496
198846020862484481
198846022502449152
198846023471333376
198846023165165569
198846024335372288
198846023869804544
198846024670908416
198846024641552384
198846024209543168
198846024272461827
198846025522348033
198846024771584000
198846029825708032
198846029502746624
198846030333222913
198846029200752640
198846031448911872
198846033214701568
198846033634148352
198846034057768960
198846033067917312
198846034825330688
198846032631709697
198846035110539265
198846036062646272
198846036729540608
198846037190905856
198846038805721088
198846039862689792
198846040756064256
198846041976610816
198846041540395008
198846041863368704
198846042857418752
198846043192950784
198846044497395712
198846045621452800
198846045499817985
198846047332732928
198846047932518400
198846049778024448
198846049949982720
198846050172284928
198846051187306497
198846051250221056
198846051527049216
198846052059709440
198846052651106304
198846052965695488
198846052953100288
198846053661949952
198846054425296896
198846052617555968
198846055855554560
198846056040116224
198846056459542529
198846057101275136
198846057000607746
198846058535718913
198846058598633473
198846059290705920
198846059630440448
198846059689164801
198846060737724416
198846060800651265
198846060960022528
198846061039722497
198846063854104576
198846063627603968
198846064923652096
198846063531134978
198846066408439808
198846067272466432
198846067851268096
198846067159203840
198846066014171136
198846068325220352
198846068765630464
198846069201829888
198846068908236800
198846069256368128
198846068857913344
198846069961015296
198846069612883968
198846069969403904
198846070099419136
198846072100093952
198846073425506304
198846073723301888
198846076386689025
198846076986470400
198846077154234369
198846077825327104
198846077624004609
198846078341234689
198846078961979393
198846079616299008
198846080509681664
198846080971063296
198846081495334912
198846082548105216
198846082690727937
198846081499533312
198846082841718785
198846083504414720
198846083617665025
198846084934672384
198846085614157825
198846087153467393
198846086532694016
198846087673561088
198846088487256064
198846088478855169
198846088852156416
198846088751497217
198846084729155584
198846088105558016
198846090211115008
198846090232070145
198846091179991040
198846091150626816
198846090697637888
198846094858395650
198846094682230785
198846095286218752
198846095999238144
198846095735001089
198846096498372608
198846096225734656
198846096448045056
198846097131716609
198846097786015744
198846097811189760
198846098910085120
198846099400822784
198846099287580672
198846102039048192
198846101867081728
198846102164881409
198846102278111232
198846103318310912
198846103502856192
198846104450777088
198846104777932801
198846106094927872
198846106002653184
198846106623414272
198846107231592448
198846107701358592
198846108196290560
198846108162723840
198846108418576384
198846109446189056
198846109634924544
198846111098732544
198846111916634112
198846112151519233
198846113204281344
198846113363664896
198846115821535233
198846116899467264
198846116534562816
198846117121769472
198846117713162240
198846116408721408
198846115502764032
198846118430375936
198846119395069952
198846119709655040
198846120837910529
198846121076981760
198846121626443776
198846123937513472
198846123740377088
198846122796662785
198846124482772992
198846127016124418
198846126768664577
198846127632687105
198846127959851008
198846128953884672
198846130589675521
198846131994771456
198846131873132544
198846130765840384
198846134364553217
198846135257923584
198846135530569728
198846135379574784
198846136340062208
198846136373620736
198846135757053953
198846136365236226
198846137032114176
198846137971638274
198846137938083840
198846137870974976
198846138558853120
198846138252660737
198846140039434240
198846140257538048
198846139733254144
198846140421111808
198846142472126464
198846143264866305
198846143063523330
198846144070160384
198846146670628864
198846147077472256
198846147815686144
198846149229162496
198846149686337537
198846148423860224
198846150403571714
198846150613286912
198846150973980673
198846151028510721
198846151850606592
198846152517500928
198846152324558848
198846152899174401
198846154170044417
198846153687711745
198846155147317248
198846155826790400
198846155981983744
198846157789728768
198846158515351552
198846158171410432
198846159782027264
198846161354883072
198846160637661184
198846162235691008
198846162055340032
198846163351379968
198846164160872448
198846166362882051
198846166283206656
198846167008808960
198846168703303680
198846168640389120
198846169328263169
198846169349226496
198846170997592065
198846171635138561
198846172373336064
198846172008423424
198846172671115265
198846174994763776
198846175326113792
198846176949317632
198846177528123392
198846178119532544
198846178438299648
198846179168092161
198846179277152256
198846179570761729
198846179776278528
198846181676302337
198846180929716224
198846183815389184
198846184159326210
198846184423563264
198846184675229696
198846185535045633
198846185690247168
198846185887375360
198846186692673537
198846186805936128
198846187472830464
198846187539935235
198846187980337152
198846185979641856
198846193760083968
198846194536026112
198846195047743488
198846195173560320
198846195270037504
198846195714629632
198846195311980545
198846194896736256
198846196083720193
198846197061001216
198846197388161025
198846197681754112
198846197476233216
198846198579347457
198846197543354370
198846198436732928
198846200219320320
198846199963459584
198846201590853632
198846201817346049
198846202530377728
198846203226624000
198846203314708480
198846207337050112
198846207882313728
198846207844548609
198846210050768896
198846210436644864
198846210054946816
198846210721849344
198846211988525056
198846212215029760
198846211715907585
198846215872446464
198846216837144576
198846218116399104
198846218892349440
198846219597000704
198846217738911745
198846220653961216
198846222038085633
198846222356848640
198846223287992320
198846223912943616
198846223921315840
198846223757742080
198846221027262464
198846221186637824
198846224315584512
198846224047144960
198846225406111745
198846227717177345
198846228212088832
198846228111441921
198846229113864192
198846232452546560
198846232611917825
198846233043935232
198846229931753472
198846233853427712
198846233228476416
198846233454981120
198846234281246720
198846235782811648
198846236168691712
198846239440248833
198846240459464704
198846243521314816
198846244880257024
198846245035454465
198846244699906048
198846245027069952
198846246155325441
198846246587342849
198846247501701120
198846248546074624
198846249288482816
198846250320281600
198846250592903168
198846251054268417
198846252304179200
198846252501303298
198846253554089984
198846253797347328
198846253998682112
198846255357632512
198846253054955521
198846256435564544
198846256636891136
198846255185670144
198846257882595330
198846257719033856
198846261057699840
198846261640699905
198846261938499584
198846262576033792
198846263737847808
198846264375394304
198846264513806336
198846264572518400
198846265449132032
198846265642061824
198846266900348928
198846267609202689
198846267902799872
198846268620017664
