198774296905121794
198774301984423937
198774301946683392
198774302353539072
198774301791502336
198774302743605250
198774303028822017
198774302152196097
198774305117573120
198774305289539584
198774303125282816
198774304316465153
198774305864171520
198774306837245954
198774307671912448
198774308552720385
198774309429317632
198774308800184320
198774310586953729
198774311274823683
198774315037110272
198774318526775299
198774314999365634
198774318895861760
198774319407566849
198774320103821312
198774321865428992
198774322918195201
198774321978679296
198774324650450946
198774325816471553
198774327905234946
198774328572133376
198774328748290048
198774328945410052
198774332120506370
198774333219405824
198774333814996992
198774334767120384
198774335140409344
198774335064911876
198774339133386752
198774339192098816
198774340152598529
198774342287503362
198774342438494209
198774343940050945
198774343180877824
198774345550671873
198774346729271296
198774347228397568
198774347597488128
198774347589095426
198774353494679552
198774353591156737
198774354404851714
198774357688991745
198774359920361472
198774359651913730
198774360675319812
198774362227228676
198774362378207233
198774364685086721
198774367717560320
198774367377833984
198774368304758786
198774374873047042
198774380027842560
198774380036235265
198774381617491968
198774381676208128
198774382737358848
198774387351097344
198774387703427072
198774390832381953
198774389657976832
198774392405241856
198774392757559297
198774396117192704
198774396230447104
198774396620517376
198774397438398465
198774397862023171
198774399413927937
198774399887884288
198774400638664704
198774404400939009
198774405545984001
198774406695231488
198774408519753729
198774410868555776
198774413821353984
198774414152699904
198774414391775232
198774414215614465
198774414265954304
198774414597296128
198774417579458561
198774418510589954
198774418477023234
198774419131351041
198774420217667584
198774421312376834
198774423380176896
198774424827211778
198774425435381760
198774426190356480
198774430334337025
198774430028144640
198774431244492800
198774434012725248
198774435258441728
198774436927766530
198774437053595648
198774440715231233
198774442418126849
198774443294728192
198774444318146560
198774445798719488
198774446448852992
198774444322340864
198774455005216768
198774456196411392
198774455751802881
198774456376762368
198774456318042112
198774457534386177
198774457618272256
198774458029318144
198774459283423233
198774461435092994
198774462764695552
198774464039759873
198774466451472384
198774466749276160
198774468083073025
198774470192803842
198774470478008322
198774471266549760
198774472872960001
198774475423092738
198774476811415554
198774477188894720
198774479646756864
198774483149004801
198774482960265216
198774490728116224
198774491931885568
198774492712017921
198774495253766145
198774495941627904
198774496721768448
198774497879408643
198774499418701824
198774501822046209
198774502648324096
198774504196014080
198774508180602880
198774509204029440
198774498332385282
198774509485039616
198774506997821442
198774510562983936
198774511313756161
198774511959670784
198774512119070720
198774512693690368
198774513599651840
198774514992152576
198774515394809856
198774516128817153
198774516808302593
198774521619152896
198774522126663680
198774523061997568
198774522780975105
198774523863105536
198774527101108224
198774527319212032
198774526815899648
198774529475096578
198774529944846336
198774532750839808
198774533900087297
198774535238074369
198774536483782656
198774538622861313
198774539319115777
198774539876966400
198774540065718272
198774541101707264
198774543249186816
198774543827992576
198774545065328642
198774546080350208
198774546923397120
198774547858726912
198774547267330048
198774547619643392
