198849542983127041
198849542962159617
198849543754887168
198849543750680576
198849543939428352
198849545671675905
198849546024009728
198849548121157633
198849547487809537
198849549316521984
198849551807950851
198849551011020800
198849550646120448
198849551623401472
198849551736639488
198849552395141124
198849554534244354
198849554299363328
198849555519897600
198849555771559936
198849556191002625
198849556383932417
198849556597837824
198849557264740353
198849557877100546
198849558132965376
198849558812434433
198849559932309504
198849559710019585
198849560536285185
198849562004303873
198849562717331456
198849566093754368
198849567788240899
198849568228642819
198849569025564672
198849569478541312
198849570028003328
198849570363551745
198849570518728704
198849570967535616
198849571554734080
198849572087398400
198849572292919296
198849572330684416
198849574000017409
198849574377492481
198849575036006400
198849575803551746
198849576365596672
198849577070239745
198849576520794112
198849577128968192
198849578622124033
198849578458554369
198849579674894338
198849579813310466
198849580329205761
198849580866080768
198849581130334208
198849582082424832
198849582862565376
198849582350872577
198849584800342019
198849584338976770
198849585580490753
198849586771656705
198849586624856064
198849587153346560
198849587618906112
198849588264845312
198849588285804544
198849589065957376
198849589275656192
198849589946744833
198849591091802113
198849591280541696
198849591301513217
198849592408813568
198849593251856384
198849593306398720
198849593474166785
198849594518536193
198849594728263680
198849595621642240
198849596246593537
198849596519227392
198849596858961920
198849598066929664
198849598813511680
198849598813515777
198849600055033857
198849599895650304
198849599602049026
198849600843546624
198849601111982080
198849600789028864
198849601590132736
198849601690812416
198849603599208450
198849604245127169
198849603880226817
198849604408717312
198849602303176705
198849608909209601
198849609341206528
198849612176564224
198849612365299712
198849613841707008
198849613594234880
198849614424719361
198849613879443456
198849615259385858
198849613225136128
198849615544598528
198849615771090944
198849615783665664
198849616781914114
198849619487240192
198849619407536128
198849620263182337
198849620644868096
198849620913291265
198849621945090048
198849622125461504
198849622330974209
198849622163210241
198849623379546113
198849623496998912
198849623589273600
198849625019514881
198849624029663232
198849623224360960
198849626604978176
198849627200561152
198849626793717760
198849626927927296
198849628022652928
198849629159301121
198849629448699904
198849629650026496
198849631730405376
198849632003039233
198849633647214592
198849635568189440
198849635513675777
198849635966664704
198849635865989121
198849636264456192
198849636113457152
198849636306391040
198849637220753408
198849637195587584
198849637334007809
198849638579699712
198849638911057920
198849638961389569
198849638256742400
198849639355658241
198849639716368384
198849640089665536
198849639787671553
198849640274210817
198849640681054208
198849640689446913
198849641238888448
198849641708662785
198849642501386242
198849642308435969
198849643466067968
198849643822579712
198849644007141377
198849643789037568
198849644678234112
198849645831663618
198849646968324096
198849646506950656
198849647601655808
198849648520216576
198849648868331521
198849648801234944
198849649472319489
198849648948031489
198849650126635008
198849649740750848
198849651032600576
198849652290883585
198849653578547201
198849653234597888
198849655776350208
198849655956713472
198849656179007488
198849656359370752
198849657701543936
198849657684770816
198849657965772802
198849659068874753
198849659643506690
198849661811961856
198849662696947712
198849663128977408
198849663699398656
198849664148193280
198849664903155713
198849665091903489
198849665725239296
198849666136285184
198849666304053249
198849666383757313
198849667516215296
198849669374291968
198849669848248320
198849670695497728
198849671496601600
198849671148470272
198849672029290498
198849672360624128
198849672276750338
198849672935260161
198849671903444993
198849673300164608
198849673585360896
198849673937698816
198849674428416000
198849674298404864
198849674499719169
198849675703484418
198849677494452224
198849678228471808
198849677850984448
198849679180566528
198849679633547264
198849680149463041
198849680409497600
198849678610141184
198849681504223233
198849682779275266
198849683001573376
198849684075315200
198849684071133184
198849685312647168
198849684465389568
198849686067621888
198849687615307776
198849688164769792
198849688487731200
198849686151499778
198849689678905344
198849691352449024
198849691939643392
198849692774313984
198849693319577600
198849694095523841
198849692862398464
198849696503054336
198849696461103104
198849698407268352
198849698365325312
198849698520510464
198849698478563328
198849698705047552
198849700248555520
198849700726710272
198849701292945411
198849701230034944
198849701028704257
198849702291177472
198849702538653696
198849702857424896
198849702354108416
198849703109066754
198849703515914242
198849704245731328
198849705382387712
198849705139113985
198849705877315586
198849706300936192
198849706045087745
198849703335567360
198849706846191618
198849707425021952
198849707471147009
198849707689250816
198849708058361856
198849708310016001
198849708108677120
198849708041572352
198849708570058752
198849709740269569
198849710453309441
198849710591713280
198849711321518083
198849711824834560
198849711774498819
198849712068104193
198849713380917249
198849714895069184
198849715050254336
198849716098830336
198849716233060352
198849716270800896
198849717021573120
198849718518947841
198849718468616196
198849719227789312
198849719588499457
198849719294894080
198849721161359360
198849721018753025
198849722402869249
198849722675511296
198849723023638528
198849723854106624
198849723875065856
198849722532888576
198849724084781056
198849723992506369
198849727406669824
198849727125659648
198849728790802432
198849728643993601
198849731110256643
198849731659694081
198849729742905344
198849732712472576
198849733266112512
198849736227291138
198849733782020096
198849737095524352
198849737305235457
198849736931946497
198849738412539904
198849738915856384
198849738982957058
198849735476527104
198849739075235840
198849739595321344
198849739217846272
198849741377912833
198849741260464128
198849742518751234
198849742850109441
198849739662442496
198849743072411648
198849742992707584
198849741138833408
198849744175505409
198849744120987648
198849744972423168
198849746457202688
198849747019247616
198849746679508992
198849747002462208
198849747728089088
198849747782602753
198849749653262336
198849750664089601
198849750206906368
198849754455744512
198849754992607232
198849755240071168
198849755533672448
198849756120875008
198849756494172161
198849756573868032
198849756934582272
198849757618253825
198849757433692160
198849757362397184
198849755399462913
198849759379861504
198849759887368192
198849762605273089
198849762957606912
198849764190715904
198849764413030400
198849764010364929
198849761837719552
198849764387860480
198849764899553281
198849765818105856
198849766132678659
198849766497591296
198849767688777728
198849768796065792
198849771044212737
198849770884829185
198849770951942145
198849768783491072
198849772474482688
198849773531430913
198849772902301697
198849775787966464
198849776131911681
198849776966574081
198849777356644352
198849777646043137
198849778749153281
198849780745650176
198849780284276736
198849780540121088
198849780892442625
198849780674342912
198849782393995264
198849783698427904
198849784205942784
198849787599130624
198849787074838528
198849788484136961
198849789696294912
198849789444624384
198849790342205441
198849790388342784
198849790610636802
198849790736470016
198849791197839360
198849791696977920
198849791545978880
198849792456130561
198849792770707456
198849792946876416
198849793072697344
