198780085430521858
198780085828988929
198780086227443716
198780086621704192
198780088513347584
198780086193893376
198780089268305920
198780090497253379
198780089004064770
198780090589523968
198780091461926913
198780092644732928
198780088760795139
198780090576941059
198780093475196928
198780094385373184
198780094892871680
198780094892875776
198780093517144064
198780095136145409
198780096432193537
198780096520273921
198780096830644224
198780097648533505
198780097640153090
198780099779244032
198780099401760768
198780099976368130
198780100253200384
198780101490507776
198780102329368576
198780102702669826
198780103667363841
198780104023883776
198780100966232064
198780106515300352
198780106536267778
198780107412869120
198780108738277376
198780109862342656
198780109245792256
198780110021722112
198780110143361024
198780110755737601
198780111435214848
198780112953540608
198780113242959872
198780113679171584
198780115960872960
198780112265687040
198780115205898240
198780116485144577
198780117009444865
198780117642788865
198780117965750275
198780118544547841
198780117298843650
198780120230670337
198780121279250434
198780120461348865
198780121929363458
198780122214576131
198780122566885377
198780122919215105
198780123078594561
198780122357170178
198780122533330946
198780123951022081
198780125846835201
198780126681509888
198780126845075456
198780127264518144
198780127436472320
198780128568950785
198780128287920128
198780129365856257
198780129583972352
198780131110686721
198780130980675584
198780131605610499
198780133044269056
198780134440964096
198780135514705920
198780135179169793
198780136382926848
198780140191363073
198780140791148544
198780141739061249
198780141768421376
198780143152545792
198780143349661696
198780144469549056
198780147363627008
198780149209120769
198780149846654976
198780149582413824
198780150823923714
198780151952183298
198780153638297601
198780155433451520
198780155890647042
198780155949363201
198780157488660481
198780156616253440
198780158478532608
198780159233499136
198780159279632388
198780160135282692
198780160462426113
198780161724915712
198780163419422721
198780163494916097
198780163293593601
198780164862251012
198780164715458560
198780165873086464
198780166414151681
198780166971994113
198780168179945472
198780167781490688
198780168322560000
198780170360983552
198780170201600002
198780171891900417
198780172663668739
198780173267644416
198780174710480897
198780176325283841
198780175465455618
198780177298366465
198780176790847488
198780177101225984
198780177805877248
198780177617133568
198780178837676034
198780178980286464
198780182725799937
198780183002628096
198780183929565184
198780185355628544
198780187020754944
198780189340205056
198780189830950913
198780190397181952
198780190833389568
198780193228337153
198780194503397376
198780195208040450
198780196407615488
198780198282473472
198780200182497280
198780201314955266
198780201222672384
198780200769695744
198780202539692032
198780203244331009
198780203936399360
198780204863332353
198780206037745666
198780207694483457
198780207543488513
198780208906649600
198780209800028162
198780209816813568
198780210487902209
198780211293192192
198780211536478208
198780212064944128
198780211926544384
198780213834940416
198780214455709696
198780215894351872
198780216800313344
198780216812900352
198780217601441792
198780216993251328
198780218721316864
198780220571004928
198780222567481344
198780222403907584
198780224782090240
198780225356701696
198780224844996608
198780217953759234
198780225667084288
198780226317201409
198780226589835264
198780227495800833
198780229987209217
198780230540869633
198780230612168704
198780230972878849
198780231618797570
198780231060963328
198780231778189312
198780232575094784
198780232449269760
198780232440872960
198780233053249536
198780233581731840
198780234282188801
198780234068262913
198780234433183744
198780234512863234
198780236329009152
198780237755064321
198780238669414400
198780239713812481
198780239592173568
198780240183570433
198780241055985664
198780241685135360
198780242339434496
198780242742099968
198780242997948416
198780243161513984
198780243283165184
198780242993758210
198780244042317824
198780245011218433
198780244625342464
198780244784726017
198780244931514369
198780247741706244
198780246772822016
198780248932884480
198780249008373762
198780249595588608
198780250107289601
198780250396688385
198780250723848192
198780251571105797
198780251881480192
198780251646595072
198780252741316610
198780253408215040
198780255484387328
198780256839147521
198780257560571905
198780258357493760
198780258105827329
198780260437852160
198780264149827585
198780266356031489
198780266217607168
198780266985164800
198780267563978754
198780264292433920
198780268344127489
198780265114505216
198780268079890432
198780269292032001
198780270369968128
198780270923628544
198780271292719104
198780271850569729
198780269669519361
198780272009953280
198780273264033792
198780272219660289
198780274895634432
198780275029848066
198780276015509504
198780276233605120
198780276523012097
198780276854358018
198780277751951360
198780276887912448
198780277991026690
198780277324124160
198780279912009728
198780281786859521
198780276674011137
198780283078721536
198780282617331712
198780283682697217
198780283657523200
198780283653341185
198780283418447872
198780283871440896
198780284060176385
198780284773208065
198780285054230530
198780285628841984
198780285867921408
198780285289119744
198780287440781313
198780288321589248
198780288246091776
198780288204148736
198780289567305729
198780290548768768
198780290766864384
198780291203088384
198780291387625472
198780292322959361
198780292117430272
198780294613049345
198780294101336065
198780295124754432
198780295246385153
198780295783256064
198780295477084160
198780296987025409
198780297955917824
198780298178211840
198780301936295938
198780302674501634
198780303614029824
198780303819538433
198780304415145985
198780304624861185
198780304264151040
198780305350471681
198780306252234754
198780306323537920
198780308999503872
198780309217615872
198780309502820354
198780310387830784
198780310882758659
198780311574822913
198780312518529024
198780313101545472
198780313097338880
198780313948798976
198780314200453121
198780314657624064
198780315085455360
198780315450351616
198780315441958913
198780317325209600
198780317874659328
198780317803352064
198780316993859585
198780318029852675
198780318759649281
198780320072466432
198780320412209152
198780320760340484
198780321490145281
198780321464975361
198780324770091009
198780322068967424
198780325323747328
198780323591499776
198780326456205313
198780328272347136
198780328704360449
198780328716935169
198780329144754178
198780329593544704
198780330424016896
198780330210115586
198780331309010945
198780332890271744
198780333334872064
198780334383443969
198780335390072832
198780332592472064
