198826894253244417
198826894270013440
198826894328733696
198826894324531201
198826894446178306
198826894446174208
198826895171784704
198826894571995137
198826895280848896
198826895440232448
198826894261633024
198826894836248576
198826896006463489
198826896056795138
198826896111312896
198826895201144833
198826896178413568
198826896115503105
198826895738015745
198826893884141568
198826896430088192
198826897029869568
198826897277337603
198826897147314176
198826897206022145
198826897646428160
198826897432518658
198826898225242112
198826898455928833
198826897126338561
198826898518851586
198826898661457920
198826899177353216
198826899236065280
198826898560794624
198826898489479168
198826898481090560
198826899806490624
198826898976030720
198826900083326976
198826899898769410
198826900393693184
198826898548211712
198826900746027008
198826900641169409
198826900980903937
198826900490174464
198826901589082112
198826900171390976
198826901337415680
198826901610041345
198826901349990400
198826901807169537
198826902008504321
198826901882683394
198826900485967874
198826901450670081
198826902788653057
198826903136780289
198826903614926848
198826903837224960
198826903736557570
198826903984013317
198826904004993024
198826903937892354
198826903648485376
198826904277626880
198826904407646209
198826904504123393
198826905129074689
198826905519144960
198826906076975105
198826906416721920
198826906609659904
198826906647404544
198826906714509312
198826906097958912
198826906873888768
198826906890670080
198826906907447296
198826906865504256
198826906978750465
198826908081856514
198826908316733440
198826908304158720
198826908371255296
198826908480311297
198826907544993792
198826908958461952
198826908509671424
198826909369507841
198826909403066369
198826909025574912
198826910061559808
198826910304829440
198826910380335105
198826910439059456
198826910535516160
198826910501961728
198826910007050240
198826910782992384
198826911013675010
198826911596683264
198826911647006720
198826911609257984
198826912284553216
198826912427147265
198826912490078208
198826912947257344
198826912758513664
198826913320550401
198826912863358976
198826912976617472
198826913588977665
198826913601552384
198826914243289089
198826913823854592
198826913748365313
198826914591424513
198826915337998336
198826916000702466
198826914897604609
198826916571123712
198826916587896832
198826916977975296
198826916663406592
198826917334495232
198826917007335427
198826917330300928
198826917569380352
198826917477105665
198826917569376259
198826917854584832
198826917405794304
198826917435162625
198826918152372226
198826918345326593
198826919104483328
198826919028985857
198826919557476354
198826918810882050
198826919838494720
198826919729434624
198826919230308352
198826919955927040
198826919947534336
198826920505376768
198826920467628032
198826920241147904
198826920782200834
198826920912228354
198826920819953665
198826921205829632
198826921222602753
198826921717538817
198826921499430912
198826920819953664
198826921700765696
198826920144674817
198826921667198977
198826922342490113
198826921637842944
198826922904518656
198826922573180930
198826922992603140
198826922917117952
198826922451533825
198826923399462912
198826923412029440
198826923412029441
198826924074733568
198826924083126272
198826923634331648
198826924003442688
198826923462369280
198826924318011392
198826924087324672
198826924439638017
198826923961491457
198826924422868992
198826924812939264
198826924892631040
198826925374967809
198826924745822208
198826925425295361
198826925576294400
198826925530165248
198826925819564032
198826925798596609
198826926238998528
198826926377402368
198826925991542784
198826926486470656
198826926276747265
198826926054449153
198826927346298880
198826927539228675
198826927493099520
198826927656677376
198826927723790336
198826927786688514
198826928134823937
198826928189353984
198826928583618562
198826928856248320
198826928906584066
198826929233731584
198826926683598849
198826929854496769
198826929024020480
198826929380528128
198826929976127488
198826930185846784
198826930492022784
198826930571718657
198826930676568064
198826930668191746
198826930961784832
198826931075022848
198826930865315842
198826930810793984
198826931427348480
198826930525577218
198826931280551938
198826931557367811
198826931158925312
198826931871956992
198826931838390273
198826932056502273
198826931993583616
198826932454957057
198826932220080128
198826932132003840
198826932211679232
198826933042159617
198826932601765889
198826933792940033
198826934132682752
198826934535327744
198826934879272960
198826935424520193
198826935525187587
198826935319658497
198826935076388865
198826935739088898
198826935370002432
198826935982370816
198826935659401216
198826936313720832
198826935709736960
198826936598937600
198826936989007873
198826936905113600
198826936942866433
198826936879947777
198826937538457601
198826937743966208
198826938306007040
198826938289238018
198826938410868738
198826938855473152
198826938582827008
198826938440237058
198826939480424448
198826939459448834
198826939954364416
198826940197638144
198826940268937216
198826939933392897
198826940231192576
198826940822585344
198826940608675841
198826940981981185
198826941023911937
198826941061664769
198826941053288449
198826940898086913
198826941271375873
198826941762121728
198826941929885696
198826941011333120
198826942198325248
198826942340935681
198826941883760640
198826942621941762
198826942735200256
198826942416437248
198826943381110784
198826942940712963
198826943611797505
198826944127705089
198826943787966464
198826944576499713
198826944480030723
198826944584884224
198826944664571904
198826944022847488
198826944966565888
198826945054650368
198826945000112128
198826945469878273
198826946052894720
198826946388443136
198826946652676099
198826946531041280
198826946749140992
198826946782699525
198826947118243840
198826946908520449
198826947755782145
198826948028416001
198826947596386305
198826948233932803
198826948372348930
198826947474767872
198826948460412928
198826948464607234
198826948733059075
198826948670136320
198826948716273665
198826948837916673
198826948137463808
198826949005672448
198826948854677507
198826949303468032
198826950008127489
198826949936812032
198826950062649348
198826950192672768
198826949953585152
198826950410772480
198826950414958592
198826950733737986
198826950863753216
198826951358685184
198826951400628224
198826951534854144
198826951669063680
198826951065088002
198826951362879488
198826951316738048
198826952243691523
198826952864436224
198826952981876736
198826952654733312
198826953476812800
198826952382095361
198826953741053952
198826953648783360
198826953535524865
198826954110140416
198826954160472065
198826954546348033
198826953908822016
198826954722516994
198826954957389825
198826955141955585
198826954999345153
198826955594936320
198826955724947458
198826955762712577
198826956165357568
198826956404428800
198826956400238592
198826956496703488
198826956475727873
198826956580593665
198826956291190784
198826957037764608
198826956970659840
198826957549469696
198826957163610112
198826957817921536
198826958392528896
198826958853906432
198826959009103872
198826959315288065
198826959097180160
198826959885705216
198826959722135552
198826960338698242
198826959717941250
198826960653254660
198826961672478722
198826961668292608
198826962616188928
198826962452611072
198826962653945856
198826962423267328
198826963631210496
198826963434078209
198826962989494274
198826963803181056
198826963899662336
198826963673161728
198826964373606400
198826964012892160
198826964763676672
198826964117766145
198826964902088704
198826963874496514
198826965111816192
198826964361027584
198826965774499840
198826966156197889
198826966051340289
198826966080684034
198826966005202945
198826966869229569
198826966881804291
198826966839865344
198826966911164418
198826966978269184
198826967221534721
198826967376728064
198826967024418817
198826967242506241
198826967989104641
198826968114925568
198826968089772032
198826968542748672
198826968223989760
198826968660180993
198826968379162624
198826968966381568
198826969008324609
198826969410977792
198826969901711360
198826969792651264
198826969557778432
198826970308558850
198826970572795904
198826970711195652
198826970635714560
198826968056213504
198826970996412416
198826970472120320
198826971025772544
198826970983841792
198826970434379776
198826971667509248
198826971742994433
198826971881422848
198826971982082048
198826971441004544
198826971310993408
198826972145664000
198826972195979265
198826971944333312
198826971982077954
198826972808359937
198826972401504256
198826972829331458
198826972942565377
198826973227790336
198826972808364032
198826973064208384
198826973529772032
198826973861122048
198826973777231873
198826973546549249
198826973705932802
198826974171504640
198826973542350848
198826973454270464
198826974360240129
198826973982769152
198826974200860672
198826974427365378
198826975077482496
198826975119413248
198826975392043011
198826974725160960
198826975480119296
198826975111028736
198826975203299328
198826976318992385
198826976709050369
198826976990072832
198826976696479745
198826976750997505
198826976964919296
198826977497583616
198826977665363968
198826977774419968
198826977694715905
198826977505976320
198826977946370048
198826978508423172
198826978764263424
198826978843951104
198826978856538112
198826979695403008
198826979783483393
198826979674423296
198826979607314433
198826979984814080
198826980085481473
198826979833823232
198826980349710336
198826980999823361
198826981440237568
198826981423464450
198826981008216065
198826981595426818
198826981515739136
198826982094536706
198826981691883520
198826982086152192
198826981872254976
198826982182621185
198826982849519616
198826983134732288
198826983642247169
198826983998758912
198826983910678528
198826984426577920
198826984204279809
198826984300744704
198826984204275712
198826985080881152
198826985055731713
198826985177358336
198826984825044993
198826984799866881
198826985655508993
198826985865216003
198826985768751106
198826985382883328
198826986003636225
198826986024607744
198826984745336833
198826985961684992
198826986733436929
198826986808938496
198826986871857153
198826986943160320
198826985923936256
198826987580686336
198826987903660032
198826988088213504
198826987807191040
198826988209844224
198826988696379392
198826988130148352
198826988977389568
198826989572988928
198826989900136448
198826989795287041
198826989484912640
198826989598162945
198826989954666496
198826989765918721
198826989950468096
198826990592196609
198826990537670656
198826990961299456
198826991338782721
198826990759981056
198826991590453248
198826991686926336
198826991313633283
198826991380733953
198826992236380162
198826988478271490
198826989296173058
198826992685154305
198826992076992512
198826992362201088
198826993075228672
198826992840355843
198826993620500480
198826993230426112
198826993754701824
198826993108787201
198826993838592000
198826994014748672
198826994086060032
198826993796661250
198826993956036608
198826994421596160
198826995361132546
198826995432435712
198826995616980996
198826995696668673
198826995583434752
198826995931557888
198826996040605698
198826996107718657
198826996267106304
198826996258705409
198826996279689218
198826996535533569
198826996044804097
198826997164675073
198826997072412672
198826997466677249
198826997034651649
198826997659611137
198826998422962177
198826998410379264
198826998720770049
198826998875959296
198826998561374209
198826999454769153
198826998544601089
198826999698038784
198827000100691969
198826999924535298
198827000062939136
198827000574652416
198827000918589440
198827000960520193
198827000536891392
198827001048604672
198827001392529408
198827002420133889
198827002470473728
198827002587918337
198827002982170625
198827002478858240
198827003133169665
198827002294304769
198827003070267394
198827003594543106
198827004013973505
198827003821043713
198827004785725440
198827004995452928
198827005620391936
198827005448433664
198827004588605443
198827005473599488
198827005523918848
198827006069182464
198827006195007488
198827005603610624
198827005939154945
198827006308265984
198827006299865088
198827006341812225
198827006912245760
198827007482662912
198827007415558144
198827007755304961
198827007667216385
198827008048898048
198827007809814530
198827008342495232
198827008585760768
198827008455745536
198827008824844288
198827008824852480
198827009131036672
198827008858390529
198827009084882944
198827009701462016
198827009802117120
198827008967446528
198827009848250368
198827009617563648
198827010020225025
198827011354017792
198827011404349440
198827011811184640
198827011777634304
198827011991535616
198827011135905793
198827011697938432
198827012402589697
198827012356448257
198827012499050496
198827012327092224
198827013065289729
198827012675211265
198827010494173184
198827014541684738
198827014868828160
198827014285836289
198827014839476227
198827015179210752
198827015531528192
198827015921610752
198827015925796865
198827015728672768
198827016080998401
198827015619608576
198827016332640257
198827016567533569
198827016919846912
198827016521383937
198827016831778816
198827016986959874
198827017658056704
198827017192484864
198827017624498176
198827017272168448
198827017121185792
198827017934864385
198827017968431105
198827016986951681
198827017930674176
198827018236858368
198827018165559297
198827018228465665
198827018618544128
198827018845028353
198827018559823872
198827019537104896
198827018593370113
198827019847483393
198827020539535360
198827020719882240
198827020988325889
198827020610842624
198827021307084800
198827021483257857
198827021445509121
198827021885902850
198827021944619010
198827021810413568
198827022653472771
198827022296956928
198827022976417792
198827023039348736
198827023592984576
198827023274221569
198827023815294976
198827023605563392
198827024108883968
198827024117280768
198827024729649153
198827024251486208
198827024528314371
198827024918384643
198827024251502594
198827025228767233
198827025245536256
198827024612204545
198827025090351104
198827025019056128
198827025295872003
198827025807589376
198827025824358401
198827025648205825
198827025098747905
198827025358790656
198827025623027715
198827025916624898
198827026352832512
198827026717741056
198827026659020800
198827026105380865
198827026835185664
198827027053289473
198827027292372994
198827027648880640
198827027757940737
198827025690136576
198827027468521472
198827028299005952
198827027703398400
198827028177362944
198827028550664192
198827028210925568
198827028680679424
198827028231888898
198827028961705985
198827029179809793
198827029213364224
198827029259497472
198827029024620544
198827029288849410
198827029498568705
198827029125267459
198827029876047872
198827030152876032
198827030391963648
198827031134347265
198827029775388672
198827030870114304
198827031406981120
198827031172087808
198827030953988096
198827031755100160
198827031851581440
198827032153559040
198827031897714691
198827032723980289
198827033231503360
198827033260867585
198827033780944896
198827033856446464
198827034225541121
198827034372341761
198827033889996800
198827034925998081
198827033852256257
198827035462864897
198827034884055041
198827035932635138
198827036071034880
198827034712080384
198827035915853824
198827036247203841
198827036276568065
198827036100395009
198827036981215233
198827036486275072
198827036616294400
198827036394008576
198827037220278273
198827037232873474
198827037333528578
198827037341921280
198827037484531714
198827037413220352
198827037237063683
198827037027352576
198827037639712768
198827038495346689
198827038554075136
198827039606841344
198827039854305280
198827039346798594
198827039938183168
198827040068206594
198827039904645120
198827039862693889
198827040231792640
198827040487636992
198827040772853760
198827040747696129
198827040462471169
198827040579928065
198827040982568962
198827040886095872
198827041464913921
198827041393623042
198827040890302466
198827041540415489
198827041699807232
198827041385222144
198827042115043331
198827041846607873
198827042052120576
198827041649463296
198827042500902913
198827042354114560
198827042505109504
198827043436240896
198827043843084288
198827043373330432
198827044069584896
198827044203790336
198827044233162753
198827044170244097
198827044308660224
198827044853911552
198827044962963456
198827045193662466
198827045252382720
198827045411762176
198827045722136577
198827045038465024
198827046435176448
198827046359666689
198827045877334018
198827045743108097
198827045894103041
198827046070267906
198827046275776512
198827046762328066
198827045789241345
198827047089475584
198827047399849984
198827047445995523
198827047135621121
198827047244664834
198827046795870209
198827048016412672
198827047093682176
198827048205172736
198827048540712962
198827049060798464
198827049014673408
198827049144680449
198827049174052864
198827049148887040
198827050059046912
198827049576697856
198827049866104832
198827050126147584
198827050411360256
198827050994376705
198827050474283008
198827050595913728
198827051162140673
198827050344251393
198827051300564992
198827051065671680
198827051061477376
198827052219117568
198827052621766657
198827052642734082
198827052235882498
198827052621766656
198827052894396416
198827052848267265
198827053284458496
198827053280280576
198827053502578688
198827053263486977
198827053540319232
198827054534361088
198827054802808833
198827054874116096
198827055020912643
198827054727311361
198827054492418048
198827055209648128
198827054676979712
198827055499059200
198827055767498752
198827054572113921
198827055507439617
198827055905914880
198827056505683968
198827056883179520
198827056740569089
198827056585379840
198827056472129536
198827056916733952
198827056979648513
198827057331970048
198827057021591552
198827057168384001
198827057520713729
198827058279890945
198827058179211265
198827058011447297
198827058170822657
198827058690932736
198827059613663232
198827059378786306
198827059181649923
198827059743703043
198827060133773312
198827059882106881
198827060402192384
198827059995353090
198827060263796738
198827060028903428
198827059911475201
198827060288946176
198827060754522112
198827060712583168
198827061085876225
198827061262032898
198827061341732864
198827061186539520
198827061324955648
198827061597577216
198827061710823424
198827061534662657
198827062331588609
198827061949906945
198827062692282368
198827062763585538
198827062943944704
198827063073964032
198827062419664897
198827062440628225
198827063069777920
198827063568908289
198827063426285568
198827063317237763
198827063434674176
198827064051253248
198827063476617216
198827063157862400
198827063631810560
198827064940437504
198827064080601089
198827065217253376
198827065116590080
198827065762529284
198827065817042944
198827065380835329
198827066324557825
198827067352170496
198827067016626177
198827067851288578
198827067427655681
198827067838705664
198827067570270208
198827068211998720
198827067968716801
198827067679326208
198827067515731968
198827068534960128
198827068702724096
198827068430090241
198827069172490240
198827069235396608
198827068950192130
198827069478674433
198827069218631681
198827067821916160
198827069713563648
198827069763895298
198827068669165568
198827070137188352
198827069776474116
198827070388838400
198827069923266560
198827070292377603
198827071659704321
198827071777161220
198827071701647360
198827070422401024
198827070921519105
198827072708280320
198827072641179648
198827072502775808
198827072653770752
198827073350017024
198827073668792320
198827073324855296
198827073995948033
198827074071441408
198827074239201280
198827074465705984
198827074096603136
198827074897723393
198827075329728514
198827075317149697
198827076013395968
198827075753349121
198827076181168128
198827076193759233
198827075736576000
198827076730617858
198827076260859905
198827074843193345
198827076638359552
198827077032615936
198827077133287426
198827077561098240
198827077858897921
198827078131531777
198827078827769856
198827078144110593
198827078693556224
198827079398195200
198827079394004994
198827079645663232
198827079670833152
198827080002187265
198827080463560704
198827080706826242
198827080132198400
198827080207704065
198827081201762304
198827081180790784
198827081440821248
198827081621184513
198827081956728832
198827082619432960
198827081566654465
198827082866888705
198827082564894721
198827083307286530
198827083626070016
198827083546365952
198827083609292800
198827084120997889
198827083575730177
198827083500224512
198827084360073216
198827084926291968
198827084439760896
198827085337341952
198827085534461953
198827086616608768
198827086767599619
198827086822117377
198827086767587328
198827086528528384
198827087195414528
198827087388360705
198827087593869313
198827087535157248
198827087698739202
198827087182827520
198827087669370880
198827088155918336
198827087522574337
198827088827002881
198827089070276611
198827089204482048
198827089401618432
198827088831193088
198827088952836096
198827090269847552
198827090160779265
198827090638938112
198827090768953344
198827090357911553
198827090521501697
198827091066748928
198827090827685888
198827090668302337
198827089942679554
198827091553300482
198827091368751104
198827091553288192
198827091813351424
198827091758825472
198827092455063553
198827092052426752
198827091993690112
198827092492820480
198827092828364801
198827092606066689
198827092962590720
198827092547354625
198827093361049600
198827093377818624
198827093159714817
198827092991942656
198827093474295808
198827093721759745
198827093293932544
198827094258630656
198827094568996867
198827094061486082
198827094753546240
198827094359281665
198827094627717121
198827095110066179
198827094732582913
198827094992633856
198827091318423553
198827096116703232
198827096330600448
198827096544514049
198827096531939328
198827096330608640
198827096448045056
198827096561299457
198827096674545666
198827096649367552
198827097093971968
198827096548708354
198827097362407424
198827097303678978
198827097635037185
198827097223999490
198827097534382081
198827098012520449
198827098129965056
198827098079633408
198827098129973248
198827098335490049
198827098415169536
198827098587136001
198827098671034368
198827099165958144
198827098905915392
198827099379871745
198827099161763841
198827099631521792
198827099111424002
198827099509882880
198827099283394560
198827099853832192
198827099912544256
198827099862208512
198827099648294912
198827100369715200
198827100172587009
198827100629766146
198827097047834625
198827101321834496
198827100805935104
198827100550078464
198827101128896512
198827101216972802
198827102068408320
198827101456048128
198827102231998466
198827102341054465
198827102659805185
198827102655627266
198827103041490944
198827102789828608
198827103058268161
198827103033110528
198827103221841922
198827102982778880
198827102953406465
198827102668206080
198827104396251137
198827104018771968
198827104559841280
198827103658061825
198827104845037568
198827105096712194
198827104782127105
198827105625178114
198827106237562880
198827106162057217
198827106308849664
198827106766041089
198827106640207873
198827106929610753
198827106719899648
198827106837344256
198827107202252800
198827107248373761
198827107533586432
198827107684589569
198827107462299649
198827107793637376
198827107256770560
198827107579727872
198827106979942402
198827107395182593
198827108099821569
198827107818799105
198827108737363969
198827108636700672
198827108401815552
198827108640890880
198827108972236800
198827109513297921
198827109316177920
198827110738046976
198827110851293185
198827110683516928
198827112113770497
198827111446876162
198827111983751168
198827112776478721
198827112449327104
198827112587730944
198827113070075906
198827113690841088
198827113766326274
198827113497890816
198827113535647745
198827114114461696
198827114194157568
198827115259502593
198827115301445633
198827115465031680
198827115825729536
198827115662159873
198827115716685824
198827116098367488
198827116022861825
198827115720871936
198827116429709315
198827116928827392
198827117184684032
198827117457313794
198827117113393152
198827117255983104
198827116752683008
198827117419560960
198827117746733056
198827118027743232
198827118405226496
198827118807887872
198827117553778688
198827119122460674
198827120099733505
198827120288473089
198827120426893315
198827119407673344
198827120263311361
198827120871477249
198827121035051010
198827121118941185
198827121009897473
198827121165074433
198827120921804801
198827120359768065
198827121903276032
198827121538379778
198827122536620032
198827122498867201
198827122578571266
198827121886502912
198827121831981056
198827119307010048
198827123186745345
198827123434192896
198827123182542848
198827124126269441
198827123568427009
198827124382105600
198827123635535876
198827124356947970
198827124231127041
198827123954286592
198827124197556224
198827124268867585
198827125086748674
198827122993803264
198827124273053696
198827125808168960
198827125791408128
198827125803986944
198827125350989824
198827125904654336
198827126760288258
198827126819008513
198827126542180353
198827126642835456
198827127137779712
198827127100026880
198827127251021824
198827128077303808
198827128194740224
198827127821451264
198827128316375040
198827128777736193
198827127905329152
198827128547053569
198827129058754562
198827127817252864
198827125082554368
198827128635142146
198827129264275457
198827129385922560
198827128874205184
198827129335586818
198827129893433344
198827130526765056
198827130778427394
198827130858110978
198827130430296064
198827129528528896
198827130715521024
198827128756776960
198827132259012609
198827132229664768
198827132510679040
198827132988829697
198827132326117377
198827133227900930
198827134012227585
198827134062575616
198827134402310145
198827133123039232
198827134331011073
198827133970296832
198827134054182912
198827134075158528
198827135325057024
198827135073394688
198827135622856705
198827135056621569
198827136449118208
198827136495267842
198827136075825153
198827136419766273
198827136889536513
198827137208303617
198827137095053312
198827138252668932
198827138303016960
198827138776969216
198827138755997696
198827138789543937
198827138936348672
198827139708096512
198827139708092418
198827139926196224
198827140605677568
198827140454682625
198827141083832320
198827140723126272
198827139775213568
198827140916064257
198827141348073475
198827141494870017
198827141675225088
198827141746540544
198827141729746945
198827141746532352
198827141671043075
198827141637472256
198827141159329792
198827141515853824
198827142509899776
198827142648311808
198827142962888704
198827142736396288
198827143009017856
198827143684300800
198827144011448321
198827144120512514
198827144242135040
198827144359575552
198827144468635648
198827144535748608
