198824125593169920
198824125400227840
198824126033567744
198824125681254400
198824126335565826
198824126167793666
198824126704656384
198824126939541504
198824127639990276
198824127702896640
198824128021667840
198824128210411520
198824128218791937
198824129078636544
198824129695203329
198824129443536896
198824129804247040
198824130076872705
198824131003826178
198824131100291073
198824130617946112
198824129649053696
198824131628773377
198824131733630976
198824132304052226
198824131544883200
198824131343548417
198824132509564928
198824133138726912
198824132014637058
198824133512011776
198824134522830849
198824134426365953
198824134115995648
198824134715768832
198824134891945984
198824135114227715
198824135042924544
198824136422866944
198824136573861888
198824136787759104
198824137244938240
198824137328820224
198824137412714498
198824137945387010
198824138289328128
198824138025074688
198824138960408576
198824138805223425
198824140122230789
198824139774099456
198824140596183041
198824140243865601
198824141011427328
198824140944322562
198824141393104896
198824141724463104
198824142143893504
198824142554935296
198824143033073664
198824143603511296
198824142009679872
198824144241041408
198824143976792065
198824145046351872
198824145415442433
198824145247666176
198824145428037632
198824147554533376
198824148150124545
198824149253238784
198824149630717952
198824149249040384
198824150301818880
198824150251483136
198824147999145984
198824151631400961
198824151606231040
198824151694319616
198824152294100993
198824151178420224
198824151853699072
198824152478658561
198824152713543680
198824153032298497
198824153166512128
198824153451737089
198824153585946625
198824153426563072
198824153896337408
198824153766313984
198824154001182722
198824153376243712
198824154710032385
198824154521276416
198824154915545089
198824154512887808
198824155234308096
198824155372720128
198824155091697666
198824154630324227
198824155863465984
198824155997683713
198824156488409089
198824156563906560
198824156463235072
198824156744257537
198824156308058112
198824157327261696
198824157465677824
198824157738315776
198824157713145857
198824158321328128
198824158593953792
198824158598148096
198824158996594688
198824159105650689
198824158757531649
198824159290212353
198824159726403585
198824159759974400
198824160133251074
198824160720453632
198824160359743488
198824160955338752
198824160921784320
198824161882292226
198824161580302337
198824162544979968
198824161471238144
198824159462174720
198824163098632193
198824162695970818
198824164952510465
198824165820727297
198824165036392448
198824166118522881
198824165560692736
198824166277918721
198824166848331778
198824167322288129
198824167905304576
198824167771086849
198824168865792000
198824168802877440
198824169046159360
198824168396029953
198824169050345472
198824169872437249
198824169947934723
198824167611699201
198824170128277506
198824170237341697
198824169792737281
198824170233135104
198824172061868034
198824172267384832
198824172347068416
198824172359647232
198824172061851648
198824172384821248
198824172602920961
198824172636487681
198824171541770240
198824172640673793
198824172892340225
198824172942655488
198824173110444032
198824172783288320
198824173383069696
198824173290795010
198824174322593792
198824174414872576
198824175136284672
198824175199191040
198824175887060992
198824175773827073
198824176650436608
198824178495918080
198824178219106305
198824178772750338
198824179167014912
198824178642722816
198824179691298817
198824179385118720
198824180614049793
198824180144283648
198824181540995073
198824181377417216
198824181671010304
198824182245625857
198824182170136576
198824182597951488
198824182270799872
198824182434365440
198824182082048002
198824182325325825
198824182782496768
198824182316937216
198824182354677761
198824182560210944
198824183390679042
198824183759781890
198824184179208193
198824184078544897
198824183566831616
198824184653156353
198824184745439233
198824185080983553
198824185173258242
198824185382965248
198824184300847105
198824185378766848
198824186297327619
198824186133741568
198824186679005184
198824187199107072
198824187882774529
198824187564015620
198824187190710272
198824188901990400
198824189342396416
198824190311272448
198824189896036353
198824190688768000
198824190437105664
198824187484319744
198824191707975680
198824191963824129
198824191900921856
198824192949501952
198824192924323842
198824192743964675
198824193415057408
198824192966262786
198824193427648513
198824193826095104
198824194501390336
198824194807570433
198824195537375233
198824195600302082
198824195705147392
198824189350776832
198824197861015555
198824197810688001
198824197336739840
198824193909989377
198824198624378881
198824198909595648
198824198775382016
198824199194804225
198824199622623232
198824200318877696
198824199752650753
198824200444706817
198824200578932739
198824200918679552
198824201904332800
198824202558648320
198824203066146817
198824202533486594
198824203670142978
198824203867275264
198824205150732288
198824205377224704
198824205733724160
198824205507248128
198824205947637761
198824205448511488
198824205582729216
198824205482074112
198824206564212736
198824206685839363
198824207189159936
198824207705051136
198824208342593537
198824208048984064
198824208497774599
198824208908812288
198824209273724928
198824209688952833
198824209835769856
198824210716573696
198824211593170945
198824212272660480
198824212029382656
198824212159414272
198824212331364352
198824212943736832
198824212788547585
198824213291876352
198824212608204801
198824213778415616
198824213765832704
198824213891645440
198824213635796992
198824213866483712
198824214357217280
198824214541766657
198824214160084993
198824214466281472
198824214755688448
198824215007338497
198824215057670145
198824215384825857
198824216039129088
198824216097861633
198824215535816704
198824215963648001
198824216504713218
198824217251295233
198824217423261696
198824216806703104
198824217817518080
198824218329235456
198824218325024768
198824218186620930
198824218924818433
198824216211103744
198824218547322880
198824219772076032
198824219277131776
198824219717545984
198824222129258498
198824221860827136
198824222443843584
198824223354007553
198824223014268928
198824223995723778
198824224016699393
198824224457105408
198824224704569344
198824225140772864
198824224536797186
198824225405022208
198824226134822912
198824226218721282
198824225409212416
198824225702817792
198824226126446592
198824225522450433
198824227590246400
198824227485401088
198824228353605632
198824228647211008
198824228462673920
198824228659798016
198824229037281280
198824229121163265
198824229372829697
198824229209255936
198824230404624384
198824230291374082
198824231205740545
198824230803087362
198824231939743745
198824231709065216
198824232203976706
198824232543723521
198824232849907713
198824232854102016
198824233009291265
198824233286107136
198824233525198849
198824233617461248
198824235274223616
198824235869806593
198824236360536064
198824236440231937
198824236448620544
198824237362978817
198824237421703169
198824237132288001
198824236930973698
198824237362970626
198824237987921920
198824238419951617
198824238885507073
198824238457700352
198824238776451073
198824239372042242
198824239137165312
198824240118636545
198824240298983424
198824240974278658
198824241804754945
198824242085769216
198824242010271744
198824242626838530
198824243591512064
198824243876741120
198824244208087040
198824243499241473
198824244006752258
198824245483155458
198824244665270272
198824245604790272
198824245759975424
198824245806108672
198824246380740609
198824245986471936
198824244648480769
198824246552707072
198824246821126144
198824247269928961
198824248029102080
198824247123120128
198824248578551809
198824249060888577
198824249044111360
198824249153167360
198824250063335426
198824250889613312
198824250382098436
198824251355176960
198824250679898114
198824251984330754
198824252131115010
198824252261138432
198824251954966529
198824252420534274
198824252399566849
198824252290506754
198824252672196608
198824253297147904
198824254005985281
198824253901127681
198824254840635393
198824256174424066
198824256539332609
198824256375767040
198824256891650048
198824257042657280
198824257839579136
198824257340444673
198824257462075396
198824257822797824
198824258447740929
198824256757436416
198824258900738048
198824259370496001
198824259869609984
198824259966078977
198824259265626113
198824260049977346
198824260112879616
198824260104499200
198824260196777984
198824259915759617
198824260377133057
198824258024116224
198824260716863488
198824261274701826
198824261627031552
198824261765439488
198824263099232257
198824262969208833
198824264416239618
198824264487534593
198824264101662721
198824264592396289
198824264873418755
198824266026852353
198824266387566593
198824266861527040
198824266060402689
198824266379173888
198824266802806784
198824266454663169
198824266723106816
198824267301928961
198824267339665409
198824267469692929
198824267801042944
198824268254019585
198824269189365761
198824269424238593
198824269336154113
198824269445206017
198824270447648768
198824270405701633
198824271626244096
198824271974375425
198824272125370368
198824272343465984
198824272603525120
198824272393801728
198824272918093825
198824274415468544
198824274469994496
198824274235109377
198824275090735104
198824274721648643
198824274746806272
198824275090751488
198824275661160448
198824276269334529
198824276621664256
198824277078847488
198824277364064257
198824277552795650
198824277984813057
198824277972226050
198824279176003585
198824279209541633
198824278928527361
198824279536713728
198824279041769472
198824278525874177
198824279394103296
198824280316854272
198824280497205249
198824280656580608
198824280023248897
198824282233634816
198824282342694913
198824281986179072
198824282992820225
198824283504517121
198824282854404096
198824284498575360
198824285299683328
198824285387755520
198824285501014016
198824284947357697
198824285517774848
198824286570553345
198824285966581760
198824287514267648
198824288093077505
198824287434575872
198824288311197696
198824288831283200
198824289842114560
198824289389133824
198824289565278208
198824290437693440
198824290966183937
198824290982965250
198824291024896001
198824291297533952
198824291628888066
198824291498868739
198824291410788353
198824291763101698
198824292346101760
198824292048314368
198824293705060352
198824293038170115
198824294577487872
198824294757842944
198824294590062593
198824295588302848
198824295743500292
198824295521206272
198824297400242176
198824297194733568
198824297689645057
198824297198911488
198824298134245376
198824298440429568
198824298700488704
198824298817921024
198824298918584320
198824298339778560
198824298960527360
198824299321245696
198824299556110337
198824299635802113
198824300252377088
198824300252381184
198824301019938818
198824300738904064
198824301028315136
198824302081081346
198824302160773120
198824302433419265
198824303049965569
198824303255498752
198824303511347202
198824303154827265
198824303150641152
198824303532322819
198824304606060545
198824305197461505
198824304979353600
198824305344253952
198824306141184001
198824306380251136
198824306384449536
198824306619330560
198824306300559360
198824306795495425
198824306808066048
198824306980036609
198824307131035649
198824306636107776
198824307323969536
198824307579822080
198824307894398978
198824307999252483
198824307978285056
198824308125081600
198824308108304386
198824308049575936
198824308859076608
198824309538562048
198824309601484800
198824309962178560
198824309781823488
198824310599712768
198824310884925442
198824306615123969
198824310859767808
198824312239689729
198824313246318593
198824313216962562
198824313749635075
198824314030657536
198824314756280320
198824315704193024
198824315641270272
198824315695792128
198824316350107648
198824316228476928
198824316228476930
198824317679706113
198824318157860864
198824318535352320
198824318384349184
198824319000915968
198824320116592642
198824320204673024
198824319848157184
198824321274220546
198824321563631617
198824321576214529
198824321588805632
198824321572012032
198824321899175936
198824322020802560
198824322230530048
198824322570260480
198824322754818048
198824323115532291
198824322616410112
198824324025696258
198824324050862080
198824323723698177
198824324516417536
198824325170728961
198824325447565314
198824326160588800
198824326429028352
198824326689079296
198824326747791360
198824326923956224
198824327091716096
198824326500335616
198824327485984769
198824329797042176
198824330216484867
198824330350694400
198824330895962112
198824330153570305
198824331118247936
198824330480726016
198824331344748544
198824331562860545
198824331982274560
198824331516706816
198824332397510656
198824332552699905
198824332435275776
198824333307674624
198824333685166080
198824334595325952
198824335069294592
198824335207694336
198824335518089218
198824336721846274
198824336935759872
198824337858510848
198824338818998272
198824338919669760
198824338676396032
198824339339100160
198824338739310593
198824340052115456
198824340219895810
198824339603341315
198824340572213248
198824340823871490
198824341515943936
198824342619041792
198824342354804737
198824343210434562
198824343285936128
198824343273349120
198824344078651392
198824344196091905
198824343977984001
198824344468729857
198824345181757440
198824345718628353
198824345882198017
198824345966096385
198824346083540992
198824347073392642
198824347685752833
198824347815776256
198824347681566722
198824349577388033
198824349204086785
198824349694824448
198824349304766465
198824349971652609
198824349585776640
198824350466580480
198824350483353600
198824350172987392
198824351838117888
198824352383373312
198824352727318529
198824353197076480
198824353255796737
198824353620705281
198824353750724608
198824353654243328
198824353457123332
198824354493112320
198824355210342401
198824355747217412
198824355927560194
198824356246327298
198824357609472000
198824357974384643
198824357844357121
198824358398009344
198824358729351169
198824357391376386
198824358335094784
198824359148793857
198824359106850817
198824359979261952
198824360218345473
198824360348360705
198824360490962945
198824362298720256
198824362688786432
198824362344857601
198824362072223744
198824364106448896
198824364194545664
198824363401818112
198824363741548544
198824364869816321
198824365511557120
198824364915949568
198824365842907136
198824366337835008
198824367071821827
198824367419961346
198824367910686720
198824368346898433
198824369202536448
198824368623714305
198824369592614912
198824369626165248
198824369257054209
198824370007846912
198824369965903872
198824370225942528
198824369626169345
198824369437425664
198824370976735232
198824371052228609
198824370586652674
198824371786235904
198824371874304000
198824371706544128
198824373237452800
198824373271003136
198824374562865153
198824374961324035
198824375317827584
198824375414300672
198824374499934208
198824374453813248
198824375061987329
198824375607246848
198824376454496256
198824375615627265
