198820098390245376
198820098398621698
198820098520256512
198820098750951424
198820098868387843
198820099300392962
198820099132624897
198820099338145794
198820099111661568
198820099392667649
198820099656908801
198820099648528384
198820099707248640
198820099749191680
198820099921158144
198820100193787905
198820100118282240
198820100218957825
198820100223156224
198820100344791041
198820100395114497
198820100609028096
198820100617416704
198820100210565123
198820100789387266
198820100948762624
198820101112336384
198820100885856256
198820101489823745
198820101468852227
198820101116542976
198820101347225600
198820100411887616
198820100747436032
198820101082984448
198820101624045568
198820102102204416
198820101909266432
198820102148325376
198820102332878848
198820102555181057
198820102471290882
198820102609707008
198820102085410816
198820102756499459
198820102840401920
198820103058497536
198820102798442496
198820102412578818
198820102672621568
198820103360483329
198820103494713344
198820102622298112
198820103314345984
198820104052555777
198820103599570946
198820104643948545
198820104627163137
198820103368880131
198820104694280192
198820105013047296
198820104065126400
198820105210179584
198820105310834689
198820103322734592
198820104291631104
198820104459395072
198820104161603585
198820104786558978
198820106078400515
198820105352773632
198820106615275520
198820106724327424
198820105222754305
198820106946625537
198820106149707777
198820106455875584
198820107177295873
198820106485235714
198820107298938880
198820105923211264
198820106283909120
198820107668037632
198820107848396801
198820108188131329
198820107252797441
198820107655450627
198820108192325633
198820108246847490
198820108343320576
198820107206656000
198820108397842432
198820108620148736
198820101179457536
198820108737593346
198820108632727553
198820108410425344
198820109026988032
198820109161209856
198820108712427521
198820109643550724
198820109626769408
198820109450620928
198820109832302592
198820109605810177
198820110067179520
198820109874245632
198820110474027009
198820110444658688
198820110566297601
198820109865857024
198820110570491905
198820110608248832
198820110708899841
198820110683742211
198820110742462464
198820110658584577
198820110520160257
198820111031869440
198820110675361793
198820111182868480
198820111291916288
198820110356590593
198820110834737152
198820111296114690
198820111367413760
198820111451291648
198820111405158401
198820111539380224
198820111681982465
198820111015088128
198820111795224579
198820111484850176
198820111505833984
198820112457924608
198820112634097665
198820111954608129
198820112738955264
198820111883313153
198820112374050816
198820112604741634
198820113196138496
198820112436953088
198820111690379264
198820112059469825
198820113170972672
198820113842044928
198820114014015488
198820113305190400
198820114022400002
198820113892384768
198820114345361409
198820113892376576
198820114462814208
198820114089525250
198820114500554752
198820114752208896
198820114735435776
198820112860590082
198820114592833537
198820115058401280
198820115289083904
198820115272318981
198820115305865218
198820115133890560
198820115381370880
198820115494600707
198820115389755393
198820115641409537
198820116073418752
198820116304105472
198820115897257984
198820116455108608
198820115771437056
198820116589322240
198820116497047552
198820116237008896
198820116555759616
198820116505436160
198820116979384320
198820116912279553
198820115318439938
198820117067476992
198820116752891904
198820117495296000
198820117688225793
198820117918912514
198820117239447552
198820117679849472
198820117705003008
198820118577430529
198820118594195456
198820118665494528
198820118808113153
198820118975881217
198820117759537153
198820119726665732
198820119776993281
198820119953145856
198820119923798016
198820120481636353
198820120661999616
198820120661983233
198820120737488897
198820120229974016
198820120204816385
198820120884293632
198820120980762625
198820120708132864
198820121295331328
198820120490020864
198820121362440193
198820120880095232
198820121819611137
198820121370836994
198820122029326336
198820121928663042
198820122301960192
198820121895112704
198820122318733312
198820122864009217
198820122989838337
198820123124051968
198820122729791489
198820122666876929
198820123388284928
198820123484753920
198820122721390594
198820123564441602
198820123744804864
198820123895799810
198820124050997250
198820124164231168
198820123627360257
198820123866439681
198820124411691008
198820124399112195
198820124638183424
198820124604645376
198820124550107136
198820124822749184
198820124768206848
198820124977922048
198820124575277057
198820125439303681
198820125632245760
198820125800005632
198820125732913152
198820125368000512
198820125196038144
198820126030700544
198820126143954947
198820126294945792
198820126424969217
198820122520072192
198820126479491074
198820125032464384
198820126248800258
198820126907310080
198820126953451521
198820127431606274
198820127494508545
198820127553232897
198820127486115841
198820127741968384
198820127779725315
198820128039768064
198820128304017408
198820127607754752
198820128450822145
198820127590973440
198820128215928832
198820128396283907
198820128496955392
198820129075761152
198820129163837440
198820129327431681
198820129092542464
198820129956564992
198820129952378881
198820129474232320
198820130371805184
198820130162089985
198820129105117184
198820130346647554
198820130526994433
198820131063861248
198820131135160320
198820130673799170
198820131340697600
198820131332300800
198820131474907136
198820130942222336
198820131693002752
198820131118383105
198820131843997699
198820131881750528
198820131512655874
198820131386818560
198820131097427968
198820131697209344
198820131676237826
198820132385075201
198820132078891008
198820132057911296
198820132892577795
198820133030993920
198820133332992001
198820133374922752
198820132825477120
198820133672726528
198820133949546496
198820133999878144
198820134008270848
198820133651755011
198820134658383873
198820134796804097
198820133496557570
198820134410924032
198820135098781696
198820134478024704
198820135153303552
198820135316893697
198820135233011712
198820135295918080
198820134939406337
198820135534993409
198820135614681089
198820134356385792
198820133760794624
198820135916675074
198820135732129795
198820135941836802
198820135203647488
198820136034111490
198820136113807360
198820136210284545
198820136445165568
198820136663265281
198820136768118785
198820136994619392
198820136847806464
198820136621314048
198820136340299776
198820137405661184
198820137439215617
198820137023975425
198820136587759618
198820137674088448
198820137938329603
198820138034802688
198820137455988738
198820137791524866
198820138257096705
198820138739441664
198820138055761920
198820138525536258
198820139112730626
198820137950920704
198820139444080642
198820138861080576
198820139678973952
198820139297284096
198820139427311616
198820140089999360
198820140081610752
198820140123570176
198820140010311680
198820139775430656
198820137837670400
198820139964186625
198820140387807232
198820140480077825
198820140412968962
198820140547182592
198820140421357568
198820140572356608
198820140253577216
198820140660432896
198820140408766464
198820140614291456
198820140698173440
198820140924669953
198820141193105408
198820140769476609
198820141356695552
198820141373472768
198820141490909185
198820141646090240
198820141713199104
198820141692239872
198820141675454464
198820141700620288
198820140727537664
198820141893550081
198820141880967171
198820142061330433
198820142292013056
198820142216515585
198820142858248192
198820142824689664
198820142896005121
198820142547869697
198820142971486209
198820143227351040
198820143248318464
198820143374151681
198820143382540291
198820143093129217
198820143558705152
198820143680327680
198820143604826112
198820143785185280
198820143407693825
198820144703741955
198820145035083781
198820145093816320
198820145072848897
198820145085419520
198820145035087872
198820145521627137
198820145236426753
198820146020749313
198820146280792064
198820146419208193
198820146385657856
198820146230476801
198820146490507264
198820146519867392
198820147232907264
198820147195150336
198820146670878721
198820147341955072
198820147140624385
198820147190968320
198820148138868736
198820147572645889
198820148294074368
198820148411498498
198820148948369408
198820148558307329
198820148541534209
198820149237792768
198820148881260546
198820149376200705
198820148864483329
198820149191643136
198820149397159936
198820149724323841
198820149636235264
198820149938229248
198820150093426690
198820149959208962
198820150034706435
198820150072451074
198820149061623809
198820149795622914
198820150458318848
198820150194085889
198820150735155200
198820150466715648
198820151192338432
198820151225880576
198820150739337216
198820151490134016
198820151607570435
198820151309766657
198820152203161600
198820152115077120
198820151972462592
198820152085708801
198820151792123905
198820151729197057
198820152580648960
198820152706473984
198820152849084416
198820153025236994
198820153243336704
198820152542904320
198820153813778433
198820153218183170
198820154098982912
198820154069614592
198820153591468032
198820154237399041
198820153411125249
198820154375811072
198820153687937024
198820153721491457
198820153977352192
198820153738280962
198820154501627904
198820154648432642
198820154505826305
198820155114012673
198820155244023809
198820155315322880
198820155709591552
198820155843809282
198820155558596608
198820155445358596
198820155684421632
198820156200337408
198820156477157377
198820156556845058
198820156271628288
198820157093715970
198820156741398528
198820157320208384
198820156615569410
198820157429268481
198820156795924480
198820157534113792
198820157634781184
198820156967895040
198820158125514753
198820158075191296
198820158238760960
198820157840306176
198820159069233153
198820159115374594
198820159148929028
198820159463501825
198820159933251584
198820159488671745
198820160142979072
198820160050696194
198820160650493952
198820160818262016
198820160272990208
198820161107660801
198820161120243712
198820161317380098
198820160981831680
198820161472573440
198820161631961091
198820161640337410
198820161761976320
198820161053147138
198820161699065857
198820162076545024
198820162110095360
198820161891995648
198820162487586816
198820162617618433
198820162760224768
198820162902831105
198820162764419073
198820163297087488
198820162655358977
198820163053821952
198820162877652992
198820163334832128
198820163569713152
198820163762659329
198820163213197312
198820163825577984
198820163607461888
198820164421173248
198820164404387841
198820164312109056
198820164404379648
198820164458917888
198820164379226112
198820164404387840
198820164475691008
198820163355807744
198820164467302400
198820164869955586
198820164370825216
198820164261777409
198820164479877120
198820165369081857
198820165369077762
198820165402640384
198820165058691073
198820165717200896
198820165784305664
198820165985644544
198820165545242627
198820165645893632
198820166786748416
198820166774169600
198820166769983489
198820166832898048
198820166363127810
198820167126487041
198820167113912320
198820167046807552
198820167092928513
198820166547673089
198820167332020225
198820166845464579
198820167512363009
198820167449444352
198820166518325249
198820167667564544
198820167940194307
198820167994720256
198820167927603201
198820168074407937
198820167881465857
198820167642398722
198820168468664320
198820167982120961
198820167986323456
198820168900673536
198820169093627904
198820169513058305
198820169852784641
198820169982820354
198820169898926080
198820170100252672
198820170154782720
198820170083479552
198820170020560896
198820170486136832
198820169617907712
198820170804891648
198820170075095040
198820170368696320
198820171077521408
198820171316592640
198820170725212160
198820171371126784
198820171547291648
198820171606016002
198820171559866369
198820170674872321
198820171769581568
198820171819913216
198820172017049601
198820171538894849
198820171878629376
198820172293873664
198820172402921473
198820172373573632
198820171522121728
198820172788805633
198820172138680320
198820172994318337
198820173392777216
198820173376012288
198820173858344960
198820173896089600
198820173766066177
198820174013542400
198820173766082560
198820174151950337
198820174445547520
198820173938032641
198820175028559874
198820174642683904
198820175305383937
198820175334752256
198820175330557952
198820175032758272
198820175687061505
198820175712227328
198820175729016832
198820175213113344
198820175976476673
198820175699648513
198820175649320961
198820175917752320
198820175947104257
198820176286851073
198820176790159362
198820176815337472
198820176349769729
198820177104744448
198820176798547968
198820177381572608
198820176882434048
198820177549340673
198820177226366976
198820176647569411
198820177624825859
198820177784217600
198820177452867584
198820176488177664
198820177339625474
198820178149130240
198820178342068224
198820178178478080
198820178706960385
198820178946048000
198820178899898368
198820178560167937
198820178883121152
198820178535006209
198820179269009408
198820179021545473
198820178878922752
198820179193511937
198820179591970817
198820179621326848
198820179726172161
198820179868794881
198820179071877121
198820179470331905
198820180133036033
198820179562606592
198820180581810176
198820180695060481
198820180577628160
198820180250476544
198820180074307584
198820180577615872
198820180007202819
198820180644728835
198820181156429826
198820181005447168
198820181152247808
198820181429075968
198820181424877569
198820181601042432
198820181668134913
198820180971896832
198820181684920324
198820180778954754
198820181852688385
198820182142091267
198820182108545026
198820182179852288
198820182335045632
198820182246952960
198820182456664064
198820181865267200
198820182729293824
198820182771240960
198820182683172864
198820182934827008
198820182121132034
198820183048069120
198820183467507713
198820183639457793
198820183652057088
198820183735930880
198820183782080512
198820183832403968
198820183979200512
198820182641221632
198820184084054016
198820183962435584
198820184180535296
198820184235053056
198820184738365440
198820184788701184
198820184822255616
198820184675459072
198820184700628992
198820184994222080
198820184780320769
198820185333968896
198820185342357505
198820185375903744
198820185426243584
198820185732419585
198820185656930305
198820185753387008
198820185820504064
198820185614979072
198820185942147072
198820186294460416
198820185916964866
198820186504175618
198820186642583553
198820186617430017
198820186713899008
198820185946329089
198820186495782915
198820186445447169
198820187552751616
198820187556950017
198820187527585793
198820187967983616
198820188207067136
198820188131565568
198820188420968449
198820188395802625
198820187896676352
198820188550987777
198820188114792450
198820188706181120
198820188504858624
198820188165128192
198820188664242176
198820188957843456
198820189062705152
198820188685213696
198820188358062082
198820189209509888
198820189511499776
198820189083676672
198820189905764352
198820189993828352
198820189884788736
198820190119657474
198820189788311552
198820189998039040
198820189922525185
198820190174195712
198820190404870145
198820190295830528
198820190119673857
198820190627184644
198820190727847936
198820190648139776
198820190929162241
198820190660734977
198820190480379905
198820191029833728
198820191281496065
198820191319228416
198820191466045443
198820191298269184
198820191398920193
198820191780618242
198820191864504321
198820191889657857
198820191302451204
198820191847718912
198820191361175552
198820192002916352
198820191893848064
198820191088553985
198820192632061952
198820192632053760
198820192497836032
198820192594309122
198820193076658177
198820193261191169
198820193353482240
198820192699170816
198820193978429440
198820194003591170
198820194062303232
198820193735151616
198820194276225024
198820194351722496
198820194511106048
198820194196520961
198820194175553537
198820194490134528
198820194804703233
198820193366056960
198820195068940288
198820195140251650
198820195555479552
198820195698098176
198820195693899776
198820196125908992
198820195958136832
198820195769401345
198820195660349440
198820195689697280
198820196339818496
198820195949748225
198820195693891584
198820196562116610
198820196083961858
198820196092346368
198820196415307777
198820197015097344
198820197333864449
198820196562116608
198820196776022016
198820197405179904
198820197518426113
198820197434535937
198820196981542912
198820197577146368
198820197556174848
198820197082202114
198820197430337536
198820196306264064
198820197551968256
198820198202089472
198820197904302083
198820198470533120
198820197992378371
198820198084653058
198820198701215745
198820198248226817
198820198470516737
198820199074508800
198820199263240192
198820199431020544
198820199477149696
198820199162580992
198820199397470209
198820199779155968
198820198193709057
198820199779155969
198820199510716416
198820199850459136
198820200336998400
198820199619772416
198820199821094912
198820200471212032
198820200185995264
198820200244711426
198820200840306688
198820201691742208
198820202115366914
198820202220232704
198820202274758656
198820201788211200
198820201289097218
198820202375417856
198820202929065984
198820203038126080
198820202140540928
198820203319148545
198820202752909313
198820203306549248
198820203423997952
198820203700830208
198820203730173952
198820204048945153
198820203520471040
198820202039873536
198820203776323586
198820202815827970
198820204149612545
198820204325777409
198820204342554624
198820204900401152
198820204820709376
198820204845871104
198820204434829312
198820203725996033
198820205202382848
198820205160435712
198820205311442945
198820205512765440
198820204816506881
198820205613424640
198820205521149952
198820205609222146
198820205902827521
198820205932187648
198820206125125632
198820205797978112
198820206469054466
198820206473248770
198820205990907906
198820206204813312
198820206599086080
198820207320502272
198820207656054784
198820207530229761
198820207643463681
198820207622500353
198820207786070016
198820207677022208
198820208134193153
198820207928676352
198820208390062080
198820208134209536
198820208306167810
198820208331325440
198820208603971584
198820207718969344
198820209455415296
198820208633327616
198820209031790593
198820209841291264
198820209971314688
198820210164244482
198820210172624896
198820210348793858
198820210361368577
198820210411704321
198820209920983040
198820210436882432
198820210734669824
198820211066028032
198820210449461248
198820210822750208
198820211602886656
198820211602882560
198820211409960960
198820211481247746
198820212013940736
198820212181704704
198820212416589824
198820212404006913
198820212936671233
198820212873756673
198820213779734530
198820213712633856
198820213700050945
198820213830074368
198820214039773184
198820214039781376
198820213553250304
198820214190772224
198820214488563712
198820211795824640
198820214828310528
198820214631178240
198820214614401024
198820214777987073
198820215063183360
198820215096737793
198820215549722624
198820215130304514
198820214119469056
198820215906246656
198820215251927041
198820213393854464
198820215914639361
198820216216625152
198820216501837826
198820216493441024
198820216531189760
198820216631865344
198820216673812481
198820216640249856
198820215415504897
198820216933842944
198820216627662848
198820217130991616
198820217164537856
198820217231654912
198820217508478976
198820217504272385
198820217571389440
198820217751748609
198820217760124930
198820218137612292
198820217445552128
198820217583960064
198820218091483136
198820218489929728
198820218603184128
198820218452193281
198820218926145536
198820218972278786
198820219001651200
198820218569621505
198820218603192321
198820219169415168
198820219278462976
198820219219742721
198820218884202496
198820219316215811
198820219924393984
198820220087959554
198820220083769346
198820220121518080
198820220381564928
198820220645810179
198820220884889600
198820221170094080
198820221128159233
198820220679360512
198820220356395008
198820221203656705
198820221077827584
198820221346267136
198820221476290561
198820221220433920
198820219559477248
198820221358850048
198820221841178628
198820221539201028
198820221648240640
198820222436786177
198820222399029248
198820222575181824
198820222487117825
198820222667468801
198820223015600129
198820223258869761
198820223254659072
198820222378053632
198820223695060992
198820223829291008
198820223783149568
198820223338561536
198820223908982784
198820224043196416
198820223816704001
198820223829291009
198820224194199552
198820223929946112
198820224429080576
198820224030617600
198820223959310337
198820224638787585
198820223703465985
198820224936579072
198820225074995200
198820224798179329
198820224953352192
198820225142104064
198820225720913920
198820225737687041
198820225561538561
198820226077433856
198820226295541761
198820226664632320
198820226115190787
198820226941468674
198820227092447232
198820226379427841
198820227356692484
198820227323150336
198820227474141184
198820227629322241
198820227860017152
198820227977461762
198820228044562432
198820228384309248
198820228405276672
198820227897765888
198820227956490240
198820228669513729
198820228778557441
198820228237492226
198820228224913410
198820228069732352
198820228552065024
198820229139271681
198820229101535235
198820228816318464
198820229688725504
198820229181227008
198820229831331840
198820229764218880
198820229747445760
198820229940379648
198820230355628033
198820230322069504
198820230468866048
198820230573723648
198820229369954304
198820230053638144
198820230930239488
198820230636634115
198820231014133761
198820231274184704
198820231060258816
198820231601328129
198820230812811264
198820231584546817
198820231936872449
198820232020762624
198820232142393345
198820231987216385
198820232188526592
198820232528273408
198820232431804416
198820232079478785
198820232859631616
198820232553439233
198820233933373441
198820234113712132
198820234247942145
198820234273112065
198820234361188352
198820234654781441
198820234797391872
198820234638000129
198820234474422274
198820235032272896
198820235137138688
198820235271352320
198820235183276034
198820235678187521
198820236080848896
198820236110209024
198820235753697281
198820236198297601
198820236391235584
198820236391223296
198820236638683138
198820236655468544
198820236479303680
198820236336701440
198820236319920131
198820236676435968
198820236747751425
198820236626104321
198820237334941696
198820237456584705
198820237666304000
198820237695647746
198820237787938816
198820237318160384
198820237825671168
198820237481750528
198820237364314113
198820238303825920
198820238484176896
198820238781972480
198820238505152513
198820238932975617
198820237280415744
198820237645324288
198820239151071232
198820238710669312
198820238635180033
198820238551289857
198820239490813952
198820239868301313
198820239859916801
198820240170299392
198820240040263680
198820239553740801
198820240304508928
198820240031875072
198820239771832320
198820240526819328
198820239989940224
198820240073818112
198820240400982016
198820239683764224
198820240539389952
198820240828792832
198820241378258945
198820241197899776
198820241353084928
198820241109819394
198820241738960896
198820241416007681
198820242145812480
198820242250678273
198820238287044609
198820242317778944
198820242368110593
198820242472960000
198820242653315072
198820242602999808
198820240900100096
198820242112249857
198820242544267264
198820242686873600
198820243186008066
198820243274076160
198820243311833091
198820243194388481
198820242808516608
198820243391512578
198820243752226816
198820243718676480
198820243756425217
198820243152453634
198820243920007168
198820243659948034
198820243991310336
198820243718672384
198820244125532160
198820244024864768
198820244846952448
198820243999686656
198820244607877120
198820244624642049
198820245006336000
198820245224435714
198820244687568897
198820245178294272
198820245161508864
198820245266374657
198820245257977857
198820243282472962
198820245148934146
198820245379624961
198820246059106305
198820246256222208
198820246293987328
198820246356893697
198820245991997441
198820245908103170
198820246533046272
198820246671466498
198820246566604801
198820247007006720
198820246952484865
198820247191552000
198820247204143105
198820247309000705
198820247661318145
198820247485157376
198820247640342529
198820248638595073
198820248651177984
198820247996870656
198820249213222912
198820248344997888
198820249276129280
198820249473257472
198820249573920768
198820248680529920
198820249565540352
198820249536167936
198820249951408131
198820250018529281
198820249804607489
198820250018529282
198820249330651136
198820250031104000
198820250232426497
198820250022715392
198820250303737856
198820250769305600
198820250807054338
198820250945458176
198820251692048385
198820251197116416
198820251088076801
198820251088064513
198820251788509185
198820251612364802
198820251562016768
198820252065333249
198820252212150273
198820252258287616
198820252321193985
198820251843043329
198820252560261121
198820252077932544
198820251830464513
198820252035973120
198820253097148416
198820253227171840
198820252543492097
198820253302669312
198820252476391424
198820253332017152
198820252316991488
198820253172629505
198820253730480128
198820253915033600
198820254191853569
198820253784997891
198820254581932032
198820254519005185
198820254665801728
198820254485446658
198820254804221952
198820254720331776
198820253143273473
198820254955225088
198820254732918786
198820254510612480
198820255315931136
198820255710191617
198820255173320704
198820255961853954
198820256121237505
198820256293208064
198820255441756160
198820256389660673
198820256385470464
198820252484780034
198820256704249857
198820253822763009
198820256297385984
198820256133808131
198820256700039169
198820256771358720
198820256712630273
198820257081733120
198820256867815425
198820257329188864
198820257027211267
198820258067390465
198820258059010049
198820258172248064
198820258415509504
198820258004467713
198820258839146497
198820259015294976
198820258197405697
198820258923024385
198820259338264577
198820259795443712
198820259778674690
198820259564752897
198820259468279809
198820260336504833
198820259615080448
198820260126785536
198820260114214913
198820260055482368
198820260323934208
198820260751745025
198820260789493760
198820260881768449
198820260453949441
198820260563001345
198820260755943424
198820260919525378
198820261154390017
198820261053739009
198820261477367808
198820261695471616
198820261024370688
198820261020172288
198820261913567232
198820261888401409
198820261955506177
198820261976489984
198820261624152066
198820262068756480
198820262169419776
198820261464768515
198820262265884672
198820262647562241
198820262718877696
198820263016677376
198820262861484033
198820262702096385
198820262244909057
198820263931031552
198820264216240128
198820263524188160
198820264425955328
198820264547590145
198820264727937026
198820264811831296
198820264992194562
198820265105436672
198820265151569920
198820265659088897
198820265768128513
198820265860411393
198820265831043074
198820266229501953
198820266795745280
198820267039002625
198820266292428800
198820266976100353
198820267055775744
198820267005456385
198820267240333313
198820266770563072
198820266997067776
198820267525554176
198820266174988288
198820267139665921
198820267663962113
198820267957563393
198820267974344704
198820268515397634
198820268720922625
198820268054024192
198820267294863363
198820268326658050
198820269178093569
198820268410552321
198820269291356162
198820269442342912
198820269383614464
198820269454929920
198820269668839424
198820270256046081
198820269673025536
198820270126022657
198820270277009410
198820270759346176
198820270578999297
198820270939713537
198820270868402177
198820270327336961
198820270943895554
198820271455604737
198820271707258880
198820271560458240
198820271581433856
198820271996669953
198820271929573377
198820271728234497
198820272453861377
198820272571297792
198820272743264256
198820272139280385
198820272407715840
198820271594020865
198820272562909185
198820273087184896
198820273057832960
198820272961363969
198820273045245952
198820273057837058
198820272999104513
198820272848121857
198820274047696897
198820274043490305
198820273884110850
198820274060279808
198820274395824130
198820274693607424
198820274790088705
198820274714591232
198820274802667521
198820275008180224
198820275008176130
198820275117232128
198820275159179264
198820275188547584
198820275293401088
198820275687653376
198820275737997312
198820275465363456
198820276279050240
198820275742191617
198820275901571073
198820276568473600
198820276421672960
198820276543303682
198820276115476483
198820276392300546
198820276505542656
198820277189230593
198820276421672961
198820276203560960
198820277247934464
198820277348597762
198820277621231617
198820277566717954
198820277315043328
198820277919035394
198820277960966144
198820278120357888
198820278040666112
198820278283939841
198820278162309122
198820277923217410
198820278271344642
198820278468493312
198820278523006976
198820276878848000
198820278162309121
198820278757900289
198820279043100673
198820279152164864
198820279252819968
198820278820814848
198820279273783296
198820279324123136
198820279684833281
198820279844216832
198820280053923840
198820279290564610
198820279953272832
198820280112656384
198820280561442818
198820280666300416
198820280397864960
198820280712437760
198820280863424512
198820280460775425
198820281001848832
198820280439816192
198820280817299456
198820281358352386
198820281408688129
198820281576472576
198820281563885568
198820281672941569
198820281912012800
198820281861668864
198820282323058688
198820282788610050
198820282847330304
198820283065442304
198820282994135040
198820283505840129
198820282914447360
198820282826358784
198820283883323392
198820283812024322
198820283807825920
198820283895914496
198820283933663232
198820284038512642
198820283434541056
198820284265013250
198820284390838272
198820284701224961
198820284759932928
198820284629921793
198820284927717377
198820285099679744
198820285640740864
198820285141630977
198820285808513026
198820285942726657
198820285846274048
198820286295052289
198820286446055426
198820286592851968
198820286618013696
198820286542528513
198820286374739969
198820286852907009
198820286664151042
198820287058427906
198820286861283329
198820287347826688
198820287612067840
198820287641427969
198820287754670081
198820288023105538
198820288337674240
198820288195076097
198820285816901632
198820288752910336
198820288853573632
198820288257982464
198820288392208385
198820289247854594
198820289273008129
198820289499508737
198820289407221762
198820289285586946
198820288287350784
198820289558224896
198820289772134402
198820289319141377
198820289830854656
198820290418053120
198820290313195521
198820290036383744
198820290363527168
198820290464194560
198820290153824259
198820290577448962
198820289210093568
198820290585821186
198820291181412352
198820290619375616
198820291315630080
198820291244343297
198820291256918017
198820291659575296
198820291936391168
198820291630206976
198820292657823745
198820292594892802
198820292733313026
198820292477452289
198820292607483904
198820293349883904
198820293333102593
198820293874163712
198820293832220672
198820293941280769
198820293362458625
198820293999988738
198820293857382400
198820294268420096
198820293828018176
198820294020972544
198820294222290944
198820294629146634
198820294721421313
198820294952108033
198820295132450816
198820294301978625
198820295291830272
198820295069540352
198820295618994176
198820295354753025
198820294239059968
198820296030027776
198820295325384706
198820295614795776
198820296084557824
198820296172638209
198820296432680961
198820296441081858
198820296403333120
198820296734674944
198820296898248705
198820296843730944
198820296969555970
198820297556770816
198820297196044288
198820296990539776
198820297749696512
198820297175080960
198820297862946816
198820298215260160
198820298131386370
198820297707749376
198820298349486082
198820298039107584
198820298546618368
198820298966040576
198820298865393664
198820299096076289
198820299062521856
198820298726965250
198820299012186112
198820298861195264
198820299364503552
198820296411717632
198820300027207680
198820300207566849
198820300081729536
198820300887035907
198820300236922880
198820300442439680
198820300517937153
198820300928987136
198820300534710272
198820301126107138
198820301763653633
198820301918842881
198820301843333120
198820302170501120
198820301520371713
198820301667184640
198820302317301762
198820302623490048
198820302703173632
198820302648655873
198820302770278403
198820303256821760
198820303273607168
198820300337577986
198820303126794240
198820303625912320
198820303160360962
198820303739162624
198820303869190144
198820303999205376
198820303726575616
198820304615776257
198820304678694914
198820304343138304
198820305035206656
198820304456388608
198820305047789568
198820305207164928
198820305303642112
198820305270083585
198820304733208576
198820304632553474
198820305211363328
198820305425272832
198820306138312705
198820305878257665
198820306582896640
198820306335436800
198820307241402368
198820307493068800
198820307677609984
198820308138987522
198820307514036224
198820308734590978
198820308650692610
198820309057536000
198820308633911296
198820308625534976
198820309166600193
198820309414051840
198820309456011264
198820309460197376
198820309514723329
198820309573439488
198820309367918593
198820309904801792
198820309367930880
198820310177427459
198820309871230978
198820310592651265
198820310361964545
198820311007899648
198820310995312641
198820310500392960
198820311062417408
198820311330856960
198820311465070592
198820311012089856
198820311599288321
198820311456681987
198820311242772480
198820311486050304
198820311389573120
198820312014524417
198820311737708544
198820312559779840
198820312392011778
198820312513650691
198820312870158337
198820313260236801
198820312589148160
198820312903729155
198820313495121920
198820313612562434
198820313658687488
198820313277014016
198820314115883009
198820314258489344
198820314325590017
198820313931321345
198820313889382400
198820314535313409
198820313880989696
198820315122503680
198820315487412225
198820315470639104
198820315122515968
198820315722301442
198820315449671682
198820315885879297
198820315491606528
198820315760033792
198820316540186624
198820309284028417
198820315919421440
198820316691177472
198820316980576256
198820316544368642
198820317127389184
198820317228056577
198820317798465536
198820317886550016
198820317731360768
198820317467131906
198820317400006656
198820318041743361
198820317848801280
198820318339538944
198820317269987330
198820318121443328
198820318633144323
198820318264045568
198820318968684544
198820318863831041
198820318888988673
198820319455223808
198820319723655168
198820319790776320
198820319568461824
198820319966924800
198820320000491520
198820319765606402
198820319530717185
198820320172449793
198820320172441600
198820319945949185
198820320126320640
198820320730296320
198820320835149824
198820320046616577
198820320449282050
198820321216823298
198820320583483392
198820321095192576
198820321061638144
198820317974642691
198820321002926081
198820321325891585
198820321418162176
198820321409765379
198820321615298560
198820321409765378
198820321707556864
198820321917272064
198820321388793856
198820322177318913
198820321539801088
198820322525454337
198820322693230593
198820322726776832
198820322110210050
198820322965860352
198820323158794241
198820323196551170
198820323133624320
198820321774678016
198820323515314176
198820323595010050
198820323297210369
198820323888599041
198820323347533824
198820323687280641
198820323402067968
198820323880222720
198820324291256320
198820324647772163
198820324618416128
198820324551299072
198820324685520897
198820322760335360
198820324186406912
198820324450648064
198820324693901314
198820324882657281
198820324517740545
198820324517756928
198820325276913664
198820322978439168
198820324735856640
198820325335646208
198820325666992128
198820324710690817
198820325738299392
198820325071392768
198820326036090880
198820326099001346
198820326128365568
198820326224826368
198820326191271936
198820326396796930
198820326409383938
198820326543605760
198820326237405184
198820326971424768
198820326392606722
198820327382462464
198820327319535618
198820327491510272
198820327478923264
198820327197904897
198820327793496064
198820328670105600
198820328753999872
198820328737210368
198820327831252992
198820328594620417
198820329274089472
198820329366372352
198820328745611264
198820329055981568
198820329093726208
198820328972091392
198820329194389504
198820329789988864
198820329286680576
198820330259755009
198820328464580608
198820329836130305
198820329995513856
198820329601245184
198820330486243329
198820330150707200
198820330767253505
198820330192642048
198820331090219008
198820331245420548
198820331459313664
198820331421581313
198820331664834560
198820331379625984
198820331757117440
198820331870359552
198820331815829504
198820332352704512
198820332046528513
198820331987812353
198820332663083009
198820331618705408
198820332931530752
198820332893773826
198820332918943744
198820333053153280
198820332738592768
198820333313208320
198820333371928576
198820333476777984
198820333615198209
198820333699084288
198820334365974528
198820333686489088
198820334282080256
198820334726692865
198820334084947970
198820334860910592
198820335053844480
198820335200636928
198820334718287874
198820335104176130
198820334995111938
198820335133528064
198820335435517952
198820336375037955
198820336228237313
198820336991600640
198820336177913857
198820336651878400
198820337373286400
198820336718979073
198820338015019009
198820337578815490
198820338149240833
198820338199576576
198820338224738304
198820337444593664
198820338547703808
198820338103099392
198820338497359873
198820337838850051
198820338451218432
198820338447024130
198820338925191169
198820338472189953
198820339164262400
198820338572869632
198820339227164675
198820339281698816
198820338887434240
198820339554328576
198820339193618435
198820339621429249
198820339856314369
198820340472872960
198820340565147649
198820340468686848
198820340745510912
198820341085249537
198820341143961600
198820341546627073
198820341445963776
198820341609545728
198820341471133697
198820341726969856
198820340477079553
198820341966049280
198820341437575168
198820342150610944
198820341966053376
198820342452588545
198820341873778689
198820342641344515
198820342268039168
198820342393880576
198820342851043329
198820342830088194
198820342930735106
198820342591008768
198820342624555009
198820343396306945
198820343400509440
198820342947528704
198820342796517376
198820343144648704
198820343354376192
198820344042237952
198820344088363009
198820343954161664
198820344025452544
198820344432304128
198820343878656000
198820344100945920
198820344730091520
198820344860127232
198820344939806723
198820345162108928
198820345367633921
198820345459916800
198820345652850689
198820345074036736
198820346156154881
198820346080665602
198820345350860800
198820346298777601
198820346466541569
198820346999226368
198820346852417536
198820347267649536
198820347229913088
198820347347353600
198820347489959936
198820347053748224
198820347372507137
198820347326365696
198820347573833729
198820347838078977
198820348156841984
198820347619983362
198820348173615105
198820348404305921
198820347309600768
198820348572073985
198820348765028353
198820348492394497
198820348635000832
198820348240736256
198820348685320193
198820349108953088
198820349352218624
198820349469667332
198820349553545216
198820349067010049
198820348886646784
198820349830365184
198820348811165696
