198845008936304640
198845013252255744
198845013373878272
198845013155774464
198845016574144512
198845017161347072
198845014829318144
198845019447230464
198845027462549504
198845028481777664
198845029010247681
198845032898367488
198845032965472256
198845036492898304
198845038258696192
198845038183194624
198845040112578560
198845042465570817
198845042339753984
198845043858092032
198845044072001537
198845044998930432
198845045296738304
198845043921010688
198845045888139264
198845046357884928
198845047318384640
198845049897877504
198845051432996867
198845050787078144
198845052376727552
198845052204756992
198845052515123200
198845054096392193
198845054314483712
198845054935236608
198845055002345472
198845054960406529
198845056260636672
198845056768163840
198845058001281025
198845058190016512
198845058420703232
198845057963536384
198845058819178497
198845058592686081
198845059586732032
198845059242786817
198845059578347521
198845060689821697
198845062036205570
198845061809700864
198845062757621760
198845063361593344
198845062451437569
198845063579697152
198845063860731905
198845063676166144
198845064460500992
198845064141746176
198845065311944704
198845065270009856
198845065521676290
198845066549280768
198845066595409920
198845066687680512
198845069535621120
198845069602725888
198845070437388289
198845070496112640
198845070701629440
198845070647103489
198845070840053760
198845071662125056
198845071871840257
198845073746698240
198845074082234368
198845075218903040
198845075139207168
198845075608961024
198845075697049600
198845076040978432
198845076917587968
198845076988899328
198845075462164481
198845078649843712
198845078557560832
198845079450951680
198845079660675072
198845080587616256
198845079480307713
198845081967529984
198845082940604416
198845084286980096
198845084362481664
198845085289422848
198845085541076992
198845085750804480
198845085327179776
198845086090539008
198845086291861504
198845086694522880
198845086790991872
198845087323656192
198845089903153152
198845090859458560
198845091056582657
198845091773812736
198845092977586176
198845093367652353
198845094072295424
198845096660176896
198845098065281025
198845097377415168
198845098811863040
198845100573474816
198845100581847041
198845100799959041
198845101512998912
198845102343458816
198845102846775297
198845103270395904
198845105271078912
198845106466471936
198845106915262464
198845106776850432
198845106936217601
198845101689155585
198845109306003456
198845110065172480
198845109935144961
198845109335371776
198845111235395584
198845111554162688
198845111734509568
198845112514654208
198845112992792576
198845113403850752
198845113571614720
198845113961676800
198845115899453440
198845116734115840
198845118348935169
198845118567030786
198845118323765248
198845119556882433
198845117623308288
198845120873897984
198845121075232768
198845121834397697
198845121452716032
198845121956028417
198845123260456960
198845123960905728
198845124166418432
198845124418093056
198845125227593728
198845125101764608
198845124892037120
198845123008790528
198845126418771968
198845126603309056
198845126422962176
198845128931160064
198845130181062659
198845131535818756
198845131250606080
198845131514847233
198845131770699776
198845132697649152
198845132919930880
198845132756357120
198845133209350144
198845134488612864
198845134115323904
198845134358585344
198845134819954688
198845135189057538
198845135642046464
198845136598343680
198845135499436032
198845136829026304
198845137525293056
198845138364153856
198845138330595328
198845139584692224
198845140129943554
198845140725547010
198845141191106560
198845141992226816
198845143573471232
198845143686713344
198845143904817152
198845144353615872
198845145490276352
198845147004403712
198845147084103680
198845146845032448
198845147662925824
198845148296257537
198845149487439872
198845150498275328
198845150636683264
198845151169363968
198845151517491200
198845151412633600
198845152603799552
198845149080588288
198845152972910592
198845153446862848
198845154021486592
198845154008895488
198845155413987329
198845156252852224
198845156772945920
198845156210913280
198845156697456641
198845157326585856
198845157574053889
198845159964815360
198845160023527424
198845160338112513
198845161768353792
198845162909216769
198845163068596224
198845163085381633
198845164029083650
198845163689361408
198845164360450048
198845165601947648
198845166017191936
198845166361133056
198845167174815744
198845167921414144
198845169125179392
198845169804648449
198845169896927232
198845171075514368
198845172539342848
198845171234906112
198845175248846850
198845175248859136
198845176075132928
198845175722819585
198845176184184833
198845177979342848
198845178969194496
198845179447345152
198845180105863168
198845180382679040
198845180965683200
198845181427068928
198845181578055680
198845181989109760
198845182253338624
198845182974754817
198845182622449664
198845184358879232
198845185185165312
198845185021587457
198845187043233793
198845188339277826
198845188288946177
198845189413023745
198845187198431232
198845191124291584
198845191350792192
198845192575520768
198845194060312576
198845194316169216
198845195503144960
198845196287488002
198845198384635904
198845198967640064
198845199399649281
198845199391264768
198845199319973888
198845199856840704
198845199961698305
198845199999442944
198845200355958784
198845201559724032
198845201488416768
198845201291296768
198845202952232962
198845203250024450
198845197172482048
198845204659314689
198845204671901696
198845207649845249
198845208018952194
198845210128683008
198845210799767552
198845210875273216
198845211009490944
198845210900434944
198845209772175360
198845210820743169
198845211886108672
198845212494266368
198845212309733376
198845213026951168
198845213492523008
198845214553677824
198845214599806976
198845215325437952
198845217007349760
198845216701161473
198845216835371009
198845217728770048
198845217762312192
198845218831863808
198845219175796737
198845220606054401
198845221088411648
198845221734326272
198845219351969792
198845221545590784
198845221834985473
198845222862598144
198845222782906369
198845223458181120
198845224045383680
198845225001693184
198845224406093824
198845225429504001
198845225924444161
198845225924444162
198845226293542912
198845225941213185
198845226687803392
198845228982083584
198845229355384832
198845230743699456
198845230504607744
198845231511252992
198845231553183744
198845231708385280
198845232538857472
198845232954085376
198845233318993920
198845234040418304
198845238033383424
198845238884827136
198845239325241345
198845240403169280
198845240927457280
198845241153949696
198845241858596865
198845243385331712
198845243796357120
198845243926384640
198845244891086849
198845245360844800
198845246187114496
198845246640095234
198845246338113537
198845247613190144
198845247223115776
198845248208777216
198845248028422144
198845248447840256
198845248527544320
198845245989986304
198845249244774401
198845249437712384
198845249370591233
198845249798410241
198845249982967808
198845250452733952
198845247676088320
198845247575429121
198845251744575488
198845251706818560
198845251794894848
198845252507938816
198845252621172736
198845253476818945
198845253581684736
198845254508617728
198845255703990272
198845255175516160
198845256425414656
198845256580612096
198845256672878592
198845257385914368
198845258635821058
198845258862297089
198845259298521088
198845259042660352
198845259650842624
198845259273347072
198845260737150976
198845261420830720
198845261659901952
198845263492812801
198845263421517826
198845263832555520
