198797701100474368
198797701758984192
198797701868044288
198797702081941506
198797701402468353
198797702878859264
198797704023912448
198797704820830210
198797704934068224
198797704799854593
198797705068290049
198797705110233088
198797704577564672
198797707542925313
198797706121060352
198797706091700225
198797707945586689
198797707312246785
198797705819070466
198797708595695616
198797708608290817
198797707081555968
198797709623312385
198797708453089281
198797710369890305
198797709635891201
198797711556870144
198797711766601728
198797711951142912
198797712139894784
198797710248263681
198797712592875520
198797712961961984
198797713226203136
198797712810983424
198797714287374336
198797715424034817
198797713704357890
198797715998654464
198797715931533312
198797716829110272
198797717831553024
198797717957390336
198797717961584640
198797718653640704
198797717663780865
198797718984990722
198797719517659136
198797719563800576
198797720218116097
198797716803960833
198797720843059200
198797720889212928
198797721358958593
198797721279266817
198797721363161089
198797721291849728
198797721258299392
198797722260738049
198797722319454208
198797722877296640
198797723938467842
198797723749728256
198797725674913793
198797725146419200
198797725477777408
198797725779755010
198797725981097985
198797725989478400
198797726480220160
198797726287273984
198797725834289152
198797727604277248
198797728308928513
198797728409587714
198797729059713024
198797730250895360
198797730972303360
198797731110723584
198797731748257792
198797732415160320
198797734243864578
198797733828632577
198797734566830080
198797734646525954
198797734357123073
198797735321812994
198797735783178240
198797735871254529
198797735833509888
198797736424898561
198797737410572288
198797736592674818
198797738203287553
198797738031329282
198797738828247040
198797738945675265
198797738421387264
198797738840825858
198797739230896128
198797742087213056
198797741860724736
198797743005765633
198797744062730240
198797744662515712
198797745346199554
198797744431833089
198797744985477120
198797745476206594
198797746084380673
198797746273132545
198797744863850496
198797746814197763
198797746361204737
198797747346870272
198797746881310720
198797747514642433
198797747627892736
198797747497873410
198797748106047489
198797748886179840
198797749439836160
198797749695680515
198797749926371329
198797750048006144
198797750165450755
198797751553753088
198797751226601472
198797751616667648
198797752841420800
198797754846298112
198797754896625666
198797754946961408
198797756129751042
198797756725342208
198797756930850816
198797758885400578
198797758981881856
198797759040585728
198797759573262336
198797759535517698
198797760013680643
198797759921405952
198797759925600256
198797760592494593
198797760399556608
198797761590738944
198797762509279234
198797763624976384
198797764027625474
198797764711297025
198797764786798592
198797765160087554
198797764996497408
198797765604683777
198797767005577216
198797767324340225
198797767794106368
198797767391444995
198797768263864322
198797768406470657
198797768737828865
198797768926564352
198797769169842177
198797768989491201
198797771090825218
198797771120185344
198797771627700224
198797771933876226
198797772453986305
198797774240751617
198797775171895298
198797775050260480
198797775335464960
198797776866385921
198797777067712514
198797777197744129
198797777420038145
198797778229534721
198797777948516353
198797778317619200
198797779252936704
198797779752071170
198797780490272768
198797781249437696
198797780725141505
198797781622734849
198797782214127616
198797782574829569
198797782939734016
198797783946371072
198797784680382465
198797785657651201
198797785980600320
198797785405997056
198797786626527232
198797787725443072
198797787532492800
198797788430073858
198797789440909313
198797790053281795
198797789327654912
198797789851959297
198797789835177986
198797792263667712
198797793207398402
198797794104967168
198797794218229762
198797793807183873
198797794792833025
198797796038545408
198797796806115328
198797796248264704
198797797435256833
198797797179404288
198797797489778689
198797798186024960
198797797888241665
198797798475436032
198797798890684416
198797798815186945
198797798953590784
198797799930867712
198797800144769024
198797801512124416
198797801986072576
198797802275471361
198797802694918144
198797803084972033
198797802816536576
198797803953209344
198797804058058752
198797803961597953
198797805261832194
198797806360739841
198797807073755136
198797807719694336
198797807677743104
198797809162530817
198797809699389444
198797809875554306
198797810173358082
198797810039136256
198797810844446720
198797810102042624
198797810869600256
198797810668290049
198797811758804992
198797812530544641
198797812920631297
198797813482663937
198797814283780096
198797814283767808
198797815349133318
198797815546249217
198797815726608384
198797816636784640
198797817022648321
198797817207197698
198797818234802176
198797818767486976
198797819056898048
198797819098841088
198797820059324416
198797821598642176
198797821338587136
198797821732855808
198797822269726725
198797824010354688
198797823205064704
198797823964225537
198797825058930688
198797825054744578
198797825172193280
198797825969094658
198797826518560771
198797826438864897
198797824710815745
198797827126726656
198797827516796930
198797827357413377
198797827365801984
198797827839770624
198797829219688448
198797829450371074
198797829655887872
198797830394101761
198797831153258496
198797831224569856
198797831568490496
198797832134725633
198797832679981059
198797832935845888
198797834005393409
198797835112677378
198797835129458688
198797834760368128
198797835615993856
198797835527925760
198797836165464064
198797835586633729
198797835574054915
198797836631027712
198797835465011201
198797837440520192
198797838174527490
198797837960613890
198797837876723714
198797838031925248
198797840095514625
198797840129069057
198797839873228800
198797840795967488
198797840473014273
198797841341222914
198797840959537152
198797841244758017
198797843497107456
198797842456903680
198797840573669376
198797844428230657
198797844017184768
198797844914778113
198797844822507522
198797845099331586
198797844679892992
198797845350973440
198797845678145536
198797845611036672
198797846043045888
198797843459342336
198797846391164928
198797844000415744
198797849306202112
198797849360728064
198797849373315073
198797849796935680
198797849834688512
198797850669350912
198797850774208512
198797851889905665
198797852426764290
198797852611330048
198797853198516225
198797852154134529
198797854351966209
198797854284849152
198797854318399488
198797855501189120
198797855320838144
198797855769628672
198797855882870784
198797856201641985
198797855576686592
198797857204088832
198797856780464128
198797857904533504
198797857577385985
198797857946480640
198797860228177920
198797860312064000
198797861457117187
198797860878290945
198797861410963456
198797862170144769
198797862140780544
198797862207893504
198797864183414784
198797863906574336
198797863696867328
198797864724480000
198797864816742400
198797864212774913
198797865332637696
198797865412329472
198797866897125376
198797867278798848
198797867232673792
198797868046360576
198797867522076672
198797868318982144
198797868625174529
198797869560500225
198797869656969216
198797870370009088
198797870474870784
198797870768455681
198797871225647104
198797871292755970
198797870223196160
198797872374874113
198797872689446912
198797872924336129
198797872630730752
198797873285050368
198797873129857024
198797875189256192
198797875516407808
198797872030957570
198797875742916608
198797876078452737
198797876887949313
198797876430778368
198797878540517377
198797878242717697
198797878729248768
198797879173840896
198797879190630401
198797879580688384
198797880503447552
198797880700567552
198797881346494464
198797882000801793
198797881703006208
198797883145863168
198797883091320832
198797883728863233
198797883800170496
198797883502379008
198797883447844865
198797884924231680
198797884836155393
198797884760666112
198797884831961089
198797885603708929
198797885645660161
198797886060888064
198797886799101952
198797887235305474
198797889189842944
198797889248563201
198797889437315073
198797889194045442
198797889814806529
198797888963362816
198797890561388544
198797889705754624
198797889533784065
198797892348166145
198797892331372546
198797892264280064
198797891739979777
198797892604002304
198797892591431681
198797893660975104
198797894281732097
198797893900042240
198797895649071105
198797896378884098
198797897461014528
198797896919945216
198797898362789888
198797898379575297
198797899340054529
198797899449118720
198797899361042432
198797900850016256
198797900866781185
198797901571440640
198797902238318592
198797903404343296
198797905098833920
198797904658436097
198797907162439680
198797907535732736
198797907208572929
198797907862892546
198797909377024000
198797909087629312
198797909536415744
198797910375280641
198797910060699649
198797910274609153
198797911050563584
198797911298019329
198797911138648064
198797911058956290
198797911738429441
198797911864254465
198797912325623809
198797912539529216
198797915060322306
198797915009974273
198797914959646720
198797915446190081
198797916071137283
198797916360548352
198797915928526849
198797916826116096
198797917270720512
198797917144883200
198797918331871233
198797918386388992
198797918914875392
198797918403166208
198797919242043393
198797919778914304
198797921544712196
198797918990368768
198797922152878080
198797922723307520
198797922819784705
198797924149374977
198797924459757568
198797924304568321
198797924833046528
198797924854018049
198797925646733312
198797925726437377
198797925952921601
198797927387365376
198797927035047936
198797927727108096
198797928373030912
198797928549195777
198797928620490753
198797929803292673
198797930465988608
198797931439063041
198797931153854464
198797930726039552
198797934983262208
198797934840651776
198797935369125889
198797935700480001
198797936547737600
198797936849723395
198797937017491456
198797937659215872
198797936753250305
198797938372255744
198797938871373825
198797939454386177
198797938804260864
198797940658155521
198797940142247936
198797940242915329
198797941236965376
198797941404733441
198797941350203393
198797941354414080
198797942528806913
198797943946493954
198797944403660801
198797945175416832
198797945234128897
198797945657753600
198797946148487168
198797945682919424
198797943426400256
198797947398393858
198797947792658433
198797948342112257
198797948568600576
198797949369712641
198797949369724928
198797949399089152
198797948530860032
198797950367973376
198797950770614274
198797951416532992
198797948635717632
