198793674660917248
198793674442813443
198793675105505280
198793675831115776
198793676502212608
198793676963590145
198793676841955328
198793678599372800
198793679002013696
198793680092545024
198793681296302080
198793681673793537
198793682055471104
198793681099177984
198793682034503681
198793683204718594
198793682470707201
198793683460554753
198793684123267072
198793684689485824
198793685117317121
198793685058600961
198793684010020865
198793685285085184
198793685977141249
198793686803427329
198793687222861824
198793687642275841
198793687818444800
198793686358827008
198793688766361600
198793689299034113
198793689420677120
198793690154668033
198793690423099392
198793690448265216
198793690414723072
198793691039678465
198793691060637699
198793691618484225
198793691907891200
198793691987591168
198793692620926977
198793693635948546
198793693690466304
198793694038597633
198793694835519488
198793695980564482
198793696358051840
198793696827809793
198793697398231040
198793697138184192
198793695347224576
198793697968668673
198793699264696320
198793699554115585
198793700934041602
198793701143740416
198793701143744514
198793701454127104
198793701965828098
198793701793857537
198793702544637953
198793703706472448
198793702066495489
198793704591474688
198793704239149057
198793706713792512
198793707120623617
198793706965450752
198793709578489856
198793710253780992
198793711231053824
198793712346738690
198793711822450690
198793710979399682
198793712892002304
198793712933937153
198793713131073538
198793713407889408
198793714037035008
198793712862625793
198793714024460288
198793715647651841
198793715953836032
198793716218073088
198793716494909443
198793717098876930
198793717052739586
198793718583668737
198793719053434880
198793719632236544
198793719795826689
198793719485431808
198793721024741377
198793721385455616
198793721511280641
198793720223645698
198793723096739842
198793723004456961
198793722954133505
198793723348389889
198793723675545600
198793724464074753
198793724417941505
198793724598300673
198793724715737088
198793725411991553
198793725055471616
198793725818843137
198793727832100864
198793729379811328
198793730059288576
198793729975390208
198793730227052544
198793731107848192
198793731401465857
198793731661500419
198793734022901761
198793734387798017
198793733980958721
198793735792902144
198793736078102528
198793735750955009
198793736354926592
198793736547872770
198793738133315584
198793738854727681
198793735830642689
198793739660050432
198793739676823553
198793740356304897
198793740683456512
198793740758945792
198793740712812544
198793741090304000
198793741295828992
198793743489445888
198793743934033921
198793744823226368
198793744588341248
198793744953257984
198793744412192768
198793744865169409
198793748191256576
198793748468080640
198793748803620866
198793750233882624
198793750506508289
198793750456176640
198793750498131969
198793751378931712
198793749793472515
198793751349559296
198793752125521920
198793752305868801
198793752440094720
198793752918241280
198793753232818176
198793754046513152
198793754113622017
198793754801475584
198793755053133824
198793756273680385
198793756026224640
198793752909852673
198793756324003840
198793757087379456
198793757204819968
198793757389365249
198793757976563712
198793757913645058
198793757913645056
198793759167741952
198793759394250754
198793759943688192
198793761462026240
198793762074398721
198793761176817664
198793762208616449
198793760879030273
198793761810169856
198793762439303168
198793762217009152
198793763018113024
198793764309966849
198793763961831426
198793764897165313
198793765312401412
198793764901371904
198793765262073856
198793765304012802
198793767002718210
198793766616834048
198793767552159744
198793766872694785
198793768370057216
198793768764321794
198793769770942465
198793768751742977
198793769196322817
198793769787731968
198793763064250369
198793770358161408
198793771272511492
198793773050892289
198793773361270786
198793773151555584
198793773453557760
198793774422425600
198793775382929408
198793775907209216
198793776586686464
198793776926429184
198793777077432320
198793777115172864
198793778088259584
198793778935508995
198793779757584384
198793779833081859
198793780319629312
198793780814544896
198793781313671170
198793781372387328
198793780785197056
198793780978135041
198793782228041728
198793782978813952
198793782156730368
198793783616356352
198793783633117184
198793785411514369
198793785075965952
198793785491197952
198793786757873664
198793786292314112
198793787416387584
198793786506223616
198793788343336960
198793789349953536
198793789731639296
198793791245783041
198793791954628608
198793793280032768
198793792906727426
198793792801869824
198793795146493953
198793795419111424
198793795377168385
198793795062603778
198793795737878528
198793796333486081
198793796304117760
198793795922432001
198793796572561409
198793796773871616
198793797247844352
198793797293969409
198793798128648195
198793797826646016
198793797856014337
198793798216724481
198793799093334019
198793799437254656
198793801014325249
198793801224032257
198793802448769025
198793802905960449
198793802973061121
198793803849678848
198793804524949504
198793804583677955
198793804696911872
198793804738863104
198793804344590336
198793805221216258
198793805334446080
198793804873089024
198793805095387137
198793805695160321
198793805787435008
198793805816807424
198793806072659970
198793807075094529
198793807767154688
198793807205109764
198793807515500544
198793808283049984
198793807880404992
198793809486823425
198793809952382976
198793810342453249
198793810032070658
198793810539585536
198793810447319042
198793811596550144
198793811562987522
198793811432972288
198793812586414080
198793812678680577
198793813358161920
198793813370748929
198793813085536257
198793813240725507
198793813689499650
198793814314467330
198793814830366721
198793816621326336
198793816159961088
198793816596164609
198793817242083328
198793817997053953
198793818080948224
198793818336800770
198793818462633986
198793818957545472
198793820043886592
198793820161323009
198793820517838849
198793812716433408
198793820895313921
198793821184720897
198793821616750594
198793821490905088
198793821729992704
198793822292029441
198793822791151616
198793824997343234
198793825307729920
198793825274183681
198793827400679424
198793827014807552
198793827912392704
198793828226961408
198793829040668672
198793828717703169
198793829300715522
198793829552365570
198793830412201985
198793831028768769
198793830865182722
198793831003602945
198793830273794048
198793832513536001
198793832551297024
198793832433856514
198793834447122434
198793830919712770
198793834770083840
198793835697012736
198793835852210177
198793836040949760
198793836749795331
198793837840310272
198793838205218816
198793839320903681
198793839333478400
198793839564173312
198793837597048832
198793840524664833
198793841141223424
198793839924875265
198793842315632641
198793841925554178
198793842684731393
198793842747637760
198793842495979521
198793842831540224
198793843628453889
198793842990907393
198793843762659328
198793843842367488
198793843636834304
198793844400209921
198793843955609600
198793844773498880
198793843171262465
198793844941275136
198793845989838848
198793846392500226
198793845901754368
198793846371516416
198793846195367937
198793847239737348
198793847864688640
198793848862945281
198793848850354176
198793848242176000
198793849865371649
198793850414837760
198793850595192835
198793851614400513
198793852109336577
198793852172247040
198793850985263104
198793852944007168
198793852725886977
198793853195653120
198793852746862592
198793853648646144
198793854290370563
198793854961459201
198793855116652544
198793855636746240
198793855397675008
198793855724818433
198793855745794048
198793856387514369
198793856496566272
198793856618201089
198793856681115649
198793857096359937
198793857704534017
198793857951997952
198793858149134337
198793859201892352
198793859319341057
198793860468588544
198793861697519616
198793861269692417
198793862502825984
198793863199068160
198793863618494464
198793863559778305
198793864377663490
198793864562212864
198793865124253700
198793865208139778
198793865438834688
198793865279455232
198793866277687299
198793866588073985
198793867213012994
198793867317870592
198793867821199360
198793866730676225
198793869092077569
198793869150797824
198793870362947584
198793871017259009
198793871289888768
198793871898058754
198793872007106561
198793873697411075
198793873709989888
198793873957457920
198793874158792705
198793875056373760
198793874892783616
198793877233205248
198793877971415040
198793877564571648
198793878747365379
198793879791730688
198793879946936320
198793880601243648
198793881020665857
198793881377177602
198793882010533889
198793881809190912
198793882861973505
198793882438336512
198793882849390593
198793883809882112
198793884732624896
198793884850073600
198793886011883520
198793885974147072
198793884715855872
198793886955610112
198793886410342401
198793887907717121
198793887836422144
198793887140163585
198793888050323456
198793888167772160
198793888411033601
198793887832211458
198793888591380480
198793888645914625
198793888717209602
198793889409273856
198793890281693185
198793891007307776
198793892102017025
198793892437565442
198793892458528770
198793892429185028
198793892596953088
198793892911513600
198793893393858560
198793893913952258
198793894006235136
198793893989453824
198793894790565889
198793895734292483
198793894991904771
198793896283734016
198793896757690368
198793897617522688
198793895369375745
198793898812915713
198793898934550529
198793899005849600
198793900293505024
198793900222189570
198793900746485760
198793901023301633
198793900511592448
198793900377382913
198793901694394368
198793901774082048
198793901325291525
198793901593739264
198793902386458626
198793902122209280
198793902403235841
198793903544086529
198793902331924481
198793904391335937
198793904273891328
198793905741893633
198793906756915200
198793907599982594
198793907432206336
198793907092463616
198793907520282625
198793908665335808
198793909252538368
198793910213021697
198793910485647360
198793910779248641
198793910716350466
198793911999791104
198793912708628481
198793913362948096
198793915208433666
198793915309096960
198793914352803841
198793915795636224
198793915392995329
198793917066514432
198793917800517632
198793917708255232
198793917800513536
198793918731649024
198793919205605376
198793919788613633
198793919893471232
198793920866557952
198793920392609792
198793920828801024
198793922980487170
198793922963701761
198793923244732417
198793924507205633
198793924221997060
198793925140545536
198793925098618880
198793925245415424
