198802985684439040
198802985730584576
198802986917568513
198802987404099584
198802986556854273
198802986976288768
198802989186691072
198802989165711360
198802989564182528
198802990063288322
198802990822469632
198802991439036416
198802989954240512
198802990730190849
198802991837495296
198802991921381377
198802992542121984
198802994119180288
198802991329980418
198802993011888128
198802994815434753
198802994823839745
198802995427819521
198802995461373953
198802995314573312
198802996652552193
198802997218787328
198802996916789249
198802997101334529
198802997696925696
198802996799352833
198802997780824064
198802998980395009
198803000184147970
198803000150589440
198803000003788800
198803000054120450
198803002205802496
198803003619291136
198803003648651265
198803004097445889
198803003900305408
198803005775163395
198803006228140033
198803006035197953
198803007012470784
198803007452880897
198803006572085249
198803006953754624
198803007859732480
198803009659080704
198803009709416448
198803010040758273
198803010053357568
198803010380509185
198803010363719680
198803010611187712
198803010682490881
198803010946736131
198803011001262080
198803010640560128
198803011789799424
198803011957563393
198803012024664065
198803011949170689
198803011714293762
198803011361972225
198803012188250112
198803013144555520
198803012234391554
198803013975031808
198803013975019520
198803014214103040
198803014776127491
198803014952288256
198803014629339136
198803015526912000
198803015988297729
198803016982339585
198803017456304129
198803017594703872
198803017804427266
198803017980583937
198803017384988673
198803018903334912
198803019016581120
198803019591192576
198803019960287233
198803019553456128
198803020262293504
198803020719468547
198803021092761600
198803020711079937
198803020627185665
198803021973565441
198803022170701824
198803022464299009
198803022996975616
198803022711762945
198803024074907648
198803024733417473
198803024758583296
198803025115090944
198803025727455232
198803025253498880
198803025706491904
198803026683764737
198803026717327360
198803027526823936
198803027942064131
198803028000784384
198803029179375616
198803029007417344
198803029888217088
198803029410058241
198803030609629185
198803030752239616
198803031368798208
198803032652263427
198803032958435329
198803033239457793
198803033856020482
198803034334167040
198803036074803200
198803033172348928
198803033512083456
198803037068865537
198803037286965248
198803038012571648
198803037995810816
198803038008393728
198803038713032704
198803038352310272
198803038570426369
198803039790968832
198803040340410371
198803040822755329
198803041112162305
198803041573543936
198803041560965121
198803041338662913
198803041376411648
198803041221226496
198803042701807618
198803043981070336
198803044060770304
198803044094324737
198803046803845120
198803046296322049
198803046942248960
198803046438936577
198803047521058816
198803047105826817
198803047080673280
198803047751749632
198803047990833152
198803048309604352
198803048527704064
198803048787746817
198803049182007296
198803049513357312
198803049744056320
198803049492398082
198803049920212992
198803050842947584
198803048456404992
198803051308531712
198803051723763713
198803051774095360
198803052004769792
198803052399042563
198803052847828993
198803052898160641
198803052944297984
198803053015597056
198803053053349888
198803053967704066
198803054148059136
198803054341001216
198803054546526209
198803054286471168
198803054345191425
198803055070810113
198803055699955713
198803055993556992
198803056702398464
198803057352519683
198803057537060864
198803057646125057
198803058686312449
198803058795360256
198803057423818754
198803059424501761
198803059676164096
198803060825395202
198803061030916096
198803061345492992
198803061551022080
198803056375250944
198803061764927489
198803062498918401
198803062746386432
198803063295848448
198803064944205824
198803065430753280
198803065812426753
198803066781302784
198803066672263171
198803066479329281
198803065665617920
198803066919714816
198803068928802816
198803068798763008
198803069595693058
198803070132563970
198803070690406401
198803071319543809
198803071772532736
198803071994839041
198803071596371968
198803072607203328
198803073362178048
198803073311842304
198803074024869889
198803074716938240
198803074217816066
198803075132162048
198803074867933184
198803075350274051
198803074951806976
198803076587585536
198803076524679169
198803077879431168
198803077300633600
198803077631967234
198803078160457728
198803078370181122
198803078877691905
198803076369485825
198803079511019521
198803079225806849
198803080408612864
198803080509267969
198803080597340160
198803081071300608
198803081264242689
198803081356509186
198803081603985409
198803081901776896
198803082287652864
198803082262495233
198803083084562432
198803082505752576
198803084401586176
198803084372226048
198803085068472320
198803086108667906
198803086637154304
198803086653931522
198803087752835072
198803089266966530
198803089405390848
198803090080673792
198803090223284224
198803087270494208
198803087811559424
198803090525265920
198803090709807104
198803090906947586
198803091485769729
198803091951321088
198803092043608065
198803091750006784
198803092018438144
198803093071216642
198803092903444481
198803093155090433
198803093373194243
198803094711177216
198803095604576257
198803095151579138
198803096271466496
198803096279855104
198803096481177600
198803096191774721
198803096992882689
198803096908988416
198803097085157378
198803094895738882
198803097517170689
198803097307447297
198803097865293825
198803097143877632
198803098762874880
198803098410565633
198803098993565696
198803098112757761
198803098267942912
198803100176355328
198803102319640576
198803101854076930
198803103192064001
198803103284334592
198803103552770053
198803103699582976
198803103766679553
198803104324521984
198803104555212803
198803104706207744
198803104341307392
198803105154998272
198803105729622016
198803106199388161
198803106178412544
198803106472009728
198803106656559104
198803106765615105
198803107172454400
198803105784152066
198803107491233795
198803107424108544
198803107772243968
198803107675783170
198803107851927553
198803109307363330
198803109785509888
198803110158794753
198803109068279809
198803111337398272
198803111417085953
198803112725721088
198803113019310080
198803113031897088
198803113082228736
198803113195470850
198803113103196160
198803113203863552
198803113535225857
198803114487316480
198803114642505730
198803114734784513
198803114873196545
198803113333882880
198803115405873154
198803115313606657
198803116576092160
198803117079412738
198803117213622272
198803116815171584
198803117951827968
198803118023114754
198803118601940992
198803117926662145
198803118920695808
198803119176564736
198803119734407170
198803120451616769
198803120690700289
198803120724246528
198803120648757250
198803121554726912
198803121516974080
198803121999323136
198803122481659904
198803123580567552
198803123396030464
198803124457181186
198803117595312129
198803125035995137
198803124100673536
198803124620767233
198803125354762240
198803121235959809
198803121873498112
198803126319448065
198803126646603776
198803127200268288
198803127506440193
198803127607107585
198803127816814593
198803129272246277
198803126977966080
198803129301606400
198803130668945408
198803131092566016
198803130459230208
198803130983530497
198803131126124545
198803131587497986
198803131436511232
198803129729429507
198803132543807488
198803132363448321
198803133445578753
198803133508485120
198803134154420224
198803134544478208
198803134439632896
198803134766784513
198803134024396800
198803135362375680
198803134770970626
198803135920222208
198803135895060480
198803136754880513
198803136645824512
198803137354674177
198803137572769792
198803137467916288
198803138118041600
198803138088677378
198803138076090368
198803138717810688
198803138856222720
198803139154022400
198803140462653440
198803140336824320
198803140903059457
198803141410562048
198803142048104449
198803142018727936
198803142111010816
198803142413008896
198803142341697537
198803142584963074
198803142857605120
198803143155400704
198803143478358019
198803141838376961
198803143960698881
198803144338178051
198803144266874880
198803144707276800
198803145852321792
198803146523418624
198803146582134784
198803147207081984
198803144182996996
198803147085447170
198803147311955968
198803146338873344
198803148540870658
198803149044199426
198803149002256388
198803148964503553
198803148838666240
198803149778198528
198803150256349186
198803150587695104
198803150608674817
198803151825014784
198803151804039168
198803152273817601
198803152311549952
198803152898764800
198803152588390402
198803153859260416
198803153943134208
198803153817321474
198803153544675330
198803153867640832
198803154144468992
198803155415347200
198803155964801025
198803155805421572
198803157319561217
198803158057754627
198803158401687552
198803159081160704
198803157822873600
198803159488008193
198803158913392642
198803158615601153
198803159836135424
198803159630610432
198803160121360386
198803160654032898
198803161950076930
198803161929101312
198803162386272256
198803162759577600
198803162298200065
198803160511414272
198803162931539969
198803164076572672
198803164110135296
198803164747669505
198803158468792320
198803165167108097
198803164554727424
198803166274396160
198803166723178496
198803166119215104
198803167012593665
198803166358274048
198803167171977217
198803167205535746
198803167297814528
198803167914364930
198803167956307971
198803168421883904
198803168698695681
198803168723865601
198803168895844352
198803168040198144
198803168862273536
198803168182804484
198803169139109888
198803169210413056
198803166425387009
198803170623885313
198803170825207809
198803170506457090
198803171290783744
198803171596959744
198803171462758400
198803170867154944
198803172893016064
198803173144662016
198803173631209473
198803173744455680
198803174092570627
198803174197436421
198803174109360129
198803173861896192
198803175178895360
198803175220842496
198803175921287170
198803175598325760
198803176609157120
198803176395243520
198803176684666880
198803176978264064
198803176705626112
198803177368334338
198803177632575490
198803177364131840
198803177758404609
198803177821315073
198803178630811650
198803177808732160
198803178488217601
198803179352227841
198803179687776256
198803179763273728
198803179662614528
198803179884908544
198803180790882305
198803181067702272
198803180371460098
198803181323550720
198803181151592450
198803181923352577
198803182472806401
198803182728642563
198803182904807424
198803183039025152
198803183072587776
198803182976114688
198803183043219456
198803184423149568
198803183466848257
198803183559114752
198803181705244672
198803184297320450
198803184314089472
198803184976801792
198803185530445825
198803185484300289
198803185702412288
198803186394464258
198803187199774720
198803186797125632
198803187443052547
198803187434663936
198803188013469698
198803188130922496
198803187795365888
198803188848136195
198803189083025408
198803189347266562
198803189401784321
198803189624078336
198803189968019456
198803190890762241
198803190890762242
198803191041769472
198803190777516033
198803190907547648
198803191624761344
198803191691878401
198803192413302785
198803192790781955
198803193029861378
198803194078429184
198803194917294080
198803194640482304
198803195030536193
198803195206709249
198803195420610561
198803196293033984
198803196414660608
198803196469186561
198803196766982145
198803197941387265
198803197702307840
198803198302105600
198803199598149632
198803199652667393
198803200252444673
198803200785125376
198803200982257665
198803201603022850
198803201582051328
198803201900810242
198803202571902976
198803202802585600
198803203091988482
198803202689343488
198803202974560256
198803203473670144
198803204262199296
198803203779854336
198803204627107841
198803204698419202
198803204497092608
198803205205925888
198803205243682816
198803205424033793
198803205738598400
198803205570838529
198803206036398080
198803206229340161
198803201800146944
198803206493577218
198803206829129729
198803207835750400
198803208804630528
198803209408622593
198803209584787456
198803209794502657
198803207835762688
198803210130034690
198803209698025474
198803210494939136
198803208481673216
198803210960510977
198803210956312576
198803210503323648
198803211145060352
198803211069562882
198803211539329025
198803211921010690
198803211308642305
198803212973768704
198803213493862400
198803213594542082
198803213711970304
198803213401587713
198803213938462720
198803213879738368
198803214282407937
198803215372918784
198803215150616578
198803215762997248
198803215792357376
198803215867846657
198803215595216898
198803216174030849
198803216803176448
198803217520410624
198803217386192896
198803217973391361
198803217432330242
198803218229239810
198803218438950913
198803218342481923
198803218518646785
198803218128572416
198803218250211328
198803217314885633
198803218959040513
198803218623512577
198803218816446468
198803219504308225
198803219768549376
198803219919552513
198803220494168064
198803220968116225
198803221295271936
198803221446275074
198803222121545728
198803222180274177
198803222293524480
198803222528409601
198803222515814400
198803222553563136
198803222612283392
198803222352232449
198803221760843776
198803223035920384
198803223354679296
198803223463735296
198803222662623234
198803222876524544
198803223702798336
198803223845421056
198803224151601152
198803224541663232
198803224675876866
198803224252260352
198803224113844224
198803224646520833
198803224092880896
198803224990457857
198803225145655297
198803225321803777
198803225812537346
198803225309229056
198803226018054144
198803226462662657
198803226496208896
198803225900621826
198803226353606657
198803226257137664
198803226689146881
198803226718502914
198803227381215232
198803227368620033
198803227041476608
198803227586727937
198803227980996609
198803228148768768
198803228689829888
198803228790489088
198803228761128962
198803228073275392
198803229532884993
198803229587415042
198803229881024514
198803230032011267
198803231051223041
198803231160279040
198803231198019585
198803231323848705
198803231986565122
198803232678608896
198803232959631360
198803232636682241
198803232762499073
198803233358098433
198803234226311169
198803234423451648
198803234834497538
198803235472031744
198803235262316544
198803236025675776
198803236864536577
