198810535456817152
198810535742013440
198810535662325760
198810535687495680
198810536337612800
198810536647995392
198810536186621952
198810536870293504
198810537059033088
198810534244651008
198810537344253952
198810537495240704
198810537742700544
198810537998557184
198810538124378112
198810538363465729
198810538459930627
198810538417987584
198810538787082240
198810539282010114
198810539063902208
198810538933895168
198810540032798722
198810539823079424
198810540003426304
198810540234117121
198810539684675584
198810539957305344
198810540460613633
198810541018447873
198810538778697729
198810541286883328
198810540737445888
198810541517574145
198810541790208000
198810541991534592
198810541911851009
198810541312065537
198810541232365568
198810542528397313
198810542679396353
198810541567909888
198810543480512512
198810543623110657
198810543375650816
198810542805237761
198810543505674243
198810543627309057
198810544092880898
198810542985576448
198810544105455618
198810544961105920
198810545518944256
198810545271488512
198810545921593344
198810545762222080
198810546215202816
198810545904828418
198810544675889152
198810546278109188
198810545909018624
198810547158913026
198810547658039297
198810547490267136
198810547775471618
198810547586732033
198810548245233665
198810547850977280
198810548605943808
198810548576587776
198810547536404481
198810549121855492
198810549163794432
198810549134434305
198810549990072320
198810549922959360
198810550086533122
198810549423833088
198810550598254593
198810548580794369
198810550354984960
198810551009292290
198810550816350208
198810550581460993
198810550807953410
198810551508406272
198810551088988160
198810551428718592
198810551848148992
198810551873323012
198810552150138884
198810552447942657
198810552506646529
198810553341321216
198810554138230784
198810554226315264
198810554201149440
198810554566066176
198810554452803584
198810555056787460
198810555409117185
198810555400716288
198810555694333953
198810555723689984
198810555694329856
198810555329421314
198810556243779584
198810556587712512
198810556558360578
198810556814196738
198810557233627138
198810557783080961
198810558311571456
198810558340939777
198810558559027200
198810559284641794
198810559192367105
198810558559039489
198810559272062976
198810559922188289
198810560240955393
198810559834112001
198810560740077569
198810560387756033
198810560689745922
198810560081571840
198810561142722560
198810560912039937
198810561310502913
198810562421985280
198810560396132353
198810561851568128
198810562640097280
198810562849808385
198810563034357761
198810563378290690
198810563143413760
198810563743191040
198810563608973315
198810564342988800
198810564481396736
198810564166815744
198810564955340801
198810565047627776
198810565022453760
198810564959539200
198810565697740800
198810565068603393
198810565328646144
198810565899067392
198810566154928128
198810566175899648
198810565349609472
198810566310109184
198810566410776577
198810565232168960
198810566859554816
198810567186722816
198810567123800064
198810567459352576
198810567589367808
198810567245447168
198810567903948801
198810568134623232
198810567417405440
198810568080109571
198810569757835264
198810569808154624
198810569753632770
198810570621853696
198810570911260673
198810570978365442
198810571070644226
198810571179687936
198810570835759104
198810571192274947
198810571028705280
198810571578159105
198810571636871169
198810571989196800
198810572182142976
198810572391849984
198810572551225344
198810572479930372
198810573574635521
198810572974854145
198810573352349698
198810573373325314
198810573851463680
198810573268463617
198810573352345600
198810573658525697
198810573809528833
198810573947932672
198810573922766849
198810574040211456
198810574107324418
198810573939544065
198810574409318401
198810573775970306
198810574707097600
198810574317039616
198810574925217792
198810575332061184
198810575126528000
198810575474671616
198810575520792576
198810575520792577
198810575738904576
198810575248175105
198810575789232128
198810575717941248
198810576145756160
198810576355471360
198810577185947648
198810577429209088
198810577475354625
198810577018171392
198810577613754368
198810578427457536
198810578616205313
198810578775584768
198810578888835072
198810578989481984
198810579031429120
198810578687492097
198810579027234816
198810579169845249
198810579396337664
198810579534749697
198810579543146496
198810579769626624
198810580038070272
198810579723489280
198810580163887104
198810580096790530
198810580562362368
198810580646248449
198810580574928896
198810581136969731
198810581535440897
198810581594152960
198810581581574144
198810581673844738
198810581241835520
198810581719973888
198810581875175424
198810581912915970
198810582755966976
198810583057969152
198810582340743168
198810583645175808
198810584161075201
198810583800365056
198810583515136000
198810584119119873
198810584882483200
198810584454676480
198810584886685696
198810585352249344
198810585377406976
198810585612292098
198810585398386689
198810586128199682
198810586723786752
198810586220462080
198810587290021889
198810587252260865
198810587285815296
198810587680079872
198810589408141312
198810589353607168
198810589479440384
198810589437493250
198810589689163778
198810589345230848
198810590137946112
198810589953400832
198810590129561600
198810590741921792
198810588648972289
198810591740174337
198810591639506945
198810591232655360
198810591501103104
198810592209940481
198810591773728768
198810592323182593
198810592499351552
198810592667111425
198810593623416833
198810593770217474
198810594688778242
198810594000904195
198810594688770048
198810594470666241
198810594957197312
198810595028508672
198810595171106816
198810595481493504
198810596030947330
198810595900915713
198810595536019458
198810595888336896
198810596731404289
198810596710432768
198810597029195777
198810597004029954
198810596488126464
198810597561860097
198810597385699328
198810597536698368
198810597352157188
198810598006472704
198810598086164480
198810598069379073
198810597742231554
198810598216171521
198810597767385088
198810598593662976
198810598866292736
198810599055032321
198810598211985409
198810597448630272
198810599457697793
198810599919063041
198810600028123136
198810600468520960
198810600434970627
198810600464322561
198810600564981762
198810600892141568
198810600866975745
198810600820850688
198810601265434625
198810600732753920
198810601517088769
198810601693261824
198810601034747905
198810602314006529
198810602368540674
198810599172481024
198810601953300480
198810602179788800
198810602813145088
198810603362598912
198810603387756544
198810603505197058
198810602796359680
198810603832344576
198810603807191041
198810604457308162
198810604549574656
198810604130148353
198810604922867714
198810605027721217
198810605333921792
198810605195501569
198810605526855681
198810605438771200
198810605849821184
198810606193745920
198810606399266816
198810607552708608
198810607208763392
198810607644966912
198810607493976065
198810607594647553
198810607384932352
198810607728861185
198810608358006784
198810609066844161
198810609389797376
198810608941010946
198810609662435329
198810609771483137
198810609763106817
198810609826004992
198810609914101760
198810610488705024
198810610585178112
198810610618744834
198810610769723392
198810610262216704
198810610916528128
198810610992021504
198810611033980928
198810611289829376
198810611730227200
198810612271284224
198810611465994240
198810612803960832
198810612829134850
198810612950765568
198810612925607938
198810614070657024
198810614141947905
198810614452334592
198810614490071040
198810615161167873
198810615207301121
198810615228276740
198810615278604288
198810615903559680
198810615907758081
198810616130060288
198810616310411265
198810616947937282
198810616805343232
198810616838897664
198810617166049281
198810616629182464
198810617103138818
198810618566946816
198810617958760450
198810619078647808
198810618923462656
198810619221262337
198810619556798464
198810620034945024
198810620529881088
198810620387262464
198810620601171969
198810620613771264
198810620534063105
198810621041590275
198810620659892225
198810620584411136
198810621305815040
198810621855285249
198810622329229312
198810622299873282
198810622819975168
198810622840938496
198810623126147074
198810623117758465
198810623390396416
198810623528812544
198810623533006848
198810623033876482
198810624367669248
198810624531251200
198810625021968384
198810625047138306
198810625886011394
198810625579823104
198810626234122240
198810626397708288
198810627194621953
198810627395944448
198810627668574209
198810626733260800
198810628679413760
198810629254029313
198810629572800514
198810630176776192
198810630344544257
198810630348746752
198810630361317376
198810630424248320
198810630608793601
198810630944342017
198810631284076545
198810631363772416
198810631443447810
198810631380545536
198810631703498754
198810632332648449
198810632705933312
198810633012133890
198810633188282368
198810633473490945
198810632865316864
198810633637081088
198810633733554176
198810634555637762
198810634983444480
198810635126050816
198810635138641921
198810634517876736
198810634698227715
198810635495149568
198810635759398912
198810635801341953
198810635973300225
198810636145266688
198810636753436675
198810636996722690
198810637034471425
198810637470662657
198810637902675968
198810637676191744
198810638473117698
198810638640877571
198810638875754496
198810638913515520
198810638875766784
198810638426980353
198810639567826945
198810639702048769
198810640482172930
198810640582844417
198810640570257408
198810640331190273
198810640998080512
198810640905797633
198810641530757121
198810641954385921
198810642189258752
198810641895657473
198810642344443904
198810641572708352
198810642575138817
198810642608685058
198810642935853056
198810643883753472
198810643397222401
198810643690815490
198810643971846145
198810644781338624
198810644751978497
198810644991057921
198810645326610433
198810646077386752
198810646496808960
198810645897027584
198810647176298496
198810647121772545
198810647461494784
198810647876734976
198810647767691265
198810648086446081
198810647767687168
198810648308756481
198810647910297600
198810648543629313
198810647461507072
198810649072119808
198810649244090368
198810649286033409
198810649181167616
198810649797738496
198810650204569602
198810650200375296
198810650154237953
198810650871472129
198810651160875008
198810651651608576
198810651773243393
198810652024897537
198810652087820288
198810652725350401
198810652536602625
198810653203509248
198810654130450432
198810654470180864
198810654524719105
198810653916528641
198810654612799488
198810654939938816
198810655317442560
198810653241253888
198810655946579968
198810656265347072
198810654516322304
198810656676392960
198810656596697089
198810657192288256
198810657146150914
198810657255202817
198810657393606657
198810657867575296
198810657896927233
198810657913708544
198810657880150017
198810658400239616
198810658752561152
198810659000033280
198810658664488960
198810659209748481
198810659700477953
198810660006670337
198810659809529856
198810660287676416
198810660895858688
198810660916838400
198810661164285954
198810660635811841
198810661332058112
198810661072019457
198810662091227138
198810662275776513
198810662409994240
198810662951071744
198810663462772740
198810663659900928
198810663563427841
198810664209350656
198810664616202240
198810664645570561
198810664804941824
198810664934981632
198810665157275649
198810665085960192
198810665354407936
198810665467650048
198810666197463040
198810665807388672
198810665819963392
198810666499444736
198810666256183298
198810666952429568
198810667287977984
198810667313139713
198810667271208960
198810667254415360
198810667195711488
198810667338309632
198810667325726720
198810667527045120
198810668621766657
198810668336549888
198810668877615106
198810668349136896
198810668902793218
198810669137670145
198810669284462592
198810669414498304
198810669385121794
198810669766815745
198810669812948992
198810670060417025
198810669808758785
198810670945402880
198810670991540226
198810670706335745
198810670656004096
198810671721361408
198810672262430720
198810672371482625
198810672602165248
198810673294217216
198810673382305792
198810673491345408
198810673537486850
198810673155817472
198810673713651712
198810673894010880
198810674267299840
198810674665758721
198810674674139136
198810674883854336
198810674963558401
198810675076808705
198810675362013184
198810675617861633
198810675609481216
198810676003733504
198810675991158784
198810676028907521
198810676725161984
198810676729360384
198810677375287297
198810677782122497
198810678197354496
198810677828263937
198810678071533568
198810678469996544
198810678117675008
198810678641954816
198810678415474690
198810678822309889
198810679124299778
198810678948139008
198810680437129216
198810680672002048
198810680793645059
198810680919470082
198810680172875776
198810680885903360
198810681145962497
198810681942880256
198810682026754048
198810682223886337
198810682337148928
198810681867386880
198810682156793856
198810682433605632
198810683012427778
198810683230523392
198810683066941440
198810683545104384
198810683742228480
198810683771584512
198810683410890752
198810683159228416
198810683431862273
198810683872260097
198810684157460480
198810684379758593
198810684224573440
198810684446867458
198810685071831040
198810685008904192
198810684610461699
198810685361233922
198810685432532993
198810685503848448
198810685415768066
198810686057496576
198810686128787456
198810686770511872
198810686795685891
198810686799876098
198810686904729602
198810687307399168
198810686594363393
198810687970091008
198810687835881472
198810688314015745
198810688532127745
198810688917995520
198810689211604995
198810689228378114
198810687873613824
198810689433911296
198810688771198976
198810689425518594
198810689245151233
198810689652015105
198810689211609088
198810689631043584
198810690146938881
198810690117574659
198810690100797440
198810690285346818
198810690255978497
198810690289549314
198810691191312385
198810691346513920
198810691791093761
198810692319576064
198810692340559873
198810691996618752
198810692495736832
198810692156014593
198810693028425728
198810693426888705
198810693288472578
198810693380739073
198810694366408706
198810695041687552
198810694706135040
198810694848753664
198810694974586881
198810695477899264
198810695914102784
198810696245456896
198810696320954368
198810696203505664
198810696262230016
198810696400642048
198810696706822144
198810696815869953
198810697314992129
198810697373712384
198810697369534464
198810697881223168
198810697616990210
198810698258722817
198810698338406401
198810698606837760
198810698954981378
198810698984333312
198810698627817473
198810699928047616
198810701152784385
198810701089869824
198810701458980865
198810701219893250
198810701698056192
198810701572227074
198810702784372736
198810702444625920
198810702624985090
198810702889238528
198810703396749312
198810703606464514
198810703681957888
198810704004923393
198810704009109504
198810703979749376
198810704747298816
198810705250619393
198810705175121920
198810705804271616
198810705296764928
198810706215313408
198810705900732416
198810706089476096
198810706806706176
198810705292570625
198810706739601408
198810707167416321
198810706529890304
198810707368751104
198810707276480512
198810707033194496
198810707154841600
198810707763019776
198810707872071680
198810708023058432
198810708157267968
198810708111134722
198810708387966977
198810708497006594
198810708694142978
198810708266332160
198810708421517315
198810708958396416
198810708572512256
198810708815777792
198810709298118656
198810709499453441
198810710132793344
198810707188387840
198810710397038592
198810710069870596
198810710199906304
198810710837436416
198810711034564608
198810710887768064
198810711063932928
198810711038771200
198810711252680705
198810711722442752
198810711621767168
198810711638552577
198810712196386817
198810712334811136
198810712204779521
198810712708100097
198810712750034945
198810712624218113
198810712976539648
198810713114951681
198810713156894720
198810713052028929
198810712930385920
198810713744084992
198810713664389120
198810714578747392
198810714025103361
198810714826211328
198810714918502402
198810714809434113
198810714947862529
198810715019165696
198810715807682561
198810715572809728
198810716583624704
198810716441026562
198810716642349056
198810716818522113
198810717019844608
198810717804183552
198810718022275075
198810718169083905
198810718362017793
198810717783203840
198810718055825414
198810718865334272
198810718559150080
198810719632883712
198810719972634625
198810719456727040
198810719637094400
198810720320761857
198810720232681473
198810720320761856
198810720475942913
198810721310617600
198810721352548352
198810721335771136
198810720635330561
198810721453215746
198810721579044864
198810721650356224
198810721759408128
198810721843294209
198810721998475266
198810722220773377
198810722191413249
198810721973309440
198810722069774337
198810722354995200
198810722602463232
198810722703118336
198810722623438849
198810722816372736
198810723227410433
198810723000913920
198810723781062657
198810724716396545
198810724485705729
198810725240684544
198810725236490242
198810725421039618
198810725626560512
198810725739794432
198810725957898243
198810726071156737
198810726171820033
198810726079541250
198810726159228928
198810726729646080
198810727006474240
198810726868062210
198810726821937153
198810727161659392
198810727719514112
198810728172490754
198810728466087936
198810728185081856
198810729162346496
198810729393029126
198810729564995584
198810729250422785
198810725089673216
198810730181562370
198810730319978496
198810730596794368
198810730240290816
198810730701651968
198810731246923776
198810731095920641
198810731871862784
198810731842502656
198810732148690944
198810731527929857
198810731678932992
198810732387766272
198810732123521024
198810732517793793
198810733054656512
198810733574762497
198810734082277379
198810734908555265
198810734350708736
198810735265058816
198810735097286656
198810735416049666
198810734820466689
198810735634161665
198810735818706944
198810735831302145
198810736426893313
198810733088210944
198810736573693952
198810737202831360
198810736460435458
198810737836175360
198810734862417921
198810738876358656
198810738746343424
198810738935070723
198810739526483968
198810739350319104
198810735315398656
198810740088516608
198810740067549185
198810740382117889
198810739874611203
198810739866210304
198810741061591041
198810740977704960
198810741426499585
198810741745254401
198810741514575872
198810742013689858
198810741866901504
198810742315692032
198810742361825280
198810742366023680
198810742676389890
198810742546374659
198810742919667712
198810742982574081
198810743066464257
198810742466678784
198810743146160130
198810742970007553
198810743200677888
198810744136015872
198810744580612097
198810744601587712
198810744312184832
198810742043054080
198810744547057665
198810744786128897
198810745478184961
198810745633386496
198810745406885888
198810745775992836
198810746245750785
198810745654362113
198810746426097666
198810746849726464
198810747269160963
198810747034279936
198810747562770433
198810747910889472
198810748116410368
198810747508244480
198810748183515137
198810748208689152
198810747667615745
198810749148217344
198810749001416704
198810749496328194
198810749555048449
198810749857038337
198810750041595904
198810749924151297
198810749982879744
198810750473617408
198810750771404800
198810751052427264
198810750708486144
198810751673176064
198810751857729536
198810752587538432
198810752717570049
198810753300561921
198810751828361217
198810753577385984
198810753573191683
198810752436539392
198810754340765696
198810754470776834
198810754948931584
198810754558861312
198810754906984450
198810755473227776
198810754944729089
198810755737464832
198810755867492353
198810755812962304
198810755364175872
198810755909435392
198810755515166720
198810757054464000
198810757310316545
198810757339688961
198810758023356416
198810757180309505
198810758329548800
198810758082076672
198810758656704514
198810758954483712
198810759587835905
198810759730438144
198810756878311426
198810759529103360
198810760267317248
198810759805939712
198810761060024320
198810761307496449
198810761538187265
198810761433317376
198810761810812931
198810762033111040
198810762528034816
198810762364465153
198810762494484482
198810762926501888
198810763018764288
198810763308179458
198810763413041152
198810762028920832
198810763362701312
198810763446591491
198810763803107329
198810763916345346
198810764109295618
198810764268679168
198810764239314945
198810765065592832
198810765396942848
198810765329825792
198810761764667392
198810765812174848
198810766260961282
198810766726533121
198810766785257472
198810765900251137
198810766965620738
198810765602459649
198810767355682818
198810766940454912
198810767280185347
198810767380852737
198810767678648322
198810767728984064
198810766814625792
198810768567836674
198810769083731969
198810769096318976
198810769268285441
198810769196978177
198810770069405696
198810770245558274
198810770585292800
198810770895675393
198810770920849408
198810771407376385
198810771344470016
198810771306708992
198810771508051971
198810772078469121
198810771340275712
198810772778917889
198810773131247616
198810773571641345
198810773571645441
198810773538095106
198810773831688192
198810774129487872
198810774209183747
198810774163038210
198810774611824640
198810775152889857
198810774993510401
198810775551352833
198810774985129984
198810775752687617
198810775945625601
198810776113393664
198810775924649984
198810775874306049
198810777166151681
198810775266136065
198810777275215874
198810777359089664
198810777535262721
198810777694650369
198810777744982018
198810778055360512
198810778151829505
198810778005012480
198810778588033024
198810778873241602
198810779020034048
198810779192000513
198810779473035264
198810779112316929
198810779640795138
198810779783413760
198810780009889793
198810779275886592
198810780047650816
198810780345434114
198810780366409729
198810780639051776
198810781356265474
198810781326909440
198810781360455680
198810781888954368
198810782195138561
198810782568431616
198810782698450944
198810781087830016
198810783256293379
198810783663140864
198810783658946560
198810784053211138
198810783499567105
198810784883683328
198810784908853248
198810785286332417
198810785823199232
198810786049703936
198810785634455552
198810786372648960
198810786343301120
198810786704011264
198810786586566658
198810785546383360
