198789901024632834
198789902190649344
198789903235026945
198789903671242754
198789905101504513
198789904346521601
198789905239916544
198789906003271680
198789904581402624
198789906686943233
198789906808569856
198789907970404352
198789908201078785
198789909216108544
198789908461137921
198789909203529728
198789909178359808
198789909325160448
198789909849444353
198789911082582016
198789911766249473
198789911938220032
198789912844177408
198789913452347393
198789914991673346
198789916006690818
198789916036038657
198789916539363329
198789917877338117
198789918288388096
198789919236304899
198789920549113856
198789921983569920
198789924416266246
198789924206542848
198789924244307968
198789925531959299
198789928358920192
198789925720690688
198789931223613440
198789932469334017
198789931877924864
198789933631156224
198789933945733120
198789934163828736
198789934704889857
198789934771998720
198789935443083267
198789935367593984
198789935740882947
198789937192124417
198789939708694528
198789939717095424
198789940165881857
198789939708694529
198789940719525890
198789941453533184
198789943227719682
198789943265472513
198789943592624128
198789943932362752
198789944070770688
198789943416463360
198789944360173568
198789944284680193
198789946830622720
198789947078094849
198789949070393344
198789950697775104
198789951171739649
198789949162668038
198789951779909632
198789951289176066
198789951935094784
198789953138864129
198789953491189762
198789956049711105
198789956058099712
198789956381052929
198789956683051009
198789957261860864
198789957458984962
198789957484158976
198789958067175426
198789957891010561
198789959073800193
198789959103160320
198789959946219520
198789960059469827
198789960285945857
198789962169204736
198789962370523137
198789962529906688
198789963347800064
198789964538978305
198789965373636609
198789967210754049
198789967441432576
198789967902810113
198789967265275904
198789969538596864
198789970054496256
198789971031764992
198789972462014464
198789973309276161
198789973766443008
198789973955198977
198789973237968896
198789973833555969
198789974605303811
198789974806638592
198789976224313345
198789977147052033
198789978149502976
198789979156119552
198789979508441088
198789979709771777
198789981102288897
198789979890135041
198789981165199360
198789981920182272
198789982549311488
198789982956167169
198789982431887362
198789984424169473
198789983698558976
198789985023950849
198789985913143299
198789986034778113
198789985183346688
198789989415395328
198789991969726465
198789992095555586
198789993274159104
198789994603753472
198789996432457729
198789997527183360
198789998563180544
198789998915502081
198790002019270656
198790002866528256
198790003336298500
198790003789283328
198790004217094144
198790004393254913
198790004888174593
198790005106294784
198790006473625600
198790006100332545
198790009166372866
198790013121609728
198790014195343360
198790014753181697
198790014203731968
198790015105515520
198790014874828800
198790015650762753
198790015378145280
198790016057618432
198790018968453120
198790018658074625
198790019949936640
198790021392773120
198790023229870080
198790022986604545
198790023653507073
198790023468941312
198790024320393216
198790025482215424
198790025360572417
198790027101208576
198790027885551618
198790028569231361
198790028644720641
198790028736987137
198790029877837824
198790030112718849
198790029642960896
198790030595080192
198790029911396352
198790031027081216
198790030536359936
198790032004358145
198790032209874945
198790032507670528
198790033447190528
198790034487394304
198790031136129025
198790030553133056
198790035221393408
198790036458700801
198790036160921600
198790037628915713
198790038681694208
198790037637304320
198790038950133760
198790040103550979
198790041198272513
198790042326536192
198790042276216833
198790043136032771
198790044226564096
198790043727437827
198790042423005185
198790045086392320
198790045103165442
198790047225479171
198790047598784513
198790047535861760
198790048471195648
198790050085998592
198790050568351744
198790049624637442
198790051264602113
198790051763724288
198790051793076225
198790052648718336
198790052887797761
198790053827321856
198790054070587393
198790053605023745
198790054246760448
198790058319417344
198790058956959746
198790059770650624
198790059971969026
198790061037334529
198790061356089346
198790061838442496
198790062463401984
198790063843319808
198790065009344512
198790064925450240
198790066930319361
198790067458805763
198790068100546561
198790067479777284
198790068209590272
198790069128134656
198790069790846976
198790069010702339
198790070789087232
198790071669895168
198790074199048192
198790074207436802
198790074635255810
198790074270351361
198790076312993792
198790076933738498
198790078246555649
198790078187839488
198790078816976898
198790079546802180
198790081039966208
198790082281476096
198790081622966273
198790084227645440
198790086014402560
198790081937547265
198790086450626562
198790086454804481
198790088342253568
198790088480661505
198790090334543872
198790090309382145
198790091336974336
198790091353759746
198790091295047680
198790092221988864
198790093979402240
198790095380283393
198790096714088448
198790097146097665
198790099356491776
198790100719648768
198790101269098497
198790101952757760
198790102942629890
198790099880783872
198790103886348288
198790103487881218
198790104364482561
198790105597624322
198790106344206336
198790107883507713
198790108978225153
198790110832099328
198790110995689473
198790111209590786
198790111876489219
198790113692614657
198790113818443779
198790115320004608
198790115592642561
198790116267929601
198790117371031552
198790117354254336
198790119732420608
198790119786950656
198790120051183616
198790119954726912
198790120206376962
198790120520941570
198790120969732097
198790120999108609
198790121552752640
198790121716318210
198790122311909376
198790123058499584
198790123024941056
198790124392296451
198790124794941442
198790125059194881
198790126871130113
198790126577520640
198790127261192192
198790126757883905
198790129551290369
198790129240899587
198790128771153920
198790132852207617
198790133863030784
198790133951115264
198790134655750144
198790135754665984
198790136866156546
198790136614490113
198790138212532226
198790138766168065
198790139068170240
198790140632645632
198790140821377024
198790142562013185
198790143832899584
198790143778357249
198790148824104960
198790146781495297
