198784111521959936
198784112063021056
198784112109170688
198784113988218881
198784114927734784
198784115326193664
198784116219576320
198784118585171969
198784117989572608
198784117884727296
198784117024882688
198784119155597312
198784117624668161
198784120439062529
198784120606834688
198784121403752448
198784121298878465
198784123022749697
198784125220556800
198784125463838721
198784126868918274
198784127430950914
198784126747283456
198784126927634433
198784129632972801
198784130509570048
198784130232762368
198784132300537856
198784133097455617
198784134661931008
198784134703874049
198784135714701312
198784136134135808
198784136771682304
198784140022255616
198784140194217987
198784140403937280
198784141481881600
198784142463340546
198784142215884804
198784142429786114
198784141960024065
198784140357795840
198784144229154817
198784145051234304
198784145483251713
198784148578639875
198784149182623744
198784149157453824
198784149056798720
198784150046642177
198784150273138689
198784150159884288
198784152022163456
198784154417102849
198784155423735810
198784155566354432
198784155453100033
198784156627501059
198784151544004608
198784158275878912
198784158015819776
198784158284267521
198784159827771392
198784159626432513
198784160687595521
198784161111228417
198784161220268032
198784161409015808
198784162168188932
198784162193342464
198784162537287681
198784164235984897
198784164860932097
198784164802215936
198784165515239424
198784167251685380
198784167457193984
198784168379953152
198784169298493441
198784169478860800
198784170921697280
198784173366976514
198784173769625600
198784174004502529
198784172226134017
198784174004510723
198784174918868994
198784175107612672
198784176013586432
198784176399454208
198784176714035201
198784177208954880
198784178077184000
198784179213836290
198784178836357120
198784180199493634
198784180568592385
198784180480520192
198784181105475584
198784181709438976
198784182892240896
198784182288257024
198784183718522881
198784183919853569
198784183429115904
198784180337917952
198784185404637185
198784184733544448
198784185895366657
198784184150523904
198784187220770818
198784186658717696
198784188609073152
198784190160977920
198784189938671617
198784190219685888
198784189456334848
198784192014856193
198784192279085056
198784192191004673
198784193164099586
198784194556604416
198784194816643075
198784195626151937
198784196859269120
198784196938960896
198784198570545152
198784199216480256
198784200617377792
198784203087814656
198784204148969476
198784206036418563
198784207215017984
198784208393609219
198784211975536640
198784213779091456
198784216476033024
198784215934959616
198784217239404544
198784216652185601
198784218644496385
198784219433009152
198784215339384833
198784220569669634
198784220330606593
198784220750024705
198784221345615873
198784221945397248
198784223186919425
198784222654242816
198784223233052672
198784224621371392
198784225468620801
198784225481203712
198784225879666688
198784226068410368
198784226898882560
198784227481894912
198784227267985410
198784227188281344
198784227792257025
198784227620290563
198784229423849472
198784230300463104
198784233215500288
198784233488138240
198784234662543362
198784235438481408
198784234238906369
198784236596113409
198784236436733954
198784236633849856
198784236818403329
198784237766311937
198784237980233728
198784238693257218
198784238433210370
198784238923948033
198784240098349057
198784240710725632
198784241230823424
198784240987537410
198784244594638849
198784244892434432
198784245538369536
198784245903261697
198784247157358592
198784248340160513
198784250479247362
198784250206617602
198784251771109376
198784251548807168
198784252307976192
198784249816547328
198784253771776000
198784254476419073
198784255726338048
198784258368749569
198784258574266368
198784260012916737
198784260600119296
198784261959061504
198784262206529537
198784263095726081
198784263347384320
198784264270118912
198784264748269569
198784265968828424
198784266094645248
198784266878976000
198784268296650753
198784269173276672
198784270477688832
198784271580807168
198784271165566976
198784272692285441
198784273128488961
198784275087228928
198784275104006144
198784278845337601
198784280158154752
198784282674724864
198784283685556225
198784284050460672
198784287976341504
198784287657566208
198784291235299331
198784292065783808
198784292204195841
198784293009502208
198784295412842497
198784296117469184
198784293470867456
198784297304461312
198784297442873344
198784297673568256
198784297526767617
198784298717954051
198784299045109760
198784300169166849
198784304761946113
198784306414485504
198784309648297984
198784309753159680
198784311095328768
198784311875469312
198784312072609792
198784312332660736
198784313213452289
198784313209270272
198784313943277568
198784314668892160
198784314161369088
198784314937319424
198784315428044801
198784315306426368
198784315600011264
198784315600011265
198784317831397376
198784317781061633
198784318401814528
198784318938681344
198784319307792384
198784319836262400
198784318875770880
198784321140686849
198784321337819136
198784322696781825
198784323342696448
198784319966285824
198784324101877761
198784325909610497
198784326165475328
198784325733453825
198784325951561728
198784324621959170
198784327524421632
198784329093087233
198784330334601216
198784333379678209
198784336143716353
198784336160493569
198784336953212930
198784339738247170
198784339650158592
198784340929413121
198784341709565952
198784344091918337
198784345350213633
198784346327490560
198784344763019264
198784346923081728
198784347589971970
198784347568996352
198784348227506176
198784349829738496
198784350546968576
198784353399087104
198784352694435841
198784353831100416
198784354200195072
198784353784963072
198784356062474241
198784356096020480
198784357324951554
198784359220776961
198784360374214656
198784360504246272
198784361221464064
