198795184199303170
198795185319182337
198795186036416513
198795186099322881
198795187537969155
198795187227598849
198795186996912129
198795187537973249
198795189140193281
198795188653658112
198795189173760000
198795190759202817
198795191501590530
198795191753252865
198795192533397504
198795192118161409
198795192499838976
198795193460330496
198795193246416896
198795191409324032
198795193745547264
198795194387283969
198795195087716352
198795194609569793
198795195351961600
198795196081770496
198795195821727745
198795196710920194
198795196559929345
198795196698333184
198795197356851200
198795198334111744
198795198648688640
198795200569688064
198795200980717569
198795201093967873
198795200892641282
198795202754904065
198795203086262273
198795205737070592
198795205246320641
198795205980323840
198795205783191555
198795205929992192
198795205187616770
198795209461596160
198795210032033792
198795209260285952
198795210023641088
198795211869143041
198795212657655808
198795212196294657
198795213290999808
198795213874008064
198795215211991040
198795215438483457
198795217502089216
198795217585967104
198795216856162304
198795218689081344
198795219427274752
198795219871875072
198795219360153602
198795220639432705
198795221595729921
198795223541874688
198795224061976577
198795224259108864
198795224896638977
198795225563529217
198795225798418432
198795226427572224
198795227073486848
198795227409031168
198795227413229569
198795227429994497
198795225290911745
198795227895562240
198795229015453696
198795229086756866
198795226075246593
198795228793159681
198795229204197376
198795230521212928
198795229858496512
198795231053877251
198795231313932289
198795231125192704
198795231666249729
198795230273740800
198795232219893761
198795232345722881
198795233843085314
198795233549488129
198795234644209664
198795233708883968
198795234258329601
198795234979745792
198795235130744832
198795236317724673
198795236422590465
198795236913315840
198795237785743362
198795237852856320
198795238322618368
198795240486875136
198795237475360768
198795241736765440
198795241690632192
198795242219114496
198795243955560450
198795244416929793
198795244500811777
198795244500828161
198795245436145664
198795246107242498
198795246782525440
198795246413430784
198795248628011009
198795249005510656
198795248984522755
198795249261363200
198795249307484162
198795250385428480
198795249588518912
198795250775506945
198795251102662656
198795252201566211
198795251958300673
198795253581479936
198795253153677314
198795254164492288
198795254311288832
198795254130937856
198795254281932800
198795254856552448
198795254583930880
198795251471761408
198795256152588288
198795256081289217
198795256353923072
198795257092128768
198795257008230400
198795256798519297
198795257394110465
198795257326993408
198795256945319937
198795258912456704
198795260564996096
198795261491945472
198795262859296768
198795263345819648
198795264658649088
198795264453128193
198795264637665281
198795265191325697
198795264235024386
198795266948730881
198795267464634368
198795268420931584
198795268173475843
198795269117190144
198795269754720257
198795268882317313
198795270023159808
198795270618759169
198795271151431680
198795271134642178
198795270786514946
198795271126261762
198795271927382016
198795271587639296
198795272531357701
198795273470869506
198795274771103744
198795274934697984
198795274787880960
198795275152797696
198795274863382531
198795274787893248
198795275366699008
198795277170245632
198795276817924096
198795276373336065
198795279686836224
198795280219516929
198795280764772352
198795281083531265
198795278705377281
198795282517999616
198795282564132866
198795283621093377
198795283826610176
198795282715127809
198795285303009280
198795285454000128
198795286032826368
198795285663711232
198795285504339970
198795285386899458
198795287811211264
198795288457129984
198795289321152513
198795289342119936
198795289358893056
198795290717851648
198795291380555777
198795291518971905
198795291602857985
198795289879003136
198795292596912128
198795291686748162
198795293226045442
198795293708386305
198795294618566656
198795295335792640
198795295298027520
198795295839109123
198795292714352640
198795297042866177
198795297281937408
198795296828956672
198795297936248833
198795299140009984
198795299840462848
198795299454590979
198795300624793600
198795300113088513
198795299668500481
198795300817743874
198795300733857793
198795303158169602
198795303212691456
198795303971848192
198795303871184896
198795304005414914
198795305595052032
198795305787998208
198795304823304192
198795306131918848
198795306039656448
198795306089984002
198795306509418497
198795304651333634
198795306375184390
198795306966593537
198795306761068545
198795306807197697
198795307755118594
198795308703031296
198795308128419840
198795308954681345
198795309629972480
198795311840366594
198795313006395392
198795314134654985
198795314239504384
198795314407280644
198795315296481280
198795315917242368
198795316777074690
198795316135337985
198795317070675968
198795317368471552
198795318786146305
198795318291210240
198795319121674241
198795319331401728
198795319755030530
198795320191234048
198795321055256578
198795321038475264
198795320417730561
198795321453715456
198795321436934145
198795319939571712
198795321638260736
198795323009794049
198795323831877633
198795323483766785
198795324695908352
198795323936743425
198795325174054912
198795324012236801
198795324813348864
198795326260387843
198795326583353344
198795326625288192
198795327392841729
198795327015366657
198795327623540737
198795327560626176
198795328139444224
198795328554676225
198795328495943680
198795325530587140
198795328483364865
198795330014281728
198795329246740480
198795330177863680
198795329464832001
198795331163521024
198795331385819136
198795331738140675
198795328575651841
198795332786728960
198795333260689408
198795333696892928
198795334019850240
198795335588524032
198795332728004609
198795335626260482
198795336523849728
198795337295593472
198795338751016960
198795339191431170
198795339292098561
198795339522772993
198795341175324674
198795341229854720
198795341477322752
198795342764965889
198795343972933632
198795344631431168
198795342379106304
198795347273854976
198795347823304704
198795349463281665
198795348448251905
198795349266141185
198795351535267840
198795351027761152
198795351468146689
198795354177675265
198795354404163584
198795353691144192
198795356132220929
198795355905728513
198795356123824129
198795356585197569
198795356643921920
198795357034000386
198795356903968769
198795358640406529
198795358862716929
198795359286345728
198795359709954048
198795360603344897
198795360737558529
198795360620118016
198795361115058177
198795361035370497
198795362625011712
198795363254157312
198795364122374146
198795364818616320
198795365393244160
198795365586182144
198795365762347008
198795365741367296
198795366026592257
198795366018191361
198795366894804992
198795367242932224
198795367528136704
198795367427481600
198795369159725056
198795369855991810
198795369348472832
198795369507860480
198795370577403904
198795370761949184
198795370480943104
198795372271894528
198795372531953664
198795373622476800
198795373681184768
198795373324668930
198795374956253184
198795375795122176
198795375975477248
198795375501512704
198795377699323905
198795378081021952
198795377254731776
198795379217678337
198795381511946241
198795381054771201
198795381369352193
198795382002688002
198795383290331136
198795383583936512
198795383936262144
198795384452157440
198795382925434880
198795385060343808
198795385492357121
198795386285068289
198795387253956609
198795388633886720
198795388407398400
198795387346239488
198795388734550017
198795389367889920
198795389598572544
198795388092821504
198795389451771905
198795390722646017
198795391330824193
198795391108526080
198795393130172418
198795393373442049
198795393314717696
198795394333933569
198795394627538944
198795394556235776
198795396225564674
198795396120719360
198795396577898498
198795396888276993
198795397014106112
198795396959580162
198795398171725825
198795398662471681
198795398020743168
198795399509712896
198795400373735424
198795400604418048
198795400533131264
198795401409724417
198795402194063360
198795401946611713
198795402487676929
198795402819022849
198795403137789952
198795403737567233
198795403032920064
198795404307988480
198795405293662209
198795405968936961
198795406514208769
198795406610661376
198795407520837632
198795408628137984
198795408946892800
198795411002105856
198795410914025472
198795411274743808
198795412163923969
198795412746936320
198795414881828866
198795415439683584
198795415171244034
198795417398427649
198795418010783746
198795417830432768
198795418333741056
198795418337935361
198795418992250882
198795420955189248
198795421538205698
198795421198462977
198795421630464001
198795422557405184
198795421164904448
198795423870234626
198795424658759681
198795424780390400
198795424797171712
198795424717488129
198795423392071680
198795424251912193
198795425979969536
198795425954799616
198795426193883136
198795426881736704
198795426143551488
198795426525220865
198795427540238336
198795427842232320
198795428186165253
198795428815310848
198795427708018688
198795426906914817
198795429608046594
198795429788385281
198795429410902016
198795430669189122
198795433148039168
198795432988639234
198795432514686976
198795433051570177
198795433844285442
198795434657980417
198795434326634496
198795434959970306
198795435316482048
198795435274539009
