198808270582980608
198808270440378371
198808270624931841
198808270708801536
198808270939500544
198808270897545217
198808270973050880
198808271082102784
198808271149211648
198808270981435392
198808271245680640
198808270868189184
198808271287631872
198808271711240193
198808271698669568
198808271950319616
198808271811911681
198808272168431616
198808271270838273
198808272306835456
198808272327811075
198808272407502849
198808272357163008
198808272185200640
198808272411693058
198808272235536385
198808266363518976
198808272373956609
198808270645886977
198808273045032960
198808273246359552
198808272558501888
198808273170874368
198808273388965888
198808272600436737
198808273317662723
198808273514807296
198808273682563072
198808273808408576
198808273514799105
198808273707728896
198808274047471616
198808274047471617
198808274051674112
198808274081030144
198808274269777921
198808274278154241
198808274546589696
198808274013917185
198808274559180800
198808274236227584
198808274009718785
198808271048544257
198808274819219456
198808274785665025
198808274903121921
198808274957639680
198808275066691586
198808275284795394
198808274856976384
198808275708428290
198808274949251076
198808275318358016
198808276144635905
198808276018806786
198808275918143489
198808276501151744
198808276194967553
198808275892961281
198808276283039744
198808275108638721
198808276429836288
198808276907986944
198808275892969475
198808276736032768
198808276190760961
198808275435790336
198808277088350208
198808274802442240
198808277168046080
198808277507784705
198808277398720513
198808277117714432
198808275335122944
198808277809766400
198808275364487169
198808278128525313
198808277541330945
198808278157901824
198808278073999361
198808278094970882
198808277956575232
198808277860098049
198808277532946433
198808278199840768
198808278237577216
198808277864300550
198808278011097089
198808277470019584
198808278145314816
198808278346633216
198808278430523393
198808278392778752
198808278552150016
198808278493442048
198808278313086976
198808278644436993
198808278677983232
198808278447300609
198808278690578432
198808278573133824
198808278636036097
198808278753488896
198808278883512320
198808278958997504
198808276287238144
198808279101612032
198808279227445249
198808279235825664
198808279005147136
198808277751050241
198808279495872512
198808279634296832
198808279361662978
198808279353266177
198808279202267136
198808279953059842
198808280062107650
198808279189692416
198808280125026304
198808281664335873
198808281832099840
198808281987289088
198808281844678656
198808282113114112
198808282150862848
198808281932763137
198808282213785601
198808281744031744
198808282079576065
198808281630773248
198808282356383745
198808282348011522
198808282364772353
198808282452865025
198808282457055233
198808282524155904
198808282591264769
198808282780024834
198808282763239424
198808281303629824
198808282352201728
198808282905845760
198808282905853954
198808282637402113
198808283052638210
198808283065221120
198808282490605568
198808283052654597
198808283186864128
198808283123953664
198808282876485633
198808283253981184
198808283413360640
198808283438530560
198808283484667905
198808283371417600
198808283434323968
198808283396571136
198808283618869248
198808283581132800
198808283576942592
198808283824394241
198808282570301440
198808283941838848
198808283933442048
198808283958624256
198808284147359747
198808284340289538
198808284285775875
198808285887995904
198808285783138305
198808285955112961
198808284952662018
198808286236119041
198808285724418050
198808286353555457
198808286282264576
198808286215143424
198808286512955392
198808285854437376
198808286340972544
198808286504550400
198808286747824130
198808286949158912
198808286433251328
198808285862830081
198808286882041859
198808287112740864
198808287058202624
198808286965927937
198808287066595328
198808287309860864
198808287213400064
198808287259525120
198808287351816192
198808287272108033
198808287372771329
198808287351799809
198808287540547585
198808287448285184
198808287494414336
198808287523782656
198808287758663682
198808287725105153
198808287842533376
198808287838343171
198808288131948544
198808288119373824
198808288190660609
198808288438140928
198808288429744128
198808288568156160
198808288614301699
198808287691554816
198808288605913088
198808288790462464
198808288215838722
198808288819818497
198808289008553985
198808289935495169
198808290040356864
198808290031968257
198808290199736322
198808290036170753
198808290157789184
198808290220711937
198808290384285696
198808289688043521
198808290434629634
198808290623365121
198808290296205312
198808290652721152
198808290489151489
198808290854047745
198808290824699904
198808290904387584
198808290820489216
198808290988277760
198808290971488256
198808291130871809
198808291202187264
198808291227340802
198808291189604352
198808291160231936
198808291332202496
198808291386720258
198808291516755968
198808291734855681
198808291852304386
198808291873263619
198808291848110081
198808291994902528
198808291957157890
198808292028461056
198808292246556672
198808292145893378
198808292049436672
198808292384964608
198808292510797826
198808292477239297
198808291093135361
198808292728901633
198808292800217089
198808292779229185
198808292867313664
198808292359806976
198808292816994304
198808293102190593
198808292502409216
198808294217883648
198808294012358657
198808294264025089
198808294364680192
198808294456967168
198808293639065600
198808294486319104
198808294746357762
198808294188527617
198808294758957058
198808294566019073
198808294398230529
198808294620545025
198808294800900096
198808294943506432
198808294859616257
198808294947688450
198808295107076096
198808295094497281
198808295065133056
198808294536658944
198808295199342593
198808293882331136
198808295438430208
198808295404867584
198808295434235905
198808295488753664
198808295480377344
198808295572647938
198808295627173889
198808295593615361
198808295673307137
198808295811715072
198808295618785280
198808295744610304
198808295929151490
198808295849476097
198808296096927744
198808295987871745
198808296159838208
198808296193396736
198808296407302145
198808296528949248
198808296507973633
198808296654770177
198808296457633793
198808296658964480
198808295572643840
198808296642191360
198808296864485376
198808298361856000
198808298479304705
198808298416381952
198808298563190785
198808298542215169
198808298588352514
198808298735153153
198808298680614913
198808298764517376
198808298806460418
198808298873569280
198808298835812352
198808298689019904
198808298517045248
198808298940665856
198808298596732928
198808298999398401
198808298751926272
198808298256994304
198808298944868355
198808299003580418
198808299041341444
198808299053924352
198808298886144003
198808299091673089
198808299162963968
198808299070697472
198808298634485761
198808299204907008
198808298772889600
198808299074891777
198808299209113602
198808299255238656
198808299431399427
198808299490131970
198808299368493056
198808299490123776
198808299150385152
198808299532070912
198808298546401280
198808299368480769
198808299678859264
198808299142000640
198808299632721920
198808299687264258
198808299402043392
198808298198278145
198808299863412736
198808299737595904
198808299951493120
198808302551957506
198808302610681857
198808302681985028
198808302728122368
198808302648426497
198808302723936256
198808302245773315
198808302992371712
198808302946222081
198808302992375810
198808302883315712
198808303256608771
198808303298543616
198808303374045185
198808303357276161
198808303487295488
198808303369863169
198808303445356544
198808303445344256
198808303172722688
198808303600537600
198808303520854016
198808303697006592
198808303533432835
198808303915122689
198808303831236609
198808303143358464
198808304175161344
198808304011575296
198808304091267072
198808304489730048
198808304330342400
198808304573624320
198808299745972224
198808304615559168
198808304313573376
198808304699445248
198808304615567360
198808304816893952
198808304049336320
198808304783339521
198808304854638593
198808304946909185
198808304934334464
198808304514895872
198808305165012993
198808305429262336
198808305416671233
198808305534119936
198808305475403776
198808306888867840
198808306880495617
198808306154864640
198808306536554496
198808306997923840
198808306976964609
198808307077611522
198808306352005120
198808307010506752
198808306393956353
198808307367018496
198808307346055169
198808307295731712
198808307136339968
198808307455098880
198808307492864001
198808307127943169
198808307543183363
198808307450912768
198808307538997248
198808307849375744
198808307715153920
198808307794853888
198808307811622914
198808307882921984
198808307165700097
198808308075855872
198808308264603648
198808308310753280
198808308084244480
198808308176519169
198808308000370688
198808308126203904
198808308314947584
198808308189106177
198808308444958720
198808308268806145
198808308281376768
198808308142964736
198808308621115392
198808308453355521
198808308595965954
198808308558217216
198808307895517186
198808308742758400
198808308595965953
198808308486905856
198808308994416642
198808309099270144
198808308767932416
198808311058006016
198808311125127168
198808311322255361
198808311364202496
198808311670374400
198808311754272769
198808311418720256
198808311766855680
198808311880089600
198808312001736704
198808311443881985
198808312089812992
198808312085626880
198808311380983808
198808311439691776
198808312098197504
198808312073039872
198808312186273792
198808312194674688
198808312198860801
198808312190468100
198808312312119299
198808312387604481
198808312429543425
198808312446328833
198808312505053185
198808312555388929
198808312593133572
198808312488275968
198808312739930113
198808312773492737
198808312861560832
198808312920285184
198808313054511106
198808312312102913
198808312979005443
198808312542806016
198808312593129472
198808313218076675
198808313251635200
198808312765087744
198808313029328897
198808313511677953
198808313524264962
198808313612345344
198808313549426689
198808313633312768
198808313402638336
198808313113227265
198808313750761473
198808315201982465
198808315147468800
198808314686087168
198808315063582720
198808315332009985
198808315420086272
198808315424284672
198808314828697600
198808315394924545
198808315457835008
198808315784986625
198808315466235906
198808315873083392
198808315764031490
198808315902427137
198808316040855553
198808315801776129
198808316258947072
198808315784986624
198808316569333762
198808316674191360
198808316665794561
198808316841951235
198808316862926848
198808317236224002
198808317211054080
198808317181698050
198808317437546496
198808317076836352
198808317534023680
198808317617901568
198808317294940161
198808317655662592
198808317693411328
198808317756325888
198808317831806977
198808317764702209
198808317806653442
198808317987012610
198808318049918976
198808317617909760
198808317634686979
198808318318358529
198808318372888576
198808318393860096
198808318523875328
198808318427398144
198808318490324994
198808318544842752
198808318368677889
198808319341760513
198808319245291520
198808319434035201
198808319568257024
198808319010414593
198808319039778819
198808319396286466
198808318762950656
198808319912194050
198808319895408640
198808320008654848
198808319371120641
198808320138682368
198808319975104512
198808320163856386
198808320218370048
198808320277102593
198808320411308032
198808320507785216
198808320407126018
198808320461635584
198808317575962624
198808319513722880
198808320746852352
198808320763633664
198808320751046658
198808320813965313
198808321011105792
198808320902053888
198808321032060928
198808320927215617
198808321199849472
198808320138690562
198808320591671297
198808321258557441
198808321245982721
198808321476657152
198808321317277696
198808321577332737
198808321782841345
198808321862549504
198808321854148608
198808321602502657
198808321828986880
198808322256814080
198808321694769152
198808322370048001
198808322449747971
198808322567192578
198808321971589121
198808323489935363
198808323116646400
198808323146002432
198808323531882497
198808323640930305
198808323775143936
198808323632533504
198808324026793984
198808323963883522
198808323976466432
198808324454621184
198808324496560128
198808324400087041
198808324572053505
198808324534317056
198808324307816449
198808324895019009
198808324924383232
198808324765007872
198808325037637634
198808325163462661
198808325176045568
198808324798562306
198808325385760768
198808325285093376
198808325318647808
198808322349076482
198808324567871496
198808325234761728
198808325494816769
198808325188616194
198808325419307008
198808325738070017
198808325868093443
198808325960376320
198808324517535746
198808326040076289
198808326216220673
198808326346244097
198808325373181952
198808324861476866
198808326363025408
198808326560165888
198808326614683649
198808326702776320
198808326652436480
198808326706954240
198808326652432384
198808326652428288
198808325075369984
198808327763931136
198808327038320641
198808327726186496
198808327755534336
198808327692632066
198808327944278017
198808326262366209
198808327927496704
198808327910731776
198808327810072576
198808328145608705
198808328086880257
198808328342749187
198808328292405249
198808328405655552
198808328166580225
198808328531488771
198808327868792832
198808328292405250
198808328602796032
198808328795729920
198808329009631232
198808328846065664
198808329118679040
198808325972967424
198808328988663808
198808329219346436
198808329445847040
198808329416474624
198808329361960960
198808329580064768
198808329689120768
198808329601036288
198808329852686336
198808329844297729
198808329970130944
198808330142093314
198808330049818624
198808330402152448
198808329823330305
198808330301489152
198808330678968322
198808330179854337
198808330804789249
198808330716717056
198808328346935297
198808331165499393
198808331371036672
198808331333283841
198808331387801600
198808331882737669
198808331580751872
198808332142788608
198808332021149697
198808332109225985
198808332146966528
198808331635265536
198808332029526016
198808332407017474
198808332943896577
198808332981633025
198808332847423488
198808332532842496
198808333124255744
198808333124247553
198808332125999104
198808332771921921
198808333350748161
198808333350739970
198808333178773505
198808333157810176
198808333719830528
198808333640155138
198808333329776641
198808333585620993
198808333711441920
198808333740818432
198808333900201984
198808333963108354
198808333979885568
198808333895991298
198808333988265984
198808334076362752
198808334252515328
198808334525149186
198808334512562176
198808334718074880
198808334692913154
198808334629994497
198808334621618177
198808334843916288
198808334730670080
198808334353186816
198808334630006784
198808335003303936
198808334890057728
198808335015878656
198808335036854274
198808335221391360
198808335196229632
198808336181899265
198808336181903361
198808336219648002
198808336186093568
198808336429367296
198808336207069184
198808336521641985
198808336681025536
198808336060256256
198808336995590144
198808336571957248
198808337003986945
198808337259827200
198808337083670529
198808337284997121
198808337234661376
198808337234669569
198808337700241408
198808337125613568
198808337792507904
198808337725394944
198808337901551616
198808337528274945
198808338153209856
198808338249695232
198808338522324993
198808338459406338
198808337045913601
198808338606206976
198808338635558912
198808338983682048
198808338845286400
198808339034025985
198808338807529473
198808338778161152
198808338190966784
198808339004669954
198808339432488962
198808339470233601
198808339419906048
198808339365376001
198808339298254849
198808339549913088
198808339638005760
198808339646398464
198808339575087104
198808339558313984
198808339956772864
198808339923222528
198808339902234624
198808340321665025
198808340309090306
198808340380389377
198808340539785217
198808339562500100
198808340762075136
198808340673998848
198808339969351680
198808340829175808
198808340829188096
198808340682383360
198808340577521664
198808341206663169
198808341236039680
198808341454127105
198808341462523904
198808340657217537
198808341701595136
198808341957455873
198808341634494464
198808342053924864
198808342171369473
198808342196535296
198808342104248320
198808341680635906
198808342423019521
198808341567373313
198808342397845505
198808342376890368
198808342653706241
198808342615965700
198808342699835392
198808342766948352
198808342959898624
198808343026999296
198808342611771392
198808343102496768
198808342829862912
198808343240912897
198808342993453058
198808343496753152
198808343509352449
198808343521931265
198808343349964800
198808343962333185
198808343748411392
198808344159465472
198808344058806272
198808343660335106
198808343496761344
198808344490815490
198808344478220288
198808344541134850
198808344553734144
198808344062984193
198808340564942848
198808344478236672
198808345065439233
198808345090588672
198808345199652865
198808343563866112
198808345191268353
198808345338056708
198808343387701248
198808345551962113
198808345497452544
198808344927014912
198808345497440257
198808345908482048
198808345287729153
198808346051084288
198808346130792451
198808346239840258
198808344746668032
198808346491486209
198808346864795648
198808346940276739
198808347036753921
198808346776711169
198808346743160833
198808347036758016
198808347103862785
198808347259060224
198808346629914624
198808347309379585
198808347057721348
198808347162583040
198808347552645122
198808347481350144
198808347636547584
198808347112247296
198808347913367553
198808348051779584
198808346340495361
198808347393269761
198808348076949506
198808347904978946
198808347456180224
198808347200323584
198808347229696000
198808348999696384
198808349062594561
198808349050011649
198808348244721664
198808349230366722
198808349276516353
198808349364600832
198808349461065729
198808349498814465
198808349154869252
198808349020663809
198808349867900929
198808349872095234
198808349331042305
198808349440094212
198808350056656897
198808350048260097
198808350102786048
198808350299926528
198808350379622401
198808350488674304
198808350505443329
198808350585143296
198808350614491136
198808350379618305
198808350748712960
198808350983589888
198808350392197120
198808351109423106
198808351046512641
198808350627086336
198808351054905344
198808351231057920
198808351390437376
198808351285583872
198808351302356994
198808351474323456
198808351528857600
198808351600152577
198808351646289920
198808351671455744
198808351096836096
198808351319146496
198808351814074368
198808352086700034
198808351847624704
198808352220905472
198808352443203584
198808352367706114
198808352560644096
198808353005240320
198808353034608640
198808352778747906
198808352971685888
198808352606789632
198808353122697216
198808353089142784
198808353332408320
198808353273679872
198808353349173249
198808353466617856
198808353449836544
198808353558904832
198808353303048192
198808353869271040
198808354322251777
198808354330652677
198808354343239681
198808354477457408
198808353948958720
198808354527780864
198808354603282432
198808354687168514
198808354406154242
198808354645221376
198808355035287552
198808353600843777
198808355559583745
198808355500859394
198808355685404673
198808355907706880
198808356033527808
198808356100640769
198808356117430272
198808355735732224
198808356331339777
198808355710566401
198808356390055936
198808356369076224
198808356218093571
198808356465557505
198808356599767041
198808356746575872
198808355844800513
198808356297777152
198808356142579712
198808356662677504
198808356163551232
198808356767531009
198808356746571777
198808357065330688
198808357228908546
198808356985638912
198808357438623746
198808357413462016
198808357535096833
198808356113223682
198808357769973761
198808358030024704
198808358004862976
198808358050988032
198808357820313600
198808358269095936
198808358201991168
198808358248132608
198808358332014593
198808358466236417
198808357803540480
198808358474620928
198808358843711488
198808359137312768
198808358948573185
198808358420094978
198808359246376960
198808359061819393
198808359263141888
198808359275737088
198808359124742144
198808359200243712
198808359879704578
198808360097824768
198808360127176704
198808359825195008
198808360110399488
198808360018132992
198808360345272320
198808360492081153
198808359800016897
198808360265584642
198808360655659009
198808360844406785
198808360819236864
198808361062506497
198808361117028352
198808360257204224
198808361213497346
198808360139751426
198808361268023297
198808361414823936
198808358155853825
198808361570025474
198808361620340736
198808361611956224
198808361687465985
198808361330937857
198808361104457728
198808362048159745
198808360928280577
198808361985257473
198808362069147648
198808362291433472
198808362467598336
198808361381269505
198808362576642048
198808362048163841
198808362639572992
198808362350153730
198808362606014466
198808362731839490
198808362509533184
198808362983493633
198808363499401216
198808363658784768
198808363524554752
198808363646189568
198808364006899713
198808364162105344
198808361377075200
198808364417949696
198808364241797120
198808363939799040
198808364644442112
198808364661219330
198808364367609857
198808364728328192
198808364686389248
198808364262760449
198808364434722816
198808364355039233
198808364862554113
198808364740911104
198808364808015872
198808364451504128
198808364673810435
198808364644442113
198808365130989570
198808365105819648
198808365688827905
198808365101617152
198808365177114626
198808366083080192
198808365957259264
198808366368296964
198808366049525762
198808366615769088
198808366749982722
198808366322163712
198808367064551426
198808367026810880
198808366846459904
198808367433662464
198808366246662144
198808366427013121
198808367664332800
198808367861473283
198808367806955520
198808368046022657
198808368264126466
198808366372491265
198808368230567938
198808368108933121
198808368360587265
198808368616456192
198808368071180289
198808368285089793
198808368603869185
198808368821968896
198808368733880323
198808369014906881
198808369199452160
198808369224626177
198808369291726848
198808369161715714
198808369685987328
198808369572745216
198808369899896832
198808368834543616
198808370071871489
198808370126405632
198808370252218368
198808369979592704
198808370461937665
198808370440970241
198808370604539904
198808370063491072
198808370617122817
198808369937661953
198808371003011072
198808370810077187
198808371019776000
198808370965254144
198808371271450626
198808371271438336
198808371334365185
198808371149811712
198808371317571584
198808371753787392
198808371799924736
198808371581816833
198808370986225664
198808371833470976
198808371586015232
198808372110307328
198808372299051010
198808372328407040
198808372022222849
198808372408094720
198808372034801665
198808372110299136
198808372617805826
198808372001255424
198808372517142528
198808372722667523
198808372747833345
198808372768817156
198808372907225090
198808373012074497
198808372626210819
198808373309878272
198808373507014656
198808372898828288
198808373754478592
198808374035484677
198808373242761216
198808374043881472
198808372731052033
198808374324903936
198808374454915073
198808373884502016
198808374509441024
198808374656249856
198808374337482752
198808374572363776
198808374652059648
198808374274555906
198808374555582465
198808374815637504
198808373146296320
198808374878543873
198808374979207168
198808375209902082
198808375105044481
198808375369269249
198808375016960001
198808375499292673
198808375532851200
198808375759343616
198808375629332482
198808375780315137
198808375671271425
198808375746772993
198808375771930624
198808375620935681
198808375558025216
198808376069718017
198808375994224640
198808376078118913
198808376141029376
198808374446538752
198808376304603136
198808375302176769
198808376380100611
198808376375906305
198808375608344577
198808376610787329
198808376564654080
198808376707264513
198808376262672386
198808376409460737
198808377067978753
198808377218969600
198808377294462976
198808378527596545
198808378569535488
198808378447892481
198808378720534528
198808378649231360
198808378724724736
198808379072856064
198808379186085888
198808379127369728
198808378959597568
198808379269984256
198808379400003584
198808379429371904
198808379664236545
198808379483881472
198808379341275137
198808379676823552
198808379144151040
198808379769098241
198808379500675072
198808379983020033
198808379869761537
198808379957854208
198808380012371968
198808380092055553
198808379525836801
198808379550990337
198808380314370049
198808380024946689
198808380389863424
198808379848802304
198808380545052672
198808380872204288
198808381014810625
198808381006426114
198808380935114753
198808381157408768
198808381115465728
198808380482138114
198808381555871744
198808381333573633
198808381300015104
198808380901560320
198808381174202369
198808381769781248
198808381706874881
198808381228724224
198808381790760960
198808381815926785
198808381841084416
198808382394728448
198808382541533184
198808381979492352
198808382726094848
198808382688329729
198808382075965440
198808382516363265
198808382981931010
198808383090999296
198808383346851840
198808383539777536
198808383162302465
198808383116156928
198808383451709440
198808384022118400
198808382969364480
198808384030515200
198808383678189569
198808384038895617
198808383971786752
198808383678201857
198808383791439873
198808384332496896
198808384387035137
198808384437362688
198808384437366785
198808384156336128
198808384672235520
198808385020366852
198808384689012736
198808385007792128
198808384751939584
198808383669796864
198808384697405441
198808385435615233
198808385452392449
198808385154584578
198808385423028227
198808385511100416
198808385657896960
198808384663851009
198808382621233152
198808385586601984
198808386245107713
198808385926340609
198808386542903298
198808386312208385
198808385909567488
198808386534522880
198808386551291905
198808386060562432
198808386811330563
198808387004272640
198808386924580864
198808386953940992
198808383606882304
198808387012657154
198808387411128321
198808387209789440
198808387587280897
198808387654397952
198808387776032770
198808387599863808
198808388107382784
198808388249985025
198808388371615744
198808388392583169
198808387335630848
198808388363223041
198808388774273024
198808388208033794
198808388744912896
198808388774277120
198808381736230914
198808388728135680
198808389185323008
198808389046894592
198808389055287297
198808389466337280
198808389474713603
198808389688627201
198808389877374979
198808389323730944
198808389940293633
198808390066114560
198808389525053441
198808389210480640
198808390032560129
198808390036750337
198808390431031297
198808389789294592
198808387037831170
198808390179368960
198808390779154435
198808390766559232
198808390745604098
198808390753984512
198808390657519617
198808391160840193
198808391160836098
198808391118884864
198808390724624384
198808391353778178
198808391014027264
198808391534120960
198808391458635777
198808391743848448
198808391605432320
198808391970332672
198808391492173824
198808392079384576
198808391714480128
198808391961952256
198808392607862786
198808392620445697
198808392754667521
198808392758857728
198808393228623872
198808393354452993
198808393044066304
198808393421565952
198808393669025793
198808393702584321
198808393828405248
198808393820012547
198808393778081792
198808393312514048
198808393597730816
198808393354461184
198808394159755267
198808393727754240
198808394407223296
198808394570805249
198808394847617024
198808394881183744
198808394990239744
198808394973454336
198808395095085056
198808394994429953
198808395267051520
198808395158011904
198808391081132033
198808395300610049
198808395510333440
198808395514511361
198808395363532802
198808395539693568
198808395577425920
198808394692431872
198808395048951808
198808395304808448
198808395657125888
198808395946536960
198808395392876544
198808396076552192
198808396084936705
198808396038811648
198808396173021184
198808396311437312
198808396504367104
198808396651167744
198808396697321472
198808396214972417
198808396424675328
198808393941663744
198808396911226880
198808397427126272
198808396890247168
198808397531983873
198808396747636738
198808397695549440
198808397343236098
198808397225791492
198808397548761090
198808397766868993
198808397758468098
198808397045448706
198808397934628867
198808397880102912
198808397955608577
198808398106595329
198808399096451073
198808398916091904
198808399490711553
198808399176146944
198808399004172288
198808399805292546
198808399964676097
198808399910146048
198808400203751426
198808400484773888
198808400606404608
198808400572854273
198808399557832704
198808400958717953
198808400690286594
198808401126494208
198808401151664128
198808401105530880
198808397229985794
198808401336217600
198808401382342656
198808401579479041
198808401671753730
198808399423610880
198808401202003970
198808402187653121
198808402103771139
198808402451898368
198808402443513858
198808402728726528
198808402670002176
198808402338643971
198808402837770240
198808402846154754
198808403085238272
198808403294957568
198808403345276932
198808399763353600
198808403668242433
198808403768905730
198808403714375682
198808404037341184
198808404410634242
198808404255449088
198808403848597505
198808404486131713
198808404783927296
198808404800700416
198808404888784897
198808404922343426
198808404968472576
198808405052370947
198808405148835840
198808405350166528
198808404318367744
198808405396291585
198808405337579520
198808405622800384
198808405715075072
198808405815726081
198808405740232708
198808405949956096
198808405928968194
198808405991882752
198808406063202304
198808406117720065
198808406360993793
198808406545547265
198808406532956160
198808406834941952
198808406344212482
198808406813970432
198808406470033408
198808406600065024
198808406453268480
198808407149510658
198808406419705857
198808407170490369
198808407682203649
198808407120162819
198808407279546368
198808407912878082
198808407866744834
198808408068063234
198808408101617664
198808407363428352
198808408219066369
198808408370065408
198808408307146752
198808408676237314
198808408844009472
198808408885952512
198808408999202816
198808408302944256
198808409280221184
198808409619963904
198808409624162304
198808408265207808
198808409603186688
198808409443803137
198808409687068673
198808409108250624
198808410010034177
198808409708036096
198808410031009794
198808409854853120
198808409859031040
198808410051973121
198808409968082945
198808409913573377
198808410270076928
198808410236526594
198808410173616129
198808410358169602
198808410618208256
198808410433650688
198808410714669057
198808409913573376
198808410802753537
198808410827915265
198808411083771904
198808410970533888
198808410832109570
198808411238961152
198808410391719936
198808411117322242
198808411616456707
198808410702098432
198808411469651968
198808412014911489
198808412040073218
198808412249796608
198808412165910529
198808412434341889
198808412723744768
198808412782460929
198808412111388672
198808412941852674
198808412782465026
198808412572749825
198808411184435202
198808413071884288
198808413025734657
198808412992180227
198808413310943232
198808413877182464
198808413898145792
198808414116265984
198808414036566017
198808414284021760
198808413965254656
198808413709406210
198808414615379968
198808414816714753
198808414397276161
198808415059968000
198808414929952770
198808415366156289
198808415055790082
198808415189995520
198808416154685442
198808416016285698
198808416209211394
198808415542325249
198808416356020224
198808416465072128
198808416393760769
198808416574128129
198808416523796481
198808416892882944
198808416913850370
198808417257783296
198808417333293057
198808417505247233
198808417916297218
198808417853382656
198808417886945281
198808417987600384
198808418037927937
198808417769500672
198808418155376641
198808418084077568
198808418251833344
198808418251837440
198808418440577025
198808418373476352
198808417979207680
198808418167955456
198808418113429504
198808419011006464
198808416045629441
198808418574798848
198808416561541122
198808418495115266
198808419182977026
198808419229122560
198808419371712512
198808419363332097
198808419514335232
198808419552083970
198808419782766594
198808419162005505
198808419237511168
198808419774369792
198808419887616001
198808419547881473
198808419770171392
198808420344799233
198808420437065728
198808420621627392
198808420449660928
198808420172840960
198808420546117633
198808420743254016
198808420621631488
198808420944576512
198808421062029312
198808421095579648
198808420558700544
198808421544370176
198808421577932801
198808420873281536
198808421519200256
198808420315435010
198808421871534081
198808421875724289
198808422085439489
198808422106402816
198808422102220800
198808422337089536
198808422668439552
198808422735560705
198808422844596225
198808422538420224
198808423171764226
198808423444398080
198808422777487360
198808423704432640
198808423754776578
198808423779942403
198808423884787712
198808424052568064
198808424153235456
198808423452774400
198808424228728834
198808424258093056
198808423880605696
198808424375529473
198808424241307648
198808424262283265
198808424396505088
198808424404877312
198808424597819392
198808424719454208
198808424195162113
198808424446836737
198808424476188672
198808424849473537
198808424845291520
198808424669126656
198808425151479808
198808425000484866
198808425197617152
198808425180831745
198808425172434945
198808425344405504
198808425260515330
198808425482817537
198808425570897921
198808425226969088
198808425587671041
198808425768042497
198808425868689408
198808425579286528
198808426149724160
198808426632056834
198808426476871680
198808425872900096
198808425000480768
198808426552373248
198808427282182145
198808427512864768
198808427441561600
198808427181522945
198808427684831233
198808427131191297
198808427760324608
198808427898740738
198808428162973697
198808428326555649
198808427944886275
198808428259454977
198808428502728704
198808428603387905
198808428632739841
198808428670492673
198808428758564865
198808428691456000
198808428926345216
198808428909559809
198808429144457216
198808429391912961
198808429530329088
198808429006041088
198808429748424704
198808429329002497
198808429962338306
198808429979119616
198808430230765568
198808430058815488
198808430352404480
198808430394343425
198808430423703553
198808430046224386
198808430746673154
198808430725701632
198808430864109569
198808430968971265
198808430952189952
198808430998335488
198808431057055744
198808430956384257
198808431786860544
198808428594991105
198808431698780161
198808431853969409
198808431895904256
198808431979806721
198808432122400770
198808432185315328
198808432164352000
198808432332124161
198808432491507712
198808432705421315
198808432730570754
198808432759943168
198808432697016320
198808432411807744
198808432944484353
198808432868990976
198808432780910592
198808433015799809
198808433082892289
198808433284218880
198808433477169154
198808433380687872
198808433439420416
198808432994816001
198808433556865025
198808433519099907
198808433166790656
198808433833672704
198808433137418240
198808433997262848
198808434102120449
198808434127278082
198808434072748034
198808433753989122
198808433175179264
198808433531691008
198808434001453057
198808433661710336
198808434219552768
198808434131472384
198808434412494848
198808434253107201
198808434513149952
198808434479599617
198808434387320832
198808434425081856
198808434626404353
198808434286661632
198808434789986304
198808434945171456
198808434819334145
198808435062603776
198808435125530624
198808435398148097
198808435633041408
198808435771457536
198808435368792064
198808435398164480
198808436060848129
198808436752908288
198808436757106688
198808436824215552
198808437151371265
198808436790669312
198808437319139328
198808437151371269
198808437545644032
198808437033926656
198808437826650112
198808437205893120
198808438250278912
198808437818277888
198808438036373504
198808438610989057
198808438757797888
198808438728437760
198808438707458048
198808439043006464
198808439017840640
198808439273684992
198808438803931136
198808439160442880
198808439277887488
198808439365971969
198808439512776704
198808439579869188
198808439634399232
198808439735062528
198808439500177410
198808438954926080
198808439789588480
198808439584071680
198808439592464385
198808439294656512
198808439185616896
198808440028659712
198808439579873282
198808440083185664
198808439500185601
198808440074805248
198808436501262336
198808440280326144
198808440490045440
198808440808808448
198808441022726146
198808440146104320
198808440729124866
198808441228234752
198808440519401472
198808441467310081
198808441626693633
198808441010126848
198808441161134083
198808441945468928
198808438996869122
198808442432000000
198808442352304129
198808442411028480
198808441995792384
198808441656057858
198808442448773120
198808441828024321
198808442419417090
198808442830454786
198808442377482241
198808442943717376
198808442452971522
198808442511691777
198808443207958528
198808443400888320
198808443472191488
198808443648360448
198808443140841472
198808443669319681
198808443937759233
198808443543498754
198808444231364608
198808444483026944
198808444558512128
198808444365574144
198808444617236481
198808445074407426
198808444919226368
198808444969566208
198808445233807360
198808445183467520
198808445745496064
198808445946830848
198808445577732097
198808444738863104
198808445925855232
198808446039101441
198808444206190592
198808445779058691
198808446072651776
198808446169128961
198808446408204288
198808446068461569
198808446349479938
198808446609530880
198808446542430209
198808446584369152
198808446756323328
198808446269788160
198808446718582785
198808446718578689
198808446869581824
198808446127190016
198808446357868544
198808446898929664
198808446718590976
198808446987018240
198808446634700800
198808447251255296
198808447402254337
198808447133827072
198808447536472064
198808447435800576
198808447301591043
198808447171575809
198808447716835330
198808447641337857
198808447716835328
198808447435812864
198808448027197440
198808447477760001
198808448169811969
198808448320815104
198808448358555648
198808448618594305
198808448656351234
198808448777986050
198808448589238273
198808448832512000
198808449419714562
198808449134505987
198808448069148673
198808449327439872
198808449566511105
198808449688141824
198808449805590528
198808450409562114
198808450455707648
198808449805586432
198808450497654784
198808450506043392
198808450594127873
198808450707369984
198808450766090241
198808450942238720
198808450921283585
198808451277791233
198808451357487104
198808450866741249
198808451604951040
198808451684638720
198808451500085248
198808451034521600
198808451554615299
198808451726577665
198808451667869697
198808451810476032
198808451688833026
198808451479113729
198808452120854529
198808452049543171
198808451890151426
198808452204728322
198808452309590017
198808451382644736
198808452481548288
198808452796129280
198808452720631808
198808452787732481
198808452905189376
198808451533647874
198808452984864769
198808452812898304
198808453236523008
198808453194596353
198808452695470081
198808453333000192
198808452645130241
198808453299449857
198808453551099905
198808453727272962
198808452854841345
198808453895045120
198808453370740739
198808453555294210
198808454117343235
198808453777596416
198808454389964800
198808454629048320
198808454096363521
198808454792609793
198808454712918016
198808454964576258
198808454507409408
198808454771650560
198808455304314881
198808455061049344
198808455455313920
198808455727951872
198808455719567363
198808455648264192
198808455782469633
198808455413374976
198808456042516480
198808456201908224
198808456273203202
198808455782473728
198808455635681280
198808456042524672
198808456273207296
198808456780726273
198808457091088384
198808457187569664
198808457258860545
198808457405669377
198808457602801664
198808457057550337
198808457581834240
198808457380503552
198808457565048832
198808457229504513
198808457602797569
198808457367916544
198808457703460864
198808457888014336
198808458324213760
198808458169036802
198808458479419392
198808454998138880
198808458550714368
198808458059988992
198808458286465024
198808458663956481
198808458525548544
198808458458439680
198808459272138752
198808459414736896
198808459431510016
198808459469266947
198808459746086913
198808459637030913
198808459515396098
198808459725119488
198808459477647360
198808460362653696
198808460421369856
198808460643680258
198808458403913729
198808460635287552
198808460853379072
198808461021159429
198808461130211329
198808461117620224
198808461172154369
198808462082314241
198808462203953152
198808462363336705
198808462472384512
198808461738377217
198808462258487296
198808462677905408
198808462619185152
198808462438842368
198808462661128192
198808463202201601
198808462619197440
198808463311253504
198808462178783232
198808463495798785
198808463596466177
198808463705509889
198808463235751937
198808463864893441
198808463621632000
198808463567110145
198808463713894402
198808464032661504
198808464452104192
198808464187858946
198808464594702338
198808463973953537
198808464808607744
198808464884105217
198808464884109314
198808465026723843
198808464947027970
198808465064464386
198808465022517249
198808464024281090
198808465240633346
198808465232240641
198808465278377985
198808465383239681
198808465425186817
198808465408397314
198808465009934336
198808465672634368
198808465890738176
198808466092068864
198808466352128000
198808462837288963
198808466477944834
198808466285010945
198808466595381250
198808466607968256
198808466654101506
198808466738003969
198808466519891970
198808466771546115
198808467153223682
198808467119685632
198808466683469825
198808467409088512
198808467824316416
198808467211960320
198808468105342976
198808468226969600
198808468294090753
198808467631378434
198808468373774336
198808468260528129
198808468340224001
198808468679958528
198808468713517056
198808468717707266
198808468768030720
198808468717703168
198808468919037953
198808469019693057
198808469044858880
198808469120364545
198808469145526274
198808469246193664
198808469443330048
198808468591874049
198808469002924032
198808469640454145
198808469405573120
198808469753696256
198808469833392128
198808469661429760
198808469992767489
198808469938249728
198808470001160192
198808470005354496
198808469275549697
198808469493661696
198808469959217153
198808469783056384
198808470479319042
198808470600949760
198808470085050370
198808470802276352
198808470701613057
198808469904699394
198808470953275393
198808470902939650
198808470550609920
198808471301394432
198808471494340608
198808471632752641
198808471628554240
198808471397863424
198808471859240960
198808471968292864
198808472215752705
198808471817289731
198808471846658050
198808471842455552
198808472232538114
198808472459030528
198808472656162817
198808472685518850
198808472744247297
198808472513548288
198808472589058049
198808472467410944
198808473268531200
198808473251758080
198808473268527104
198808472995893248
198808473364996097
198808473604063232
198808473243361281
198808472849088514
198808473872510979
198808473822167040
198808473989939200
198808474132557826
198808474623287296
198808474199654402
198808474233208833
198808474543595521
198808475046916096
198808475051110400
198808474996572160
198808473427914753
198808475223080961
198808475378262018
198808475403419648
198808475378266113
198808475403419649
198808475374071808
198808475344711680
198808475692826624
198808474858168320
198808475290177537
198808475051102208
198808475952881666
198808475990638593
198808476292628481
198808475818659840
198808476586213378
198808476049354752
198808476779159556
198808476871442433
198808476783345666
198808477169229824
198808477148262400
198808477160849409
198808477206974465
198808477618016256
198808478259748865
198808478637244416
198808478645628931
198808478523981824
198808478985355265
198808479329292288
198808478746292225
198808479262179329
198808479455133696
198808479669043201
198808479924879361
198808479920697346
198808479929077760
198808479895519232
198808479488671744
198808479639666688
198808480075874307
198808480168161282
198808480105242625
198808480147189763
198808480163954688
198808480268812290
198808480361099264
198808480214294529
198808480390451204
198808480394649600
198808480600162304
198808480608559104
198808480545652736
198808480382058496
198808477592850433
198808480822476801
198808480927326208
198808481212542976
198808481288028161
198808481359335424
198808481380311040
198808480952487937
198808480931516416
198808481728430080
198808480264626176
198808481619382273
198808481199960065
198808481699069952
198808482407911425
198808482525347840
198808481887821824
198808482630205440
198808482412113921
198808482428878848
198808482034618370
198808482739269632
198808482537947136
198808482630205442
198808483066421248
198808483074809856
198808482831548417
198808483200643072
198808482449862656
198808483330662401
198808483464876033
198808483448107010
198808483552964608
198808483435528192
198808483670405120
198808483406163968
198808483204837376
198808483448102912
198808484052078592
198808484307927043
198808484513460224
198808484106600448
198808485025161216
198808485020971009
198808485247459328
198808485088079874
198808484899328000
198808485775937537
198808485754961920
198808485473943552
198808486052769792
198808485922738176
198808486098911232
198808486258278401
198808486547701760
198808486715457536
198808486652542976
198808486040186880
198808487315251201
198808487030030336
198808487352999936
198808487365574657
198808487839547392
198808488128946178
198808487927619584
198808488149925888
198808488233795584
198808488007307264
198808488430936064
198808488347058176
198808488900689920
198808488841981956
198808488481263617
198808489248829440
198808488128942080
198808489466920960
198808488904884224
198808488036675584
198808489664061440
198808489555001344
198808488309309440
198808488678400000
198808489424986113
198808489458540544
198808488841981953
198808487843733504
198808488208637952
198808488498036736
198808489810870273
198808489714401280
198808490570027009
198808490645532672
198808490452586496
198808491064950784
198808491064950785
198808490460987393
198808490309980160
198808490460971009
198808491438252033
198808491480203264
198808491534721025
198808491597631488
198808491635376128
198808491543117824
198808491056562177
198808491996094464
198808492361007105
198808492486828032
198808492398739457
198808491656364034
198808492293894144
198808492134498304
198808492813983744
198808492943998977
198808493262770176
198808493422153729
198808493191467010
198808493329874944
198808493086621697
198808492910460930
198808493136949248
198808494017748992
198808493652852738
198808493401190400
198808494248435712
198808494097448960
198808494466535427
198808494189719552
198808494865002497
198808494508490754
198808495175376896
198808495099883520
198808494638497792
198808494990827521
198808495338946560
198808495334756353
198808495380905984
198808495687086081
198808495615770624
198808494990827520
198808495624175618
198808494902738944
198808496001650688
198808496064573440
198808495959703553
198808496676933634
198808496723070976
198808497339633664
198808496760827905
198808496555302912
198808497536765952
198808496798580736
198808496706297856
198808497289310209
198808497553551360
198808497159286784
198808497146695682
198808497666789376
198808498136555521
198808498233024513
198808497733898240
198808498040078338
198808498413387776
198808497918459904
198808498665041921
198808498862178305
198808498946056193
198808499176747008
198808499260628993
198808499336134656
198808499289989121
198808499373879296
198808494420410370
198808499382267904
198808499847827458
198808499327729664
198808500200148993
198808500246298627
198808500267253760
198808499780718592
198808500216922112
198808499147390978
198808500275658753
198808500426653696
198808500548284418
198808500774764544
198808497285120000
198808500787355648
198808500854468609
198808500833488896
198808500548272128
198808501286481921
198808501378756609
198808501626220544
198808501735268353
198808501768814592
198808501181628417
198808501852704771
198808501869494273
198808501886255106
198808502200832001
198808502251159552
198808502209216513
198808502439919617
198808502540578816
198808502691573760
198808502800629760
198808502389579778
198808502599299075
198808503278780417
198808502842568704
198808502725115904
198808503031308288
198808503563993088
198808503777890306
198808503635283970
198808503870169088
198808504218292226
198808504184733696
198808504281206784
198808504394461184
198808504545456129
198808504386060288
198808505040375808
198808504964874242
198808504692256769
198808504604172288
198808505099096065
198808505220734977
198808503744335873
198808505526919169
198808505162014721
198808505665323008
198808505677910017
198808505384308737
198808506026037249
198808506009272320
198808506382561283
198808506449657856
198808506156056576
198808505845694465
198808506604863488
198808506193813504
198808506797801472
198808506747461633
198808506281893889
198808506462248960
198808507334664197
198808506697125888
198808507334664192
198808507565350913
198808507825393665
198808507120758784
198808507959615488
198808507779268609
198808507468877829
198808508228050944
198808507099791362
198808508450353152
198808508530036736
198808508093829123
198808508664258560
198808508618129409
198808508756541440
198808508941078530
198808508655869954
198808509259857920
198808509234683906
198808508836216833
198808509557637122
198808509582802945
198808509180162048
198808509557653505
198808510056771584
198808510107090946
198808510232920064
198808510241320960
198808510329389056
198808507242385408
198808510111289344
198808510430068738
198808510715265024
198808510664949762
198808509687672832
198808509935132672
198808510560083971
198808510912401410
198808511029837824
198808510916595712
198808511063408642
198808511038238720
198808510979522562
198808510954348544
198808511482830850
198808511017271297
198808511893880832
198808511868706816
198808511008874497
198808511906459648
198808512137142273
198808512233603075
198808512346857473
198808511789019137
198808512447520770
198808512413958146
198808512514625536
198808512665624576
198808512967622656
198808512971804673
198808513047302144
198808513013760000
198808512879538177
198808512942452737
198808513424797697
198808513181515776
198808513303154688
198808513730981890
198808513416404992
198808513747755011
198808512145539072
198808513672265729
198808513475117056
198808510870466560
198808514498535424
198808514494349314
198808514540486656
198808514502729729
198808514523709445
198808514708246529
198808514913763328
198808514397880320
198808515098316800
198808515446448129
198808514452398080
198808515534536705
198808515454844928
198808514775355392
198808515551313920
198808515752640512
198808515341586432
198808515891052544
198808515849093122
198808515756818433
198808515282862083
198808515278684161
198808516146900993
198808516260134914
198808516457283584
198808516553736193
198808515689721856
198808515979116544
198808516784435200
198808516159479809
198808516591501314
198808517057069058
198808517115777024
198808517631672321
198808517350662144
198808517891735552
198808516595687424
198808517979811840
198808517904318464
198808518101450753
198808517640069121
198808518130802689
198808518244048898
198808518357299200
198808514485952512
198808518541848577
198808519112261632
198808519141629954
198808519359741952
198808519405862912
198808519435239424
198808519389085697
198808519162605569
198808519108079616
198808519204540416
198808518831255553
198808519795945473
198808519342952448
198808519875641344
198808519246495746
198808519477174272
198808519930150912
198808520236335104
198808520227958784
198808519745613824
198808520521555969
198808519997259776
198808521066807297
198808520550920192
198808519980486656
198808520735465472
198808520920006656
198808520655777793
198808520987131905
198808521242972161
198808521255559171
