198807264017129472
198807264080052224
198807264172318720
198807264650461184
198807264692404225
198807264906326016
198807264889548802
198807265174753282
198807265355104261
198807264864374784
198807265799708672
198807265946505217
198807264780488706
198807266592423936
198807267016060928
198807266995093504
198807267154477058
198807267208986625
198807266789572608
198807266881839105
198807267494199296
198807267586486275
198807267259322371
198807267041218561
198807267276099584
198807268043661313
198807267523567617
198807267884281856
198807268622475265
198807268714754049
198807268429537281
198807269331308545
198807269578768384
198807269255811073
198807269524246528
198807268953821186
198807268089802753
198807269650083840
198807268450512897
198807270950318081
198807269666848768
198807269956259840
198807270186958848
198807271390711808
198807269905924096
198807271411695616
198807271357153280
198807271168417793
198807271285866496
198807271067758592
198807271961149440
198807270501531649
198807272271523843
198807272367984640
198807272477036544
198807272158269440
198807272267329536
198807273211043840
198807272468643840
198807272833548289
198807273764691969
198807273693396994
198807273005527042
198807274196705282
198807274280587266
198807273840185344
198807273697579009
198807274712600576
198807274528063488
198807275052339200
198807274851012611
198807275694067715
198807275803123715
198807276021235712
198807276314824705
198807276121899008
198807276344193024
198807276499378177
198807276746833920
198807275102679041
198807276801372161
198807277023662081
198807276440662016
198807277015277568
198807277174657024
198807277178855424
198807277623455744
198807277858340864
198807277921247233
198807277141106689
198807278177103872
198807277606682624
198807278672027648
198807278856572930
198807278609108994
198807278932082688
198807278860767232
198807279108235264
198807278382620672
198807279213084673
198807279259226114
198807279259234304
198807279842230272
198807278202257408
198807280228110337
198807280425238529
198807280404279297
198807280601411584
198807280655941636
198807280920174592
198807280857268224
198807280819519489
198807281121492993
198807281297670145
198807281951981568
198807281754845186
198807280827891714
198807282379788288
198807281977139200
198807282493030401
198807282694365184
198807282514006017
198807283029905408
198807282841157632
198807282912464896
198807282874716161
198807283000557570
198807283419983872
198807283461922816
198807283424169984
198807284091064320
198807284304977921
198807284242055168
198807284242071552
198807284602773506
198807285424865280
198807285315809280
198807285882036224
198807285936553985
198807285865259008
198807286544732161
198807286964162560
198807286280499200
198807287257772033
198807287454892032
198807287865933826
198807287773675520
198807287861747712
198807288063066112
198807288113410049
198807288285364225
198807288314740736
198807288302149632
198807287572332544
198807288562204672
198807288134381569
198807289161973761
198807289191350273
198807289216512002
198807288855801856
198807289342345217
198807289468170240
198807289665298436
198807289627553792
198807289652719616
198807289887592449
198807289958891520
198807290135052288
198807290005028864
198807290281861120
198807290529320960
198807289870827522
198807290743226375
198807290747424770
198807290499956736
198807290931974144
198807291120717826
198807290562871298
198807290311225345
198807291120721920
198807291544354817
198807291494023169
198807291548532736
198807291930230784
198807292131545088
198807292232220673
198807291678560256
198807292248997890
198807292458708992
198807292467089410
198807291615645696
198807293138173953
198807293293367296
198807293431779328
198807293595369473
198807293628919808
198807293834432512
198807290365743106
198807293872185344
198807293926711297
198807294413254656
198807294333554689
198807294383898625
198807294169989120
198807294652334090
198807294887202816
198807294736216065
198807295080153088
198807295445049345
198807295017230336
198807295679938562
198807295226949632
198807296636223489
198807296254541824
198807296694956033
198807297118576640
198807296627834880
198807297361842177
198807297504456706
198807297642860544
198807298230067201
198807298397839360
198807298662084609
198807298926321664
198807298909536256
198807298985046016
198807299651944450
198807299157004289
198807299500945408
198807299018604544
198807300801183744
198807300046209027
198807301048635392
198807301023469568
198807300247535616
198807301560344576
198807301673598976
198807302009143297
198807302273380352
198807302403395584
198807302583750656
198807302013321216
198807302696996864
198807302747328514
198807302877364227
198807302248202240
198807303162568705
198807302453739520
198807303317762049
198807303015772163
198807303477149696
198807303389052930
198807303569420288
198807302818627584
198807303602966530
198807303674273792
198807303464554496
198807303431000064
198807303800111105
198807301501624320
198807300859887617
198807304320200704
198807304412463104
198807304613797888
198807304555085828
198807304689299456
198807305473630208
198807305586872321
198807305712697344
198807305171644416
198807304945156096
198807304144027648
198807306396377089
198807306425737217
198807306593513473
198807306568343552
198807306786447360
198807301782634497
198807307075850243
198807306908086274
198807303904968706
198807307512057857
198807307474309120
198807307394613250
198807306887114754
198807308086677506
198807307365265409
198807308120231938
198807307805655040
198807308598386688
198807308946513920
198807308430622720
198807308908769280
198807309084925952
198807309269475328
198807309248507907
198807309323993091
198807309361750017
198807308883591171
198807309533724672
198807309617598465
198807309768601602
198807309894430721
198807309458214912
198807310171242496
198807310309662722
198807310422913024
198807309806346241
198807310469046274
198807310779432960
198807310557130752
198807310267719681
198807310959788032
198807311274352640
198807311387598848
198807311358234626
198807311559569408
198807311622471681
198807311505047552
198807311886729216
198807312180330497
198807312494903297
198807312591368194
198807312742367233
198807311949643776
198807313140817920
198807312939499521
198807313249861633
198807313098874880
198807313388273665
198807313539280896
198807313103065088
198807313874829314
198807312822054912
198807313908371456
198807313497329664
198807314327805952
198807314386522114
198807314453630976
198807314545905664
198807313996451840
198807314462023681
198807315057618945
198807315317669889
198807315510591489
198807315036635136
198807315594481664
198807315162480640
198807315682557954
198807316328480768
198807316454322176
198807316684996608
198807316018118656
198807317305769984
198807317368668162
198807317909749760
198807317943304193
198807317955887108
198807318400475136
198807317934907392
198807318715052032
198807317716807680
198807319096737794
198807319256104961
198807319566495746
198807319566495744
198807319683923968
198807319772004352
198807319893647360
198807320111759361
198807320275320832
198807320279519233
198807320027860992
198807320300503041
198807320652812288
198807320447287296
198807321059672064
198807321109987329
198807321256800256
198807321248415747
198807321395204098
198807321361649666
198807321198080000
198807321630081024
198807321802055682
198807322183737345
198807321487478784
198807322460561408
198807319650377728
198807322477346816
198807323274260480
198807323500748800
198807323395899392
198807323362336769
198807323521720321
198807323312001024
198807323068727296
198807323932753920
198807323345551361
198807323307810816
198807324121505792
198807324352188416
198807324406722563
198807324478017536
198807324616437760
198807324188622849
198807324947791872
198807324998119424
198807324670951424
198807325065232384
198807324972953601
198807325061025792
198807325161701377
198807325555965952
198807325639852034
198807325870534659
198807325828583424
198807326407401472
198807326524850177
198807327434997761
198807327657308160
198807327778938880
198807328097697792
198807327669886977
198807328118677504
198807328009625602
198807328026406913
198807328374538240
198807328424853504
198807328340971521
198807328785567744
198807328596832257
198807328638767105
198807328806543360
198807328286453761
198807329234370561
198807329213386753
198807329599262722
198807329783816192
198807329838350336
198807326243815425
198807330240999424
198807330194866178
198807330278739969
198807330383593473
198807330714959872
198807330698182656
198807330257780737
198807331184717825
198807331323129856
198807330186473472
198807331314737152
198807331616718848
198807331503489024
198807331742547968
198807332317171713
198807332199727104
198807332455579648
198807332531093504
198807332975685632
198807332967292929
198807332912775171
198807332694671360
198807333378326529
198807333583863808
198807333638389760
198807333768400898
198807334020067329
198807334108135424
198807333177012224
198807333407690754
198807333961351172
198807334527578112
198807333940371457
198807334733090818
198807334804402177
198807335223836673
198807335278350336
198807335127359488
198807334594678785
198807334766641152
198807335911686145
198807335878144002
198807336033320960
198807335173505025
198807336201093120
198807336138194948
198807336637313024
198807336624726017
198807336561803265
198807337086099457
198807337174183936
198807337140617216
198807335802646529
198807337203539970
198807337446805507
198807337664905216
198807337631363074
198807337253879809
198807338495385601
198807338411507712
198807337870434304
198807338260496385
198807339057430528
198807339111940098
198807338226950146
198807339673993216
198807339661398017
198807339707535360
198807339577511938
198807336293384192
198807340101812224
198807340059860992
198807340198268929
198807340227629056
198807340005343232
198807340164722688
198807340626087937
198807340672229376
198807340898729985
198807341188132864
198807340970029057
198807341372674051
198807341431402496
198807341913751552
198807342148624384
198807341502693376
198807342295433216
198807342312210432
198807342207352832
198807342479970304
198807342408667136
198807342576439297
198807342538702848
198807342614192128
198807342366720000
198807343520153600
198807343448858625
198807343285288961
198807343788605441
198807343994118144
198807344325476353
198807344635842560
198807344824582146
198807344883314688
198807345160126464
198807345252417536
198807345390817280
198807345642475522
198807346431016960
198807345994797056
198807346179342336
198807346091278336
198807347097907202
198807347051757568
198807347127271426
198807347622199297
198807347735433216
198807347999682560
198807348205203457
198807348385558529
198807348578484224
198807349442527232
198807349652242435
198807349224411136
198807349895495681
198807350264606720
198807349736120320
198807350872780801
198807350700810240
198807351048941568
198807351376097280
198807351556448257
198807351485153280
198807351367700480
198807350990209024
198807351673880577
198807351988457473
198807352097521666
198807351975874560
198807352156225537
198807352399495170
198807352625991680
198807353037045760
198807352886034432
198807353003483136
198807353250938880
198807352114298881
198807353641025537
198807353355804673
198807353808785408
198807353838149633
198807353838153728
198807352491786241
198807353070592000
198807354165313536
198807354106593281
198807353963970563
198807354630873088
198807354714755072
198807354848976896
198807355260022784
198807355218075650
198807355805274112
198807355683651584
198807355515863041
198807356094693376
198807356107276288
198807356178563073
198807356098879489
198807352751828992
198807356929351680
198807357214564352
198807356660916224
198807354811232257
198807358053416960
198807358808395779
198807358577717249
198807358179246082
198807358862934016
198807358166671360
198807359030706176
198807359362039812
198807355280994304
198807359651454977
198807359664046080
198807359840190465
198807359986999296
198807360179929089
198807360142180352
198807360410624001
198807360016367618
198807360381263872
198807360536453121
198807360804892673
198807361014599681
198807361018806272
198807360297377792
198807361358540800
198807361090101249
198807361685684224
198807361719242752
198807359949254657
198807362272894976
198807361731825665
198807360985239552
198807362335813632
198807362667163648
198807362692329475
198807362734268416
198807362646183938
198807362574880768
198807363069820928
198807364051283970
198807364382629888
198807363631849472
198807363921264641
198807364596539392
198807364974030848
198807364374249472
198807365024350210
198807364919492609
198807364361662464
198807365762547713
198807365846450176
198807364936278016
198807365594775552
198807366106488832
198807366236520448
198807366500749313
198807365687058433
198807366760804353
198807367159263232
198807366748217345
198807367062786049
198807365674483713
198807367633219584
198807367746457601
198807367826157568
198807368325271554
198807368392384512
198807368522399744
198807367813570561
198807368593715202
198807368497242114
198807369004761088
198807368652435457
198807366353948672
198807369264791552
198807370074308609
198807370145607681
198807370246270976
198807370284007425
198807370699243520
198807370074292227
198807370476949505
198807370892181504
198807370892181505
198807370984472576
198807371122872320
198807371202564096
198807371278061568
198807371777179648
198807372112736256
198807372368592896
198807372582486016
198807372397944833
198807372595085312
198807372523782145
198807373136138241
198807372825755649
198807373236801537
198807373849174017
198807373983387648
198807374369275905
198807374105026560
198807371823333376
198807374759342082
198807374918721536
198807375078113280
198807374432190464
198807375132622849
198807375594012673
198807374906134528
198807375799529472
198807375854055424
198807375778545664
198807375912767488
198807376105701377
198807376189599744
198807376328011776
198807362847518721
198807376453840896
198807375858249732
198807376801959937
198807376969744385
198807375904374786
198807377301078017
198807377330446336
198807377628237824
198807377858924544
198807377942806529
198807378068635648
198807377984757762
198807378060251136
198807378248998912
198807377431105536
198807376671936515
198807375262662657
198807378928472064
198807379071074304
198807379586985984
198807378806837248
198807379821871104
198807379360485376
198807379956080640
198807368274952193
198807373824008192
198807379524059136
198807380333576192
198807379461156864
198807379079471104
198807380241293314
198807380459405315
198807380908187648
198807381872885760
198807381830926336
198807382137118722
198807382464282624
198807383001149443
198807382762070016
198807383370240001
198807383013736449
198807382623657984
198807384150392834
198807384108437504
198807384091664384
198807384225878016
198807383273775104
198807384087470080
198807384406245379
198807384418816000
198807384397844480
198807384305573889
198807384230084608
198807384813084674
198807385039568897
198807385123467264
198807385253494784
198807385190572034
198807385278656512
198807385584832515
198807383080845312
198807386033623041
198807386289479681
198807386281086977
198807386515963905
198807386503393280
198807386755039233
198807386700529667
198807385412866048
198807386620833793
198807387262550017
198807386247544833
198807386771828736
198807387128344576
198807387828793345
198807387140931584
198807387656818689
198807388713787392
198807388155936768
198807388797669376
198807388206272513
198807389087084544
198807389221302272
198807389804314624
198807389691064320
198807389930135552
198807390047567873
198807388751532032
198807390517346304
198807390466998274
198807391045812224
198807391259729921
198807391326830592
198807391242960896
198807390374727680
198807391905660929
198807391804985345
198807391972769793
198807391507197953
198807392580939777
198807393021329408
198807393172340736
198807392929067008
198807393549824001
198807393679847424
198807394166386689
198807394300608512
198807394296401920
198807394300592128
198807394690674689
198807392887119872
198807395059777536
198807394409652225
198807395198189568
198807395298852865
198807394757787648
198807395781185537
198807395818934272
198807396188037120
198807396271927297
198807396469055488
198807396418719745
198807396653608961
198807396674584576
198807396427104256
198807395575668737
198807389619761152
198807397081423872
198807390102110208
198807397765091328
198807397857361921
198807397010120706
198807397769281538
198807398201311232
198807398268420098
198807397848985601
198807397907701760
198807394371911681
198807397962231808
198807398872399873
198807398381654016
198807399367323648
198807395936378880
198807399501541376
198807399426048002
198807399333756928
198807399459602432
198807399077912576
198807399736414209
198807397068840961
198807397135945728
198807400130678784
198807395466625024
198807398431989761
198807400285863936
198807400336207874
198807400810164224
198807400831127552
198807400860483584
198807400256503809
198807401107955712
198807401216999426
198807400797573122
198807401456091137
198807401384779777
198807401519005699
198807400663367682
198807401850343424
198807402093621249
198807402102001664
198807398134202369
198807401221197824
198807401825185793
198807402097811456
198807402785677312
198807403712610304
198807403754561536
198807403964268544
198807404102696960
198807403561631746
198807404308205568
198807404345954304
198807404484362240
198807404324990976
198807404572442625
198807405700710402
198807405671366657
198807405939798016
198807406032064512
198807406132731906
198807406652829697
198807406673793024
198807403792302081
198807406900285440
198807406849961984
198807406870929408
198807403670679554
198807407248408576
198807407558799361
198807407558791168
198807407558795267
198807407579774977
198807407156142080
198807407751737344
198807407785295872
198807407948873729
198807406740914176
198807407747543040
198807408242458625
198807408804503552
198807408510894080
198807409433657345
198807409035194368
198807409710473217
198807409882439681
198807409614012416
198807410188619777
198807407072264193
198807410171850752
198807410327044096
198807410163453954
198807405570691072
198807408829661184
198807410423504896
198807410557726720
198807410394144769
198807410968768512
198807410964570113
198807410998132736
198807411312693249
198807411270762498
198807411593723904
198807411484667907
198807411572740097
198807411748904961
198807411807633409
198807411077808128
198807411350441984
198807412533235712
198807412709408770
198807413200125954
198807412336115713
198807413598597123
198807413611184131
198807413846052864
198807414097711105
198807413900591107
198807414114500609
198807414299045890
198807414454222848
198807414550695936
198807414936567808
198807415288905728
198807415049830400
198807415343415297
198807415314067456
198807415712518145
198807415897079808
198807415385362433
198807416060645376
198807416366833664
198807416010326016
198807416631066624
198807416287133698
198807416333283329
198807416710762496
198807416807235584
198807416970813440
198807417176330240
198807417218281472
198807417390235648
198807417679650816
198807417226665985
198807417906147328
198807418434621441
198807418547879936
198807418703052800
198807419177025536
198807419164438528
198807419743256576
198807419269296128
198807418036174849
198807418765971457
198807420707930112
198807421345464322
198807421597138944
198807421777485824
198807422012362753
198807422113026048
198807422234664960
198807422448570368
198807422251442177
198807422473732096
198807422238855168
198807422566023168
198807422532464643
198807422813487106
198807423018999809
198807423115464705
198807423350345730
198807422624735232
198807423316787200
198807423253876736
198807422750556160
198807423320985602
198807423606194176
198807420468858880
198807423790747649
198807423207747584
198807423992074240
198807424000475136
198807424050806784
198807424944193536
198807424889663488
198807425158103040
198807425040650240
198807425816592389
198807426110201857
198807426030514176
198807426219257856
198807426110193664
198807425644625920
198807426504470528
198807426823237635
198807427070693376
198807427313971200
198807427716612096
198807427582398464
198807427695656960
198807427611758592
198807427859234817
198807427959898112
198807427859218433
198807420171067392
198807428396089345
198807428698087424
198807429021040641
198807429226565632
198807429327241218
198807429469839362
198807429968965632
198807430082215936
198807430216421376
198807430233198594
198807430291931136
198807430254170115
198807430589722624
198807428022804480
198807430765879298
198807430778466304
198807430942048256
198807430874923009
198807430937853952
198807431025934338
198807431046889472
198807431206277120
198807428786163712
198807431197892610
198807431269187584
198807431516667904
198807432015777792
198807431357276160
198807432296796163
198807432300994560
198807432397459456
198807432439414785
198807432498118657
198807432175157248
198807432238075905
198807433303441408
198807433223737344
198807433626394624
198807433693511681
198807433756409856
198807433722863617
198807433118883841
198807434205204480
198807433844506625
198807434691756032
198807433978724352
198807434716913664
198807434616242176
198807434989539329
198807434561728512
198807435165708289
198807434880487424
198807435778080768
198807436243636225
198807436277186560
198807436298174464
198807435320885248
198807436612734976
198807436122013696
198807436889563139
198807436965060608
198807436939890690
198807437338357760
198807437803921409
198807437678092288
198807438114295808
198807438105907201
198807438332399616
198807438206566400
198807437715849217
198807438412091393
198807438319816704
198807437816496129
198807435346063361
198807438642774016
198807439083184128
198807439485845504
198807438873468928
198807439737487365
198807439452282881
198807439934619648
198807440131764226
198807439615860738
198807439565533186
198807439917842432
198807440744136706
198807441150984196
198807441394241536
198807441490706432
198807441595568128
198807441113227265
198807441662676992
198807440429559809
198807441901760513
198807442140839938
198807441813671937
198807442577039360
198807442560266240
198807441612341249
198807442698674178
198807442941943809
198807443017445376
198807442937745408
198807442887417858
198807443340406784
198807443688529922
198807443545919488
198807443780796417
198807443961151488
198807443193602048
198807444028264448
198807444628062210
198807443629813760
198807444678381568
198807444393164800
198807444418338816
198807444586102786
198807445118779394
198807445102002176
198807445240430593
198807445185900544
198807445487878145
198807445714382849
198807445982814208
198807445966036992
198807445542412289
198807445647265792
198807446263836672
198807446515486720
198807446771339264
198807446729392128
198807447106895872
198807447119474690
198807447283048448
198807447513743360
198807446414831616
198807447283044352
198807448247730178
198807448377753600
198807448369373184
198807448583290880
198807448272908290
198807449208233985
198807449313099776
198807449686388736
198807449757687809
198807449757683713
198807449912881152
198807449875128321
198807450474909696
198807450596556801
198807450613329922
198807450839814144
198807451099860992
198807451309580289
198807451309580288
198807451053719552
198807451510902784
198807451217305600
198807451468955650
198807451661901825
198807451653521408
198807451045347332
198807451829665794
198807451745796097
198807451896786945
198807451984871424
198807451976482816
198807452127461376
198807452140060672
198807451741597698
198807452765003777
198807453356404736
198807453406724096
198807452945354752
198807453700333569
198807453889081344
198807453800992770
198807453939412992
198807454241394689
198807454237196288
198807454434328576
198807454652440576
198807454652448768
198807454841180160
198807455155757056
198807455168348160
198807455801683970
198807455118012417
198807455789096960
198807456258863105
198807456426635266
198807456242085889
198807456271441921
198807456435019777
198807455965257730
198807456963493889
198807457504559106
198807457689108481
198807457638793216
198807457257095168
198807457248714752
198807457928192001
198807457949159424
198807458062413824
198807458284711937
198807458523774976
198807459186491392
198807459123576833
198807458939027457
198807459341676544
198807459626881024
198807459102588928
198807459765301249
198807458888679424
198807459933069312
198807460067295234
198807460365090818
198807460331532288
198807460537044992
198807458842542080
198807458112741377
198807460725784576
198807459517829121
198807460390252544
198807461325578241
198807461514317826
198807461476577284
198807461568843776
198807461359132672
198807461573042176
198807461837287424
198807461887623169
198807461996675073
198807457940774912
198807462458032128
198807462378344448
198807462449647616
198807462504185856
198807462583873537
198807462743261184
198807462466420737
198807463338835968
198807463867334657
198807463951204352
198807463888297984
198807463984758784
198807464207060994
198807464467116034
198807464681021440
198807462936195072
198807463351431168
198807464878149632
198807465071083521
198807465305980929
198807465494724610
198807465507299329
198807465075277824
198807465540857856
198807465746366465
198807465863819265
198807465322758144
198807466102894592
198807466136436737
198807466304221184
198807466316795905
198807466543288320
198807466719444992
198807466576838656
198807466203553792
198807466522320901
198807466602020864
198807466753007617
198807466576850944
198807466799144961
198807467264704512
198807467440865281
198807467449257984
198807467654778880
198807467692523520
198807467612835841
198807467818360833
198807467776421888
198807467512180736
198807468107759616
198807468128735232
198807468149714944
198807467646394369
198807468317483011
198807468388777985
198807468330057733
198807468619464706
198807468707557376
198807468938235905
198807469047283712
198807469529628672
198807470028763137
198807470666293248
198807470594981890
198807470687256576
198807468460097538
198807470959890432
198807470716633090
198807467478618113
198807471094108160
198807471173799936
198807470750171137
198807471412887552
198807471526133760
198807471605813249
198807471622586370
198807471236718593
198807471945555969
198807472134303744
198807471987494912
198807472226566145
198807472427892737
198807472570515457
198807472725704705
198807472763441152
198807472822161408
198807473321287680
198807473593909248
198807473619083264
198807473598107648
198807473598119936
198807473623285760
198807473442930691
198807474487304193
198807471941365760
198807474600554496
198807474663473152
198807473132535810
198807473602297856
198807474793492480
198807474273398785
198807474994823168
198807474994814977
198807474604752898
198807475250663424
198807475351322624
198807475900780544
198807475909181441
198807476357971968
198807476471209984
198807476727066626
198807476827717633
198807476899024898
198807477008084994
198807476689305600
198807476311818240
198807477221998594
198807477112934404
198807477154881536
198807477846941696
198807476978728962
198807478010519552
198807478203453441
198807478413176832
198807478098595841
198807478325088256
198807478694199296
198807478706769921
198807477993746432
198807479092658179
198807478782275584
198807478425755648
198807479382048768
198807479302365185
198807478090203136
198807479591768064
198807479646302208
198807479692435456
198807479776321536
198807479734378496
198807479432396801
198807480409665537
198807480254464000
198807480946536449
198807480212537344
198807481076555776
198807481181417472
198807481059782657
198807481298849792
198807481466617856
198807480929763328
198807481579880450
198807481928007681
198807481705701376
198807482527780864
198807482871726080
198807482406154240
198807483425370113
198807483760910336
198807483828019200
198807483790274560
198807472402731008
198807481999294464
198807482657812481
198807483777691648
198807484247457795
198807484620750848
198807484700434433
198807484520087552
198807485182775297
198807484461367296
198807485132447747
198807484494921729
198807483823824896
198807485568655360
198807485677711360
198807485799342080
198807485719654401
198807485501554688
198807485891608576
198807486080352256
198807486097141761
198807486147461123
198807486046814208
198807485631574017
198807486101327873
198807486168444930
198807486248128512
198807486495588352
198807486499790848
198807486285877251
198807486864699393
198807486684332032
198807486986338304
198807486952783873
198807486805979138
198807487087001600
198807487221211137
198807487342850049
198807487028269058
198807487175077888
198807488106205184
198807488408190978
198807488404000770
198807488978632705
198807489142194177
198807489716830209
198807489515487232
198807490056564736
198807490148831234
198807490484371457
198807490517934080
198807490543095808
198807490555686913
198807490811543552
198807490505351168
198807491012866050
198807490757009408
198807491323236352
198807491444871169
198807491134504960
198807491818164225
198807491868491776
198807491734278146
198807492090806272
198807491973349378
198807492187271168
198807492271161344
198807492682203136
198807492640251904
198807491935612929
198807493105811456
198807493395222528
198807493734961154
198807493642682369
198807492828991488
198807493860798464
198807494032756737
198807494091472898
198807494645133313
198807494775144448
198807495098105857
198807495106498560
198807495316209665
198807495358160896
198807495567884288
198807494959693824
198807495597232129
198807496540946433
198807495463014400
198807496712925184
198807496763248643
198807496788410369
198807496771637248
198807496784220161
198807497463701504
198807495324602368
198807497451122688
198807498046717952
198807497971208192
198807497421762560
198807498017349633
198807498256429056
198807498180919296
198807498336108544
198807498394845184
198807498482917376
198807497987997696
198807498130587648
198807498881372162
198807498952687617
198807498843635712
198807499325964288
198807499116265474
198807499338563585
198807499057541120
198807499846070273
198807499695071232
198807499917365250
198807499728621569
198807499149807616
198807500206776320
198807499716050945
198807500479406081
198807500106121216
198807500508758016
198807500173213696
198807500957564929
198807501121142785
198807501242761216
198807501196627968
198807501465063425
198807501196623875
198807501788020736
198807501846745088
198807501301489664
198807502190678018
198807502119383041
198807501687373824
198807502400389120
198807502660444160
198807502807248896
198807502471708673
198807503180546049
198807503516086273
198807503549640704
198807503243460609
198807503138590725
198807502471700480
198807503830659073
198807503809687552
198807502249402368
198807503973265409
198807504258469888
198807504635965441
198807504724037632
198807505042817024
198807505122504706
198807505231560704
198807505449660417
198807504728244225
198807505541939200
198807506150100992
198807505118298112
198807506284322817
198807506414354432
198807506653421569
198807505911029761
198807506506625025
198807507068657665
198807507194478592
198807507576160256
198807505936191488
198807507806851074
198807507844603904
198807508154982400
198807507785879553
198807508394053632
198807508486332417
198807508633137154
198807507433558017
198807507857178624
198807508985462784
198807509115482114
198807509228720129
198807509501349889
198807509480382465
198807509622996992
198807509681717248
198807509333581824
198807510013067264
198807510151475201
198807510331826177
198807510549929985
198807509631373312
198807510726082562
198807510935797760
198807510889676800
198807510470230016
198807511036473344
198807511132934146
198807511229415424
198807511128752130
198807510633816064
198807511497850880
198807511749509120
198807511850160129
198807511963418624
198807512034709504
198807511887912961
198807512336707585
198807512500285440
198807512114401280
198807512760336384
198807513011982336
198807513142013953
198807513230082048
198807513339142144
198807513666297856
198807514127675392
198807514274467840
198807513414643716
198807514551296000
198807514660343809
198807514748428288
198807515125907456
198807515083968512
198807515369193472
198807515092353026
198807513741787136
