198819595627397120
198819595048595457
198819595958759425
198819596311072768
198819596403343361
198819596403351553
198819596776648704
198819596550144000
198819597070254080
198819597246410756
198819598156578816
198819598404038656
198819598672461825
198819600232751106
198819600471818243
198819600039821313
198819601713336320
198819601365221377
198819602548006914
198819603399450625
198819603563020291
198819602678034434
198819603563036673
198819603135201280
198819602891931649
198819603487522816
198819604137639936
198819598391447552
198819604812922880
198819604846481409
198819605874098176
198819606012497921
198819608092876800
198819608407441409
198819608264851457
198819608814301184
198819608629743620
198819609200164864
198819609233731584
198819610034843648
198819609716068352
198819609506361344
198819609774788608
198819610601074688
198819610680766464
198819610433294336
198819611024695296
198819611226021888
198819611393785856
198819611389595649
198819612182323201
198819612962455553
198819612568195073
198819613214117888
198819613763584001
198819614438862850
198819614048796672
198819614011043840
198819614854090754
198819615013478400
198819611406372864
198819616439537665
198819616640876544
198819615537770496
198819617056108544
198819617433600002
198819617496514561
198819616838008833
198819617798500352
198819614736662528
198819618406666240
198819618926764033
198819618851258369
198819619316838400
198819619723673600
198819619576889344
198819620440903680
198819620432519168
198819620206034946
198819615646822400
198819620428324864
198819620617060353
198819621447536641
198819621288148993
198819622026354691
198819623645347840
198819624085766144
198819624270299138
198819625218224128
198819626111598595
198819626178707456
198819626451353600
198819626489085952
198819627051126784
198819627520897025
198819627730599937
198819628133253122
198819625809612801
198819628380721152
198819628431060994
198819627898376193
198819628036788226
198819628095512578
198819629014056960
198819629089554433
198819630033272832
198819629538344964
198819630536605697
198819631107031040
198819630813413376
198819630687584256
198819631362879488
198819631417409536
198819630897299457
198819632067526656
198819632398872576
198819632327557120
198819632134635522
198819632499539970
198819632965099521
198819633510363136
198819633199988736
198819634319863808
198819635079028738
198819635007721472
198819636731588608
198819636706410498
198819636622536704
198819636798701569
198819637574639616
198819638287679488
198819638346391555
198819634600882177
198819638560292865
198819638883266560
198819639004905472
198819639592103936
198819640070250496
198819640640679936
198819640607125504
198819640963629057
198819641408225281
198819641542451200
198819641412427776
198819641789919232
198819641991233536
198819642318405632
198819642599424001
198819643245346816
198819643203391488
198819644042248192
198819644717531136
198819644956606464
198819645107617795
198819645522845698
198819645787090944
198819645254410242
198819645699006465
198819645833224194
198819646294589440
198819647439638529
198819647527727107
198819647703887872
198819647821316098
198819648731480064
198819648752459776
198819648458866688
198819648479825920
198819649675206658
198819649897512960
198819649427734528
198819650178531329
198819650325331968
198819650698616832
198819651239686145
198819651386478592
198819651768172544
198819651696857088
198819652040802304
198819652321808387
198819652195987456
198819652426678272
198819652506365952
198819652774797313
198819652967731202
198819653668188160
198819653861117952
198819653781430272
198819654045667328
198819653546545153
198819654276349952
198819654309916672
198819655564013568
198819655522058241
198819655425589249
198819656042168320
198819656226705409
198819656285421570
198819656344158209
198819657510174721
198819657514369024
198819657019441153
198819657862488065
198819658776838144
198819658818793472
198819659208863744
198819658969788417
198819659406000128
198819659196272640
198819660098056193
198819660534259713
198819659498262528
198819660840448000
198819660953681920
198819661276643328
198819661746413568
198819661733834752
198819662161657856
198819661507334145
198819660752359424
198819663059238912
198819663055044608
198819663671590912
198819664300748801
198819664564989952
198819664585961472
198819664355278850
198819664900534274
198819665416437760
198819665022164993
198819666615992321
198819667387752448
198819667425497088
198819667278708737
198819667815575552
198819667396136964
198819667358396416
198819668037865474
198819667886866432
198819667933016068
198819668872527873
198819669782708224
198819669619122176
198819670567034881
198819670755770369
198819671389126656
198819672483827712
198819672827768832
198819673045872641
198819673180082176
198819673821810688
198819674178334720
198819674304151553
198819674450968577
198819674861993984
198819676338397184
198819675625365505
198819676384530434
198819676736864256
198819677282123777
198819676866887681
198819678452330496
198819677999333377
198819678741737472
198819678884331522
198819679194726400
198819679739973632
198819679580585985
198819680155217921
198819681065373697
198819681220571136
198819681006653441
198819681346392064
198819681614827522
198819681744855040
198819681967149056
198819682478854145
198819682214608896
198819683510652929
198819684127215616
198819683854581760
198819684794122240
198819684785725442
198819685481975809
198819686371164161
198819686052405250
198819686740279296
198819686853525506
198819687042256896
198819677491822593
198819687755292673
198819688157937665
198819688464121856
198819688644485120
198819688002756609
198819689177153536
198819689407844352
198819689525288960
198819689105858560
198819688703213570
198819690502569985
198819691421114369
198819691412729856
198819691156881408
198819690959749122
198819692331270145
198819692394201090
198819692469682176
198819693660876804
198819694038351873
198819694935937026
198819694575226880
198819695774810112
198819695783190528
198819694688477186
198819696626253824
198819696814981120
198819697062461440
198819697259589632
198819697460908032
198819697666433024
198819697653854208
198819698069090305
198819698505293825
198819698484330496
198819699084103680
198819699356741632
198819700195594241
198819699805528065
198819700136869888
198819702246621185
198819702611521536
198819702762508288
198819702670237697
198819703324557312
198819704138235905
198819704033386497
198819703760764931
198819704184389632
198819704696078338
198819705241341952
198819705786597376
198819705732083712
198819705853722625
198819706109558784
198819706768064512
198819707414003712
198819707476910080
198819707497877506
198819708387078144
198819708714225664
198819709070745600
198819709733437440
198819709829914626
198819709871849473
198819709142044672
198819709888626688
198819710266114050
198819709179793411
198819710979149824
198819710907858945
198819712178733058
198819712317128705
198819713210531840
198819712942088193
198819713105657857
198819714888245250
198819715341225984
198819715878100992
198819716071038976
198819716784074755
198819716834394113
198819716842795010
198819716851171328
198819716893122561
198819716872159232
198819717241253889
198819717811671040
198819718453395456
198819717891371009
198819719267102721
198819719594246144
198819719837528064
198819720101761024
198819719237730304
198819720265351169
198819720097574912
198819719141277696
198819720617660418
198819720349237250
198819721368444929
198819722190520320
198819722479943681
198819722270220288
198819722505101314
198819723104882689
198819723532709888
198819723637559296
198819723637555201
198819723536891906
198819724174434304
198819724111523840
198819724249939969
198819724631609344
198819724300255233
198819724971356160
198819725575327746
198819724904239105
198819725642448896
198819726389026819
198819726296743936
198819726149955584
198819726040907776
198819726967844866
198819726976237569
198819728767205377
198819728632971264
198819729748668416
198819729274707969
198819729291493376
198819730272944129
198819730130354176
198819731002761216
198819730872745984
198819730725937155
198819732701450240
198819729836740609
198819732948918272
198819733485780992
198819732974075907
198819732906983425
198819732231688195
198819734446280705
198819734819569664
198819733016027136
198819734941220866
198819734777626626
198819734983151617
198819735318700032
198819735159316481
198819736270811137
198819736933502976
198819736644108288
198819737256476673
198819737449402368
198819737784950786
198819738468626434
198819738665754625
198819738648973313
198819738913218560
198819739076788224
198819739206811648
198819738997100545
198819739278114820
198819739684970496
198819739664003072
198819739303292930
198819739995357184
198819739819192320
198819739563343872
198819740733542401
198819741534662656
198819741597573120
198819741794713600
198819742180585472
198819742126047232
198819741949902848
198819742595809282
198819743862497282
198819744743292928
198819744546172929
198819744734916608
198819744902688768
198819744906874882
198819744416153600
198819744994959362
198819745905119232
198819746169372672
198819746928541697
198819747331190784
198819747264077824
198819747910004736
198819747989696513
198819744575537152
198819748337815552
198819748740472832
198819749008912386
198819747637379072
198819748610453505
198819749294125057
198819749369610240
198819750887952385
198819750887952384
198819751299006464
198819751726809089
198819751873617920
198819751525490689
198819751957499904
198819752687321088
198819753253548033
198819753261936640
198819753480032258
198819753677164544
198819754159509504
198819755619139585
198819754939658241
198819755807875074
198819756705464320
198819756646744064
198819757900828672
198819758534168577
198819758848745472
198819759268184066
198819760513880065
198819760471949313
198819761113665536
198819760778129408
198819762531340288
198819763034669056
198819763454091264
198819763839963136
198819763684777984
198819764410396675
198819765337333760
198819765521891328
198819765106655232
198819766130061313
198819766092316673
198819766830505984
198819767023435776
198819768424337408
198819767933612035
198819768587923456
198819768856354816
198819769389027328
198819769951059968
198819769946882051
198819770378883072
198819771154833408
198819771716874240
198819771507146753
198819772031451137
198819772232773632
198819772417310720
198819773239398400
198819773071626240
198819773881139201
198819773952438272
198819774644486145
198819774938087424
198819775042949120
198819775458185216
198819774623518722
198819775781146624
198819776133464064
198819775927943169
198819776339001344
198819776469012480
198819776691322881
198819776779399169
198819775210721280
198819776808763393
198819777496621058
198819778163519490
198819778658451456
198819778591334400
198819778801057793
198819779518279680
198819780000628737
198819780118056962
198819781133082625
198819781456039936
198819781686738944
198819778666835971
198819782039052289
198819782101975041
198819782517202946
198819783964233728
198819783720976385
198819782995349504
198819783821631488
198819783926484992
198819783519641600
198819783834218497
198819784928931842
198819785180590080
198819785302224896
198819785214136321
198819784777928705
198819786694733825
198819788133384192
198819788368257024
198819788372451331
198819787898494977
198819789894975489
198819790561873921
198819791748866048
198819791853723649
198819792243802112
198819792390586369
198819792734519297
198819793334321153
198819793397219328
198819793627910145
198819793892151298
198819794215116800
198819793514668032
198819794349330432
198819794366107648
198819794894602240
198819794861043712
198819793812455425
198819795309821954
198819795066556416
198819795758616576
198819796400345089
198819796702339072
198819797528621056
198819797696380928
198819797708976128
198819798287790082
198819798715600896
198819798136799233
198819800154247168
198819801068617730
198819801295101952
198819801244774400
198819800225562624
198819801320263680
198819800821145600
198819801261547523
198819800787587073
198819801790029825
198819802180091907
198819802184302596
198819803480330240
198819804134653954
198819804952543236
198819805023834114
198819805770420224
198819805803974656
198819806332452865
198819805900455938
198819804176588803
198819807339094017
198819809159413763
198819809717268480
198819810367389696
198819809121677313
198819810681950208
198819813454397440
198819813701849088
198819813878005761
198819814528131072
198819814809149441
198819815354417152
198819814695903232
198819815882883072
198819815639629824
198819816486866944
198819813437607936
198819816755310592
198819814121279488
198819817002766337
198819816923082753
198819817636118530
198819818080698368
198819818114260993
198819818172977152
198819817682255872
198819817975844865
198819818529505281
198819818751803393
198819818810519553
198819819586469890
198819820517605376
198819820031053824
198819820786032640
198819821096419328
198819821113188355
198819821192884225
198819820974780417
198819820999942144
198819821578760192
198819821608120320
198819820169478146
198819822405029888
198819822564413440
198819822556037122
198819822212096000
198819823172591616
198819822405033986
198819823579430912
198819823713656832
198819824128884736
198819824107925504
198819824279891970
198819824414101505
198819824820948992
198819824783200256
198819824531537921
198819825433329665
198819825810812928
198819826389630977
198819826901336065
198819826477707264
198819826414796800
198819827144589312
198819827111034880
198819827673071617
198819828377722880
198819828579045376
198819828126056449
198819829413707776
198819830781059074
198819831242432512
198819831078850560
198819831355678722
198819831594745856
198819831573774339
198819832001609728
198819832215506944
198819832249069568
198819832102273025
198819832106455042
198819828864266240
198819833457033216
198819833620606976
198819834052616192
198819834102939648
198819834711117824
198819834946002945
198819835164114944
198819835302526977
198819835197657090
198819835952644096
198819836007161856
198819837479354370
198819837584228353
198819837596807168
198819838414692353
198819838678941696
198819838783782914
198819839375179776
198819839161286656
198819840201461761
198819840318914560
198819839912058880
198819841929519105
198819841866604544
198819839891095552
198819842973892608
198819843045199873
198819843527548928
198819843775016961
198819844211220480
198819844290904064
198819845050073089
198819845041700864
198819845305937920
198819845935079424
198819845679235072
198819845679222785
198819846069297154
