198789649181847554
198789649299292160
198789649169264641
198789648900833283
198789650888933377
198789651023147009
198789650763100160
198789651698425856
198789652067520513
198789652314988544
198789652814102529
198789652386283520
198789652864450561
198789655032901632
198789656513495043
198789656542838786
198789655792058368
198789656593174529
198789656765140994
198789657436225536
198789658195410946
198789657578835968
198789658027630593
198789655649460224
198789659332059136
198789657192960000
198789662255493120
198789662083526656
198789663257919488
198789663547330560
198789663568297984
198789663673167872
198789663803195393
198789665946484737
198789666625957890
198789667020210177
198789667657748482
198789665237635072
198789670409216001
198789670086262785
198789670627311616
198789670694432769
198789670686044160
198789674158923776
198789674142142464
198789674519625730
198789677447266304
198789677631807490
198789678105759744
198789678814601218
198789679334686720
198789680290992128
198789680731394050
198789681217929217
198789681163407360
198789682090344449
198789682639814657
198789683034079233
198789682937597953
198789684430766080
198789685038952448
198789685009592320
198789686049771521
198789687438094336
198789689120014337
198789690206330880
198789691670134784
198789692152496128
198789693037494272
198789693247205376
198789694459359233
198789696015441920
198789695893815297
198789697277919233
198789698389409793
198789698641084417
198789698221654016
198789699089858560
198789699689656322
198789700423647233
198789700239114240
198789702227210241
198789703082840064
198789703590359043
198789705725255682
198789706950000641
198789707444916224
198789710733246466
198789711148482562
198789712511635457
198789713556017154
198789713329524736
198789713774129152
198789715506372609
198789715326017540
198789715737063425
198789716605288448
198789718618537985
198789718551441408
198789719247695874
198789719092494336
198789720199790593
198789723496525825
198789723043532801
198789723576221696
198789723861422080
198789725664980992
198789726440931329
198789726818418689
198789727552409602
198789728521289729
198789730329051137
198789730614247425
198789730136113152
198789729343377412
198789732262621184
198789732996616193
198789732778520577
198789733273440257
198789732887560192
198789732912730115
198789735911669762
198789736784076800
198789737224470528
198789737593585664
198789738700877826
198789738734424064
198789737996234753
198789739346792450
198789739728486400
198789740999344129
198789740722520065
198789741955657728
198789742203113472
198789743339782144
198789745583726593
198789746628100096
198789747513098241
198789748318408705
198789747508912128
198789749434101761
198789748985298944
198789749597675521
198789751212490752
198789751778709505
198789752198152192
198789753108316160
198789753217368065
198789752105865218
198789753892634624
198789755629076480
198789756107231235
198789756379856900
198789755931074561
198789756962873344
198789756765741058
198789760356057088
198789760519651329
198789761350111234
198789761111035906
198789761274621952
198789762230923264
198789763174641664
198789763241746434
198789764093190144
198789763979948033
198789764894306304
198789764990767104
198789765657661442
198789765607337984
198789766140018689
198789767956135936
198789767473803268
198789767834517506
198789768467849216
198789768786624515
198789769298325504
198789769830989827
198789770221068289
198789770145562624
198789771311591427
198789771160592385
198789772800573441
198789772221743104
198789773098360834
198789773983350784
198789773308071936
198789774616702977
198789774448930816
198789774797045760
198789775036129281
198789776831291392
198789776936153088
198789774931263488
198789778882301953
198789780027359232
198789780421611520
198789780392251392
198789780304171008
198789781797339136
198789782199996417
198789782258716672
198789782485209090
198789783357620224
198789783324078081
198789783231799296
198789782053203969
198789783827390464
198789784280383489
198789784603332608
198789782770429952
198789785593200640
198789788432736260
198789789665865728
198789789732970497
198789790433419264
198789790697656320
198789790378893312
198789790903189507
198789791322615810
198789792673181697
198789793193267201
198789793327480833
198789793868550147
198789795567239168
198789797177864192
198789796955561984
198789798608109568
198789800843673602
198789800319389697
198789801451864065
198789801669959680
198789802265546753
198789802630463489
198789802861150209
198789803045687298
198789803251216387
198789804626948099
198789804538855424
198789805780373504
198789805474201600
198789807315501056
198789806795390976
198789805834895360
198789808414392322
198789801162448896
198789808439562241
198789810410885121
198789810511544320
198789810222153728
198789812201861120
198789812252188674
198789812709376000
198789811065196545
198789813523062784
198789813997023233
198789813808267265
198789814001213440
198789814617784321
198789815574069248
198789816211619840
198789816698142721
198789817469906944
198789817629286401
198789818124214275
198789818833051649
198789819558674432
198789820795985920
198789822196891648
198789823245459456
198789826827386880
198789827993415682
198789830170251264
198789830749077507
198789830962987009
198789830820364288
198789830640017408
198789831302717440
198789831873138688
198789832149966849
198789833974493184
198789835278909440
198789836272975873
198789836520423425
198789836994379776
198789837682262017
198789837669675008
198789839246721024
198789837279592448
198789839196401665
198789838005215232
198789840588902400
198789840471474176
198789841025110016
198789841742340097
198789842002382848
198789845928255488
198789845831794690
198789847010385920
198789847580819459
198789848671322113
198789849745080322
198789850802028545
198789850915291137
198789851544436736
198789851544428544
198789852211326977
198789853041786880
198789853448650753
198789854321065986
198789854899863555
198789854459461632
198789854744690688
198789855155716098
198789855373819905
198789855998771200
198789855302520833
198789856418201600
198789857160601602
198789860197273600
198789864047652864
198789865180102657
198789865482100739
198789866950111233
198789867319201794
198789868535554048
198789869357629440
198789869206650881
198789870523654145
198789870431383553
198789871605780480
198789871786139649
198789874227224576
198789874176897024
198789873426112512
198789875430981634
198789875447771136
198789875372265473
198789875716194304
198789877058371586
198789877192605697
198789877146460161
198789877431664641
198789878299893760
198789878115340288
198789879885336577
198789880220884992
198789882037014528
198789881894420481
198789883387592704
198789885757370369
198789886042587136
198789886508142592
198789887179239424
198789888269750272
198789888454295553
198789889033117698
198789888529801216
198789889414799360
198789892094963712
198789893055451138
198789893596516354
198789895135821824
198789895328763904
198789897421717504
198789897887297537
198789897543356416
198789896205381632
198789897996337153
