198813555649290244
198813555691229184
198813556056137728
198813556148408320
198813555754151936
198813555804475392
198813556643340288
198813556894998529
198813556878217217
198813556152602624
198813556580433920
198813557322813440
198813557649965056
198813557230546944
198813557683535872
198813557930995712
198813558153289730
198813557666754560
198813558262337536
198813558522380288
198813558606282753
198813558576906240
198813558836961282
198813558291701760
198813558925037570
198813558950215681
198813559310917632
198813559600332802
198813559508054016
198813560409825281
198813560795697152
198813560112021505
198813561932353536
198813561932365824
198813562003652608
198813562058190848
198813560992825345
198813562049802240
198813563048042496
198813562834132992
198813564230836225
198813563035455488
198813563224207361
198813563169685504
198813564281176064
198813565015175168
198813564583161856
198813566034391043
198813566520930304
198813566445424640
198813566126669824
198813565988245504
198813566852276224
198813567288475649
198813566835503104
198813567280091137
198813567619833857
198813566558674944
198813568311898112
198813568496435201
198813569175928834
198813569322721281
198813569515667456
198813569893142530
198813568236396544
198813569733754881
198813570371305473
198813570811691008
198813570941714432
198813571335987201
198813571608621057
198813571637985280
198813571587641345
198813572212596736
198813571604418561
198813572481040384
198813573152112640
198813573441531906
198813573508640770
198813573789646850
198813573793841152
198813574850809857
198813575836479490
198813575496744961
198813575832276993
198813575572242432
198813576339783680
198813576566276096
198813576310423552
198813576172011520
198813576843104256
198813577757474816
198813578030096384
198813578415980545
198813578042683392
198813578881531904
198813578923483136
198813579401625602
198813579573600256
198813579774926849
198813580194357248
198813579842043905
198813580458606593
198813580768980994
198813581666549760
198813581653970944
198813581343604737
198813582065012736
198813582169878528
198813582165680129
198813582975172610
198813583163928578
198813582815801344
198813583197483009
198813583965028353
198813583549808641
198813584040525824
198813583822422018
198813584493514754
198813583235235840
198813584480935936
198813585797943297
198813585936359425
198813586846523392
198813587584729088
198813588838809602
198813588725563392
198813589061124096
198813590222938112
198813591275704321
198813591590273025
198813592093593600
198813592219435008
198813591200210948
198813591682551810
198813592181673984
198813591997120513
198813592454311936
198813592542396417
198813592408162304
198813592966008832
198813593876176896
198813594069110785
198813592374607873
198813594790526976
198813590722060289
198813588264206338
198813595922997249
198813595285471232
198813596455669762
198813596501807106
198813596640223233
198813597151920129
198813597231611905
198813597395189760
198813597839794178
198813598125002753
198813598406017024
198813598590566400
198813598640914434
198813598716395521
198813598385061888
198813598125015040
198813599051939840
198813598531862528
198813599433625600
198813599400079361
198813599848869888
198813599869841408
198813599169380352
198813600029229056
198813600020832257
198813599895011329
198813600058572801
198813600704507905
198813600759025664
198813600478003201
198813601081995264
198813600989712384
198813601488834560
198813602038300673
198813602449330178
198813602604519424
198813602692603907
198813602826817536
198813602826817538
198813602814238722
198813602646466560
198813603573399552
198813604336775170
198813604248694784
198813604299026432
198813604609404929
198813604869451776
198813604835897344
198813604647141379
198813605355986945
198813605486018560
198813605490208768
198813606043852802
198813606438121472
198813606811410433
198813606085795841
198813606354227200
198813606492643330
198813607289569280
198813607742537729
198813608015167489
198813606895292416
198813608824668164
198813608208113664
198813608711438337
198813608883404800
198813608879194115
198813609579642880
198813609822928896
198813610443673600
198813610863116289
198813611429347328
198813611253186562
198813611672612866
198813612213665795
198813609311223808
198813612553408512
198813613237088256
198813612612124673
198813613908176896
198813614143057922
198813614226931713
198813614600232960
198813614658953217
198813615682367489
198813615841742848
198813616089214976
198813616231813120
198813616525422594
198813616609300481
198813616705781760
198813616932274177
198813617280397313
198813617880174593
198813618165395456
198813619335606272
198813619226546176
198813618861645824
198813619209773057
198813619759222784
198813619876667394
198813619700514816
198813619398512641
198813619914412032
198813620191244288
198813619893448704
198813620174462976
198813620933623808
198813621546000385
198813620954599424
198813622313549824
198813622351310849
198813621743132672
198813622611349506
198813623286628352
198813623097901057
198813623764783104
198813623869648898
198813624020643841
198813624209391616
198813624016437249
198813624284872707
198813625572532224
198813626340081664
198813626658852864
198813626335899648
198813626973437952
198813627103457281
198813627153780737
198813626948255744
198813626939875329
198813627552239617
198813627879395329
198813627988455424
198813628290449408
198813626503675904
198813629376761856
198813629947183105
198813630450511872
198813630739922944
198813630836379648
198813630911889408
198813631029329920
198813631067070464
198813632291807236
198813632593793024
198813632811896833
198813632954507265
198813632803520512
198813632950308865
198813632539267072
198813633361350656
198813634351210496
198813634657402880
198813635001327616
198813635647258627
198813635739529216
198813635223633920
198813635454316545
198813635903098880
198813635466895360
198813636700024832
198813636859396096
198813636909744131
198813636884566017
198813636658077697
198813637090091008
198813637727621120
198813637622767616
198813637404655616
198813637962510336
198813638079954944
198813638574866432
198813638914613248
198813640634286080
198813640831414272
198813641334726658
198813641586384898
198813639497617408
198813641653501952
198813641594773504
198813642161008640
198813641846431746
198813642400071680
198813642911793154
198813643503185921
198813643889053697
198813643616423936
198813643910037504
198813644241375233
198813644111360000
198813644857946114
198813644191043585
198813645654863872
198813645227048962
198813645617111040
198813645831024641
198813646976069634
198813647051567105
198813646367895552
198813647038976000
198813647659737089
198813647437443075
198813647907209216
198813648251133954
198813648204992512
198813648754442240
198813648628625408
198813649484259329
198813649811423233
198813649945640962
198813650713190400
198813650889342976
198813649287118848
198813651338145792
198813651413635072
198813650788679681
198813651812089856
198813651472359425
198813650419597312
198813652546105344
198813650297954305
198813653150089216
198813653087162368
198813653460467712
198813652839702528
198813655033319424
198813655339507713
198813655117201410
198813655788306433
198813656165781504
198813655729586179
198813656018989056
198813656585216000
198813656643932160
198813656643944451
198813656987873281
198813657147256832
198813656622972928
198813657080152064
198813657205977088
198813656614576128
198813657637978113
198813657466019841
198813658799800321
198813658732699651
198813659114389504
198813659567362048
198813660020346880
198813660221677571
198813660527857665
198813659584147456
198813660993433600
198813660641112065
198813661421256706
198813661249290240
198813661580632064
198813661593214976
198813662830538753
198813662696325122
198813662738259968
198813664227233793
198813664227229698
198813664579551232
198813665850433539
198813666332782594
198813666802536448
198813668236992513
198813668887109632
198813669465923584
198813670002798592
198813670170558465
198813670443192320
198813670833274880
198813671068151808
198813670724218880
198813670015385600
198813672120926208
198813672452259840
198813672292888576
198813671965720578
198813673026895872
198813673337270272
198813672926232580
198813673593118720
198813673811222530
198813674268393472
198813674054488064
198813674348085248
198813674465533953
198813674482307073
198813674960457729
198813675145003008
198813675589603328
198813675522494466
198813675899994113
198813675748982784
198813675732213761
198813676608815104
198813676248121344
198813677078593536
198813677141495810
198813677451882498
198813677514797056
198813677854527488
198813678240399360
198813677841944577
198813678424956928
198813678647250944
198813679054106627
198813679146385409
198813679305756672
198813679947485185
198813680270458880
198813680698273793
198813681025425408
198813680928952321
198813681209978880
198813681662963714
198813681537126400
198813682975768578
198813682967388160
198813683206471680
198813683906916352
198813684322156547
198813684527665153
198813684989042689
198813685383315456
198813685945339905
198813685706260481
198813686041808896
198813686989725696
198813686536749056
198813686951985152
198813687178465281
198813687241392128
198813686654189568
198813687430127617
198813688415793154
198813688323514368
198813689309167616
198813689271435264
198813688403202050
198813688281579521
198813688944267266
198813689980264448
198813689778929666
198813690043170818
198813691284684802
198813691339218945
198813691620245506
198813691980951552
198813692140331008
198813692492656641
198813692853370881
198813693000163328
198813693251829761
198813694292008960
198813690663936000
198813694279417857
198813695097311232
198813695541911554
198813695336386560
198813695843909632
198813695676137473
198813696665985024
198813696896679936
198813697433550849
198813697391599617
198813697496449024
198813698431787009
198813698339504128
198813698566012928
198813698633109505
198813698993819650
198813699446812672
198813699765575680
198813700029812737
198813701338431489
198813701535576066
198813702873550850
198813702852575233
198813702064062465
198813702831611905
198813702823227394
198813703251046402
198813703318142976
198813703313956864
198813703896956930
198813704513519619
198813704593223681
198813704777768960
198813704945541120
198813704991686656
198813705121705985
198813703087460352
198813705943789569
198813706493235202
198813706614878208
198813707017527298
198813707340492801
198813707814436864
198813707403403267
198813707764113408
198813708514889728
198813708552646657
198813708988850176
198813709039173632
198813709735436289
198813708946903040
198813709253087236
198813710398140416
198813710519771136
198813710553321472
198813710914043906
198813711249580034
198813711266349058
198813711459303424
198813712092635136
198813712415600640
198813712440766465
198813713124429826
198813713795518464
198813713954914304
198813713740988416
198813714747629569
198813715221585920
198813715649409025
198813715678773248
198813715880095746
198813716286939137
198813717381660673
198813717339713538
198813718283431936
198813718589607936
198813718543474688
198813718988066816
198813720082784256
198813719545921537
198813720657408002
198813721055858689
198813721282363393
198813722003783680
198813722217693184
198813722272210944
198813721995395072
198813722863616001
198813723182374912
198813723329167361
198813723362738176
198813723853471744
198813724365160448
198813723870240768
198813724285480960
198813724772024320
198813725212422144
198813725178863616
198813725984169986
198813725661216769
198813726839816193
198813727028551680
198813726202265601
198813727238262785
198813727565418497
198813727603175424
198813727850627073
198813727934513152
198813728093896704
198813728651747328
198813729079562242
198813728823721984
198813726793666560
198813729868091392
198813730241392645
198813731159937025
198813731659055104
198813730698559493
198813732795727872
198813733408088065
198813733311619072
198813735232614402
198813735488471041
198813735941443584
198813736423788544
198813736281186305
198813737271037953
198813738344783872
198813739087175680
198813739150082048
198813738688716800
198813739284316163
198813739284303874
198813739972169728
198813740072841217
198813739942813698
198813739837960192
198813740538413056
198813739926044672
198813740097998848
198813741092057089
198813740626485248
198813740592926720
198813741595369472
198813741524074499
198813742815920128
198813743419899904
198813743868690433
198813744371990532
198813744472653827
198813743788990467
198813744703348737
198813744908869633
198813745873551360
198813746506899456
198813746917941250
198813746829864961
198813746993442816
198813747249295360
198813744837562369
198813747337363457
198813748440465408
198813749052846080
198813748474019840
198813748381753348
198813749086388225
198813750386630657
198813749925257218
198813751414226944
198813751762358273
198813751833657344
198813752068554754
198813752420872193
198813752374738944
198813753427509248
198813753440088064
198813754027286528
198813753989541888
198813753687539712
198813753557516288
198813755348500480
198813755595960321
198813756397076480
198813756204130304
198813756313174016
198813756778741760
198813757290446848
198813758037032962
198813758297079809
198813757722468352
198813758288695296
198813758829768704
198813758565519361
198813759119179776
198813759148539904
198813759974801408
198813763095363585
198813763317673984
198813763653222400
198813764286545920
198813764458512384
198813763275735041
198813764424957952
198813765632933890
198813766417264640
198813767050604544
198813767914627072
198813769076453378
198813769596538880
198813771190370304
198813771395903490
198813771639169024
198813771035185153
198813771924385792
198813772004081664
198813768812212225
198813772343820288
198813771412668416
198813772637417472
198813772222181376
198813772830351360
198813772935208960
198813773635657729
198813774466134016
198813774730366977
198813775158198274
198813775556648961
198813775938334720
198813776043184128
198813776437452801
198813775565033473
198813777305673729
198813777838350336
198813777423110145
198813778022891520
198813778673020928
198813775460188161
198813778958225409
198813779486707712
198813779604152321
198813780329775104
198813780661112833
198813780380094466
198813781504172032
198813781520949249
198813781713883136
198813781663547393
198813781692919808
198813782095577090
198813782145904640
198813782582116352
198813783400005633
198813783391600640
198813783509057538
198813783060254720
198813783957831680
198813783773290496
198813784947691520
198813785216126976
198813785799143427
198813785945931776
198813786256318464
198813786960961536
198813787376189441
198813787707543553
198813787564949504
198813785601998849
198813789238460416
198813789800501248
198813791142674433
198813791671156736
198813792375816193
198813791901843456
198813792732327936
198813791385952257
198813792803627009
198813791918628864
198813794250661888
198813794443603969
198813794682679299
198813794372288512
198813795223736321
198813795244703744
198813794976272384
198813795848687616
198813795886436353
198813796331036674
198813796423311360
198813796490428417
198813795353755648
198813797270568960
198813797903904768
198813798059094016
198813798512078850
198813798688227328
198813798126202882
198813798302363649
198813799040548865
198813799233499136
198813799602593792
198813800068161537
198813800596635648
198813801385181185
198813801561337857
198813801808797696
198813801787834368
198813802270162945
198813802265980930
198813802601525249
198813802505052161
198813801884295169
198813802630881280
198813802807046144
198813802941267968
198813803381669888
198813802647666690
198813803436179456
198813803452956673
198813803645902848
198813804132450306
198813804061143041
198813804421840897
198813804988080130
198813805390729216
198813805495590912
198813805671755779
198813805575286786
198813805361373184
198813805319438337
198813806133129217
198813806217007105
198813806619668481
