198827648191971329
198827648263270400
198827648124862465
198827648435224577
198827648275857408
198827649005666304
198827648460402688
198827649903247360
198827650230390784
198827650037452802
198827650175864832
198827648485564416
198827651140567040
198827651245416448
198827650091978752
198827651220258818
198827651539025923
198827652101054464
198827651429957632
198827652168163328
198827652499521536
198827652528865280
198827653292240896
198827652767948800
198827653858476034
198827653518725120
198827653262884866
198827653564866561
198827653103484930
198827654982533120
198827655104184322
198827655259369473
198827655360036864
198827655158706176
198827655016103937
198827654177226752
198827655641055233
198827655414550528
198827655276150786
198827654785417216
198827655271956481
198827656089845760
198827655779463168
198827653938167810
198827656681234435
198827655141916673
198827656635105280
198827657314570240
198827657234886657
198827657008394240
198827657566240768
198827657889198081
198827657952104448
198827658161819648
198827657645928450
198827657943711744
198827658266689536
198827657985667073
198827658958741504
198827659063595009
198827659197808641
198827659256528896
198827658912612353
198827658912612352
198827659847925761
198827659894079489
198827659772428291
198827659432701952
198827659965366272
198827659877289984
198827660636467201
198827660330270722
198827660737130497
198827660330287106
198827660502245377
198827660980404225
198827661152362497
198827659604664321
198827661714399232
198827661475319808
198827662389686272
198827662431629312
198827662398066688
198827662280626176
198827662008004609
198827663375343616
198827663798960128
198827663161438208
198827664088371200
198827664142893056
198827665044676608
198827665011118081
198827665128554496
198827665287938049
198827665669623810
198827661454344192
198827665518628864
198827665480880129
198827666479132673
198827666487521281
198827666550427649
198827666500108288
198827666198114304
198827666894368768
198827666982453248
198827666906939392
198827666869190656
198827667628367872
198827667368325122
198827667859054592
198827668148461568
198827668144267264
198827668903432193
198827668957962241
198827669188644864
198827669528379393
198827669792636929
198827669759066112
198827669926854660
198827669742305281
198827669939433472
198827670111387648
198827670673428481
198827670686023680
198827670585344000
198827671545843716
198827671063506946
198827671973675008
198827671914954752
198827671407435776
198827672409878528
198827672065945600
198827672145637376
198827672204349440
198827672737021952
198827672556675072
198827672942559233
198827673118715904
198827673835929600
198827674322468865
198827675027111936
198827675945680896
198827676205715457
198827676130222080
198827676335747072
198827675400421376
198827676121841664
198827676528672768
198827675954057216
198827676612575233
198827677208158208
198827677451423744
198827677455622147
198827677392715776
198827677665329154
198827677803757568
198827677921193984
198827677984112640
198827678202204160
198827677946363905
198827677950545920
198827678479036417
198827678978150400
198827679561170944
198827679296921600
198827679464701952
198827679347257344
198827679103983616
198827679921881088
198827679858962433
198827680387444737
198827680555216896
198827680139968512
198827680752336896
198827677833109504
198827680991428608
198827680152567808
198827680878178305
198827681498939392
198827681360515072
198827681398276096
198827681922547713
198827681482153985
198827681482145793
198827681821892609
198827682237120514
198827679213031424
198827682635591680
198827683004682240
198827682547503104
198827682924990464
198827683952594944
198827683453468673
198827684023898112
198827683587694592
198827684007129088
198827683826774016
198827685126995969
198827683398959105
198827685949095938
198827686041354241
198827685613535233
198827685902958593
198827686146215936
198827686657933313
198827686100074496
198827687106711552
198827686993461249
198827687358373888
198827687412891648
198827687043796993
198827687886852097
198827688398553088
198827688633450496
198827687505178624
198827688423727106
198827689291943937
198827688406953984
198827689489080320
198827689539403776
198827689312919552
198827690231480321
198827690831265794
198827691036778497
198827691640758272
198827692395737089
198827691791749120
198827692689342464
198827692563513345
198827690592174080
198827692693520384
198827692555108352
198827693184266240
198827693226205184
198827693125537792
198827693544976385
198827693687578624
198827693603688449
198827695084281857
198827694782291969
198827695688257536
198827695587606528
198827695746981888
198827695340126213
198827695784734720
198827695897980929
198827695969280000
198827696036380672
198827695931539457
198827696606814208
198827696946561024
198827697181425665
198827697441476608
198827697923817473
198827697709920256
198827697873494017
198827698020298752
198827697869299712
198827698519425024
198827699010142209
198827699559600129
198827699131793408
198827699974840320
198827699895152640
198827699651878915
198827700268449792
198827700587208704
198827700792725505
198827700587208705
198827701644169216
198827702642417665
198827702613057538
198827702772449280
198827702411726848
198827702759866368
198827703045066754
198827703212851200
198827702906662912
198827702998925313
198827703527419905
198827703800037376
198827704584388609
198827704689246208
198827704949293056
198827704806674434
198827704886366209
198827705607782400
198827705406468096
198827706010451968
198827706085937153
198827706077548545
198827706362769409
198827706585063427
198827706719272961
198827707348430849
198827707650416640
198827707524595712
198827708338282496
198827708296335361
198827709030334464
198827709365878785
198827709525274625
198827709382656000
198827709273612289
198827709881786368
198827708908699649
198827709932109824
198827710489960449
198827710745821184
198827710955536384
198827711614042112
198827710888419328
198827711794393089
198827712121552897
198827712561954816
198827712855552001
198827713128169472
198827712868126721
198827713140756481
198827713082036225
198827713585356801
198827713950257152
198827714331938819
198827713975427073
198827714487140353
198827714566819840
198827714860417024
198827715271471104
198827714898165760
198827715497955328
198827715913203712
198827716122918914
198827716601065472
198827716554915841
198827716668174336
198827714654912512
198827717448310785
198827717213425665
198827717976793090
198827718236844032
198827717834178560
198827718522052609
198827718173921280
198827718471725056
198827718710792192
198827718735958016
198827719050539008
198827718798876672
198827719297998848
198827719289602048
198827719587401729
198827720443035648
198827720367550464
198827719818084353
198827721072193536
198827721168666625
198827721315459073
198827721332240385
198827721227374592
198827721416122368
198827721382572032
198827721839755264
198827722305323010
198827722108186624
198827721994936320
198827722452119552
198827724255662081
198827723978833921
198827723739766784
198827724956106752
198827724511510528
198827725367156738
198827724813512704
198827725409103872
198827722745716737
198827726109544448
198827725790777344
198827726201823232
198827726470258691
198827726700953602
198827726503817216
198827726445088768
198827726906470402
198827726772244480
198827727074230273
198827727254593536
198827727132966912
198827727913095169
198827727690792961
198827728064090112
198827727153922048
198827728038932481
198827728777134083
198827728684843008
198827729150410752
198827728638722048
198827729557270529
198827729922170880
198827730253529088
198827730526150656
198827730937200640
198827730937184256
198827731675385857
198827731771863043
198827731528589312
198827732182904834
198827731713146880
198827731482451970
198827731721523202
198827732333903872
198827732803649536
198827732736548865
198827733139202048
198827733403439105
198827733457973248
198827733915148289
198827733881589761
198827733487321088
198827733822881793
198827734166802432
198827734812733440
198827735752257536
198827735890661378
198827736251383811
198827736213622786
198827736498839552
198827733311172608
198827736591118336
198827736846974977
198827737148964864
198827737027325953
198827737346093056
198827737459343361
198827737841008640
198827735676760065
198827738910564353
198827738294005761
198827739334180865
198827739455815680
198827740105936896
198827741066432514
198827741276147712
198827741469085696
198827741569748992
198827742131785728
198827742467342338
198827743096487936
198827743192948736
198827742979043328
198827743960514561
198827744216358912
198827743570432000
198827744342179840
198827744505769985
198827745386569729
198827744556101633
198827744765816833
198827745457872896
198827745394958336
198827745822773248
198827746535817217
198827747424993281
198827747655688192
198827748129652737
198827747655684097
198827748247080961
198827747819261952
198827748783964162
198827748431642625
198827748330962944
198827749031419904
198827749127892992
198827749098520576
198827749283086336
198827749484412929
198827749081751558
198827749534744577
198827749404708864
198827750457475073
198827750663000064
198827750717530112
198827750532976640
198827750558142464
198827751174713345
198827751103414272
198827751778689024
198827751027900417
198827751887749120
198827751854190592
198827752353300480
198827751908720641
198827752386859008
198827752453963778
198827752420425728
198827753196371969
198827753993277440
198827753942953984
198827754492399617
198827754551119873
198827754580480001
198827755167690752
198827755733921795
198827755201241088
198827756245614592
198827756274978816
198827756279173120
198827757130629120
198827756870565888
198827757461966848
198827757445201920
198827757680070657
198827757218705411
198827757998833665
198827758229524481
198827757747187713
198827758384713729
198827758753820673
198827759156477952
198827758888030208
198827759814971392
198827760377012224
198827760779661313
198827760972611584
198827760725131264
198827761136185344
198827761425588225
198827761903742979
198827762054725636
198827762444795904
198827762767761408
198827762553851905
198827762633543680
198827763816345600
198827763598241792
198827764206403585
198827764156080128
198827764013477890
198827764818784257
198827764441296896
198827764797808640
198827765137543170
198827764932022272
198827765670227969
198827766022537216
198827766131597315
198827766928519168
198827767515713536
198827767180173312
198827767662526466
198827768044191744
198827767876427777
198827768128081920
198827767868047360
198827767192752128
198827767238901760
198827768463626242
198827768392335361
198827768803373056
198827769315078144
198827769239576577
198827769558335488
198827770040692736
198827770250395649
198827770334294016
198827770468511745
198827770346876928
198827771038941184
198827771349303296
198827770896334848
198827771798102018
198827772439830528
198827772683100161
198827772792160257
198827772758597632
198827771127013377
198827772657938432
198827772708261889
198827771991031808
198827773849108480
198827773551329280
198827774654418944
198827774583115777
198827774981578752
198827775740751872
198827775266791426
198827775275175937
198827775438766081
198827775921094656
198827776038539265
198827776399249408
198827776197926912
198827775950471168
198827777150038018
198827777238122496
198827776516694016
198827776931938305
198827777498157057
198827778521567234
198827778618048514
198827778961981442
198827779184279552
198827775321321472
198827779675009024
198827779234598915
198827779989581825
198827779997958146
198827779742109697
198827780648079361
198827780807467009
198827781008785408
198827781004595200
198827781252055040
198827781637947392
198827781726023681
198827781440806913
198827782388719618
198827782539710465
198827783609257984
198827783663792128
198827783667978241
198827783458271233
198827783210799104
198827783718309889
198827784368427009
198827784234221568
198827784792051712
198827784511041537
198827785345708033
198827785530245120
198827786385899520
198827786251677696
198827786658516992
198827786671095808
198827786960506880
198827788013273088
198827787837124608
198827788470468608
198827787883253762
198827789040889856
198827789640663044
198827790106238977
198827789657440256
198827789942661123
198827789984595968
198827789749731330
198827790513094656
198827791150624769
198827791142223872
198827791096086528
198827791117062145
198827790966063105
198827791553273857
198827791440027648
198827792018833409
198827791964315648
198827792035622912
198827792211775489
198827792517963776
198827792392142848
198827793285525504
198827792702517249
198827792459247618
198827793449107457
198827793495240706
198827794023718912
198827794833219584
198827795286200320
198827795521081344
198827795709820928
198827796208959488
198827797551124481
198827796976513026
198827796477378560
198827798108962817
198827798192861184
198827798733930497
198827798259961856
198827798624874497
198827799048495104
198827799044300800
198827799363059713
198827798578728960
198827798918471680
198827799467929601
198827799702814721
198827800352915456
198827801195982849
198827801355354113
198827801468608516
198827800931745792
198827801925791745
198827802349408257
198827801548308481
198827802412331008
198827802517184513
198827802496204800
198827802710118401
198827801976123392
198827802638811136
198827802651394049
198827802223587329
198827803318304769
198827800956907520
198827804295565313
198827804341706752
198827804673064964
198827804895350785
198827806069760000
198827806258499586
198827806573068288
198827807005085699
198827806984126465
198827806749229058
198827806816354306
198827807491620864
198827807399350273
198827808112377856
198827808603119616
198827808695390208
198827809119023104
198827809186119680
198827809181941761
198827809299382273
198827809202913281
198827809999826944
198827809806876672
198827810607992833
198827811291668480
198827810670919680
198827811690123264
198827812042452993
198827812008890368
198827812273143808
198827812453490689
198827811400720384
198827812579323904
198827812516409345
198827813573378049
198827813111988224
198827813552398339
198827814324150272
198827814550638593
198827813703393280
198827815465000960
198827814735192064
198827815297220608
198827816442265600
198827816219975683
198827817142730752
198827817306292224
198827817104969729
198827817734123520
198827818321321984
198827818380038145
198827818132582401
198827819474751489
198827819688673281
198827819093069825
198827819210522624
198827820372340736
198827820225536000
198827820594630659
198827820804341761
198827821630623744
198827822876340224
198827823631314946
198827823350288384
198827823979442176
198827824784740352
198827825145454593
198827825678123009
198827826043027456
198827827305517056
198827827016122368
198827828010164226
198827827481681920
198827828366680065
198827828861607937
198827829855662080
198827829704663040
198827830044397568
198827829499150336
198827829478162434
198827830363160576
198827830321221633
198827830115696640
198827830719692802
198827830853898240
198827831143301120
198827831193636864
198827831311089665
198827831306883072
198827831659204608
198827832091222020
198827832619712512
198827832225443840
198827833148178433
198827833257246720
198827833248849921
198827832841998337
198827831831179264
198827833500508160
198827834318397440
198827834435846144
198827834700075008
198827834679107584
198827834893008896
198827833160773632
198827835949985792
198827835836743681
198827836008710144
198827836239396866
198827836906278912
198827837065666560
198827837602537472
198827838122622978
198827838311366657
198827838764359680
198827838856626177
198827838990856192
198827839448039428
198827839842287616
198827840060403712
198827840052002816
198827840328843267
198827840827961346
198827840815374336
198827841016705024
198827841461288960
198827842375655424
198827841931059202
198827842476310528
198827843134832640
198827843424227328
198827843042541569
198827844086931456
198827843805921282
198827843256459264
198827844250509313
198827844841914369
198827844665737216
198827845693353984
198827845655597056
198827846536404992
198827846712565760
198827846578339840
198827847010361345
198827847459147776
198827847589171200
198827848054751236
198827848570642432
198827848528703488
198827848163799041
198827849229152258
198827849308839941
198827850130915329
198827850273538050
198827850382581760
198827850344841216
198827850843959296
198827850504224769
198827850948816896
198827850718117889
198827851229822976
198827850751676416
198827851179499520
198827851456323586
198827851519242241
198827851473100800
198827852240650241
198827852009975808
198827853805129728
198827853243101184
198827854115508224
198827853939359744
198827855088582656
198827855294107649
198827855159902209
198827855306694656
198827854191013889
198827855604498435
198827856124588034
198827853247283200
198827857143791617
198827856980226048
198827857131225088
198827857433198593
198827856606924800
198827857609359360
198827858351755267
198827858544705537
198827858221735936
198827858813136896
198827858775384065
198827859337420800
198827859513577472
198827859681345536
198827859933020160
198827859777822722
198827859844923392
198827860813811712
198827861396832256
198827860826398720
198827861719785475
198827861736566785
198827862080487424
198827862223101953
198827862306979843
198827862445391873
198827861866586112
198827861925302273
198827861753335808
198827863217152000
198827862483140608
198827863200382977
198827863489781761
198827863623995392
198827863280070657
198827863867265025
198827863443644416
198827864181841920
198827863129071616
198827864420909057
198827864647409664
198827863917608961
198827865108787200
198827865125560321
198827865842778113
198827865914097664
198827866815864832
198827866824261632
198827866803273730
198827866337705988
198827867327574016
198827867692474368
198827868090929152
198827868678139904
198827868485189633
198827869043036160
198827869173063680
198827869835767808
198827870737543168
198827871404437504
198827871261831169
198827871555432448
198827871760957440
198827871995830272
198827872427851778
198827872826298368
198827872872448000
198827873266696193
198827873669361664
198827873585463296
198827873438662657
198827874579521536
198827874617270272
198827874793439233
198827874487242752
198827874977980416
198827875347079168
198827874906673152
198827876001386498
198827875489689600
198827877184184322
198827877159010305
198827877674909696
198827878199205888
198827878153060353
198827878866108419
198827878861914113
198827879637852160
198827879604289537
198827880254418945
198827880673841154
198827879788855297
198827880682229761
198827880342487041
198827880384438272
198827881927950337
198827882959740929
198827882942963713
198827883081371649
198827882800353280
198827883848929281
198827883517575168
198827883081383938
198827884813623297
198827885291773952
198827885388242947
198827886306791425
198827886327775234
198827885988024320
198827886516518912
198827886927556609
198827886726225921
198827886352932866
198827887003049984
198827887120490497
198827887783190529
198827886373912576
198827888156491776
198827888567521281
198827888659804163
198827888856936450
198827888907264000
198827887741243392
198827888718512128
198827888475250688
198827889238618112
198827889750315008
198827889792253952
198827890241048578
198827890064891904
198827890471747584
198827890949894144
198827891000225792
198827886797533186
198827891256070145
198827892027817984
198827892514361344
198827892967350272
198827893529387008
198827893692968960
198827893181255680
198827894011736065
198827894062059520
198827893747499008
198827894301130754
198827893978181632
198827894921891841
198827894720569345
198827894808645633
198827895232278530
198827894720573440
198827895290994688
198827895349710848
198827895450382337
198827895198724097
198827896561864704
198827896566054912
198827895978868737
198827895932719104
198827896758996992
198827897073569794
198827897023234048
198827897065185282
198827897291685890
198827897480417280
198827897937608704
198827898210226178
198827898151510016
198827898453508096
198827898868744192
198827899640487936
198827899653070848
198827899330109440
198827899653070849
