198812548810813441
198812549003743232
198812548794028032
198812549230243842
198812549158936577
198812549381230593
198812549108609024
198812549502869504
198812550287208449
198812550400458752
198812550576603138
198812551138656257
198812551302234114
198812551495155714
198812551662931969
198812551235117056
198812552233361410
198812552032038912
198812551738425344
198812552308867073
198812552866709504
198812552774434818
198812553558757376
198812553915277312
198812553504243714
198812554007543808
198812554175315968
198812554380840960
198812555123236865
198812555030953984
198812552774422529
198812555110649857
198812555689476096
198812554104012801
198812555626553344
198812555727212544
198812554741555200
198812556389924866
198812557392351233
198812558940053504
198812559082659840
198812559158153216
198812557912444928
198812558600314881
198812558952632321
198812559426596865
198812558965219329
198812559489503233
198812559581782017
198812559724396545
198812559606951937
198812559900540929
198812559598567425
198812561502777345
198812561104310273
198812562089971712
198812560705859584
198812562031255553
198812562337443840
198812562295488512
198812560869433345
198812562513604608
198812562526191617
198812562530381824
198812562744291329
198812563390214145
198812563876753408
198812563708973057
198812564216479744
198812562937233410
198812565076328448
198812564854022144
198812565390884864
198812565583839232
198812566183616513
198812566443659265
198812566967951360
198812566875684864
198812566678536195
198812567114747904
198812567248965632
198812567458676737
198812566775005184
198812567127326720
198812567689363456
198812567764860929
198812567517405184
198812568368840704
198812568742137856
198812567869734914
198812568398204929
198812568880549888
198812568926691328
198812569220296704
198812566187810817
198812569547444225
198812570239504384
198812570499563520
198812569908162560
198812570503753728
198812570818322433
198812570671525888
198812571334225921
198812570868649985
198812571564904449
198812571208400896
198812572034662400
198812571363577856
198812572479275009
198812572043059200
198812572558958593
198812572399583232
198812573431373825
198812573674647552
198812572802232320
198812572454096896
198812574832275456
198812574211518464
198812574664503297
198812574630940674
198812575453020161
198812575574654976
198812575750815744
198812575977308161
198812576275120129
198812576606466049
198812576589680642
198812576761643008
198812576619048961
198812577780875264
198812578510675969
198812579131428864
198812579357925376
198812578846224385
198812579198550016
198812576216391682
198812579617980418
198812579731218432
198812579634741249
198812580012232705
198812576912646144
198812580372955136
198812580452646912
198812580305838080
198812580804952065
198812580897230849
198812581249548289
198812581530583040
198812581710934016
198812581849346049
198812582004531201
198812582512041985
198812583015366656
198812583254433792
198812583086657537
198812583585792001
198812583539654657
198812584382693379
198812584428838912
198812583908741122
198812584525299713
198812585498378241
198812585653567490
198812586358226944
198812586484056064
198812586685382656
198812586911870977
198812587155132416
198812587373248512
198812587230638083
198812587125784576
198812587947859970
198812588103049216
198812588354711552
198812588581203969
198812588866420736
198812588874809344
198812588702834690
198812588765741056
198812588950294528
198812589793357824
198812590288285696
198812591353626624
198812591152308224
198812591395573760
198812591898902528
198812592427380736
198812592104419329
198812592683237376
198812592372842496
198812589734633474
198812592607739904
198812593215913986
198812593719218176
198812593920557056
198812593547259904
198812594209964032
198812594314805250
198812594159624192
198812594746830848
198812593954111489
198812595380158465
198812594772000768
198812595644403713
198812595623440384
198812595946389504
198812596294520833
198812597594755073
198812598353928193
198812598395879425
198812598794326017
198812598806904834
198812598987268096
198812599184396288
198812599238934529
198812599159230465
198812599964545025
198812599914205185
198812599603826690
198812600375574531
198812600383979520
198812601185079296
198812600836956160
198812601361244160
198812601524817921
198812601050861568
198812602250432512
198812602221068288
198812602963476481
198812602917326850
198812603005415425
198812603378696192
198812604343386113
198812604360171520
198812604787990528
198812605052231682
198812604448243712
198812604884459520
198812605329059840
198812606058872833
198812606054678529
198812605580709888
198812606386024449
198812605782044672
198812606578954242
198812606201466881
198812607308759040
198812607346507776
198812608038580224
198812608005029888
198812608336363520
198812608235708416
198812608562864129
198812608156012545
198812608692895746
198812609431076864
198812609946980353
198812610127339520
198812610148302848
198812609804386306
198812610668404736
198812611075248129
198812610852962304
198812610764873728
198812611570171904
198812611209474048
198812608789348352
198812611909918721
198812612320960512
198812612404854785
198812612312580096
198812612446797824
198812612438396928
198812613210144768
198812613499555841
198812613751209984
198812614455861248
198812614371971073
198812615504429058
198812614602653696
198812615273742337
198812615512829952
198812615928057858
198812615990972417
198812615852572672
198812615781261313
198812616204877824
198812616989229056
198812616842424320
198812617240887296
198812618130075649
198812618172010496
198812616800477186
198812617647730688
198812617924542466
198812618213949440
198812618138464256
198812619484839937
198812619627446273
198812620348854272
198812620969611264
198812621691039744
198812620847980544
198812621296766977
198812621930106882
198812622089490432
198812622206935041
198812621829451776
198812622756392960
198812622869643264
198812622290812928
198812623716884480
198812623398113280
198812624014688257
198812623674945537
198812624148897794
198812624509599745
198812624530583555
198812624056619009
198812624127926272
198812624497020928
198812624824184832
198812624257953792
198812624840957952
198812624517996544
198812624245358594
198812624606068739
198812624639623168
198812624719323136
198812626082476032
198812625981808641
198812626225082369
198812625650462720
198812625549795329
198812625893728256
198812626485125122
198812626845831168
198812626887786497
198812626845827073
198812627537903616
198812628397731840
198812628045406209
198812629249179648
198812629278539777
198812629374996480
198812630188699648
198812630570381312
198812630813655042
198812630771707905
198812631476355072
198812631539261443
198812631052722176
198812631979655168
198812631736401921
198812632344563712
198812633321844737
198812633326039040
198812633833541633
198812632986304512
198812634294923264
198812634500435968
198812634865352705
198812634861150208
198812635087634432
198812635590967296
198812635972648962
198812636442406912
198812635418984448
198812636564033537
198812635972644866
198812636278824961
198812636727619584
198812637755211776
198812638174654465
198812638719909890
198812638879297537
198812639273566208
198812636299796480
198812639793659905
198812639953035265
198812640368267265
198812640527654912
198812640947081216
198812640963858432
198812640879984640
198812641379106817
198812641450401792
198812640976437249
198812641102270464
198812642008248320
198812641857257473
198812643014877184
198812643073605633
198812642981322754
198812642939387908
198812643702751232
198812643165863937
198812643685974016
198812643648225281
198812643711139840
198812644013117440
198812645103636480
198812644562579458
198812645313355776
198812645405634560
198812645414010880
198812645959278592
198812645896364033
198812647557316609
198812647637000193
198812648656211969
198812649117589504
198812647880278016
198812648761065472
198812650036137984
198812649574768642
198812649948057600
198812650124222464
198812649847402497
198812650094862336
198812650577211392
198812650661085187
198812651516723200
198812651919380480
198812652573691905
198812652510781441
198812652707913728
198812652426903555
198812653811011584
198812653433524224
198812653865549827
198812653655834624
198812653651623937
198812653114757120
198812654339506179
198812654314340353
198812653915869185
198812654427570176
198812654679240704
198812654079442944
198812654809251841
198812655039942656
198812655081881601
198812655618760705
198812655081889792
198812654385627136
198812656445034496
198812656470204416
198812656570859521
198812656847683584
198812657128710144
198812657464246273
198812657669771265
198812657493610496
198812657875292163
198812655291600898
198812658215026688
198812658449924096
198812658638655488
198812650392657920
198812658823208963
198812658928062464
198812659129397248
198812659301359617
198812659485913088
198812659792101377
198812660123451392
198812659687227393
198812660383481857
198812660911972352
198812661125885952
198812660811300865
198812660970684418
198812661687926784
198812661343985666
198812660609990658
198812661545316352
198812662077992960
198812662551953408
198812663004938240
198812663088807937
198812663390814208
198812662891683841
198812663260774400
198812664061898752
198812664028336129
198812663990595584
198812664787505153
198812664531652609
198812663978012674
198812664850423809
198812665169182720
198812665248878592
198812665227911168
198812665232105472
198812665362124801
198812665185976320
198812665634750464
198812665701871617
198812666742050817
198812666704310272
198812666653982720
198812666389733378
198812667035648000
198812667576729602
198812666893053953
198812667631239169
198812667861934080
198812668101009408
198812668218449920
198812668780486656
198812669560623107
198812669095051264
198812668566581248
198812669610967042
198812669300584449
198812668751126529
198812670730829826
198812670177198081
198812671087353857
198812671259316224
198812670479183872
198812671552913410
198812671636803585
198812672488255488
198812672026882048
198812672769265665
198812672932855809
198812672773455873
198812673150951427
198812672794439681
198812673448747008
198812674027565057
198812673838813185
198812673431965696
198812673926893568
198812673985622016
198812674442801152
198812674539270148
198812674103054337
198812674459574272
198812674077896705
198812674124025858
198812672949624832
198812674702835713
198812675566866433
198812674904174592
198812675952746496
198812675491381248
198812676250537985
198812676175044609
198812676837744640
198812677697572864
198812678028926977
198812677127143424
198812677668212737
198812678574186497
198812679190749184
198812678859395072
198812679777955842
198812679731806208
198812676879687680
198812680398708737
198812680600031232
198812680205778944
198812679786348544
198812681321455616
198812681690550274
198812681740886016
198812682692984833
198812681627639810
198812683020156930
198812682705575939
198812683510886400
198812683481526276
198812683796090880
198812683313758209
198812683905142785
198812684186165248
198812684307800064
198812683854807042
198812683770920960
198812685347983360
198812685733871616
198812686551752704
198812685897437184
198812686400765952
198812686862123009
198812686912458752
198812687755513856
198812687822630912
198812687906508801
198812688296574976
198812685742243841
198812689726844928
198812689026396160
198812689634562049
198812689705861120
198812690116915202
198812690490200066
198812690016247809
198812690968358913
198812688070082560
198812691270352896
198812691345850368
198812692444749826
198812692465713153
198812692922892289
198812692608319488
198812693086478336
198812693115838466
198812693325557760
198812693757575168
198812693627547649
198812694248292352
198812694671925248
198812694244102144
198812694420267009
198812695858909184
198812695481430017
198812696391593984
198812696831987713
198812696592908288
198812696609685505
198812697054285826
198812696043470849
198812697050099714
198812696542588928
198812697385639936
198812698115457025
198812698467770368
198812699189190657
198812699205963776
198812699151450112
198812699331805185
198812700120317953
198812700019658752
198812699960942593
198812700434903040
198812700502011904
198812701022109697
198812700862717952
198812701563166721
198812701378621442
198812701600911360
198812701135355904
198812701932265472
198812702355898369
198812702553022466
198812702943092737
198812702251024384
198812702217474049
198812703236702209
198812704159449090
198812704276889601
198812704939577348
198812705015078913
198812705128325120
198812704880869376
198812705589702656
198812705694556160
198812706042691585
198812706004926466
198812705740693505
198812706319507458
198812706483077120
198812706785083392
198812706738946048
198812706923491328
198812706961227777
198812707019964417
198812707057713154
198812706881544192
198812707267424256
198812707355500544
198812707456172032
198812707313557505
198812707665874944
198812708131454976
198812707732996097
198812707963678720
198812708760600576
198812709054201856
198812708836098050
198812709754650626
198812709838520323
198812709800775684
198812709901443072
198812709637193729
198812710014681089
198812709477822464
198812710115360768
198812710811615233
198812711000354817
198812711281369088
198812711923093504
198812711835013120
198812712707424256
198812712720015360
198812712866820096
198812712950697984
198812712598372353
198812713185587204
198812713030397953
198812713852473345
198812713894412290
198812713605021697
198812713466593282
198812713948938241
198812713865052160
198812714922029057
198812714192220161
198812715215622144
198812716427788289
198812716545216512
198812716725567489
198812716301946880
198812716188708865
198812716939489280
198812716872384512
198812717308575745
198812716742344704
198812717577015296
198812717455392770
198812717786734592
198812717719629824
198812717837062145
198812718382321665
198812717908373504
198812717807706113
198812718415876097
198812718608826370
198812718017417216
198812719309258753
198812719393153025
198812719154077696
198812719221178368
198812720211046400
198812720227815424
198812720127152130
198812720798236672
198812720957628417
198812720928272384
198812720529813507
198812721775525889
198812722413043712
198812722496933892
198812722387894272
198812722220122113
198812723314827264
198812722828279808
198812723478413313
198812723075760129
198812723436466176
198812723331604480
198812724027867138
198812724258553856
198812724216594432
198812724665393153
198812724891889665
198812724149489665
198812724384366595
198812725353254913
198812725281951744
198812725613314048
198812726011768832
198812725382615042
198812726187925507
198812726624129024
198812725982408705
198812726280196096
198812727324581888
198812727521710080
198812727320379395
198812726900948993
198812726586392576
198812727504928768
198812728205393920
198812727953727488
198812728394137600
198812729073614849
198812729560154112
198812728792596480
198812729572724736
198812729824382976
198812730004738048
198812726242451456
198812729757278209
198812730474496000
198812729853751297
198812731187544064
198812731409825792
198812731367886848
198812733217570817
198812732378722304
198812733536337920
198812734245179393
198812734723342336
198812734446514176
198812734995959808
198812735113400321
198812735146967040
198812735725768704
198812735734161411
198812735398617090
198812734954016768
198812736136814592
198812736409448449
198812736984068096
198812736472354816
198812736430419969
198812737390907394
198812737323810816
198812737332187139
198812737600630784
198812737478983680
198812738292695041
198812737952940034
198812738514980867
198812738443677696
198812738993131520
198812738301083649
198812739429339136
198812739651645442
198812739773284352
198812740930908162
198812740876382209
198812741308399616
198812741409054721
198812741438423041
198812741979480064
198812742226939904
198812741656510465
198812742893846528
198812743053225985
198812742944178178
198812740213673987
198812743535558658
198812743736889344
198812744575754241
198812744852582401
198812744894529536
198812740863791106
198812745074880512
198812744768696320
198812744915501056
198812741241274368
198812743548153857
198812741295804417
198812745825660929
198812746601598977
198812746643550208
198812746953932800
198812747310432256
198812747364958208
198812747151060992
198812747453050880
198812747973136385
198812748308692992
198812748518395906
198812748031864834
198812748694564865
198812748786839553
198812749130760192
198812749315325953
198812749374038017
198812749709578243
198812749667631105
198812749332094977
198812750154174464
198812750393245697
198812750212894720
198812751068536834
198812749340479488
198812751324393472
198812751206944768
198812748098965504
198812751655735297
198812751949344769
198812751928373248
198812752138076161
198812752335216641
198812752817561600
198812753497042945
198812752679145473
198812753006297088
198812753669013504
198812753803223040
198812753262153731
198812753488658433
198812754415595520
198812753861939200
198812754063261697
198812754553999361
198812754713382912
198812754180718592
198812754243624960
198812754931499009
198812753677389824
198812754767908865
198812755468357632
198812755216707584
198812755145400320
198812756022013953
198812756013613056
198812756210749440
198812754621108224
198812756927971328
198812756684701696
198812757481623552
198812757846523904
198812757099937792
198812757410316292
198812758366621696
198812758228209665
198812758559567874
198812758840578050
198812758899298306
198812759071264768
198812759419400194
198812758828003331
198812758249181184
198812759343906819
198812759566196736
198812759327117312
198812759880773632
198812759364870144
198812760493133824
198812760602198016
198812761168424960
198812761650774016
198812761130668032
198812762539966467
198812762095362048
198812761994698754
198812762875498497
198812763001331712
198812763529818113
198812760027561984
198812759213879296
198812763475292161
198812762485436417
198812763794046978
198812764972646400
198812764968464384
198812765153013761
198812765123641344
198812764112818177
198812765559853056
198812765626974208
198812765736009730
198812765991862272
198812766482612226
198812765736013824
198812767103356930
198812766801379328
198812766881058818
198812767275319296
198812767103365120
198812767510204416
198812764880384001
198812767065620482
198812767220793344
198812767732514816
198812764062494720
198812768487485440
198812768667844610
198812768479088640
198812769057914880
198812770366529536
198812770521726976
198812770936950787
198812771104718849
198812770534305792
198812771259924480
198812771515768834
198812771712897025
198812771117309952
198812768256802818
198812771347992576
198812772019081217
198812772056829952
198812772300107776
198812771910037504
198812772937637889
198812772929257474
198812774309183490
198812774778941440
198812775106101248
198812775248703488
198812775206748160
198812775454224384
198812775525519361
198812776041414656
198812774908952576
198812775743635456
198812775844290560
198812776662183937
198812776142077952
198812776188227586
198812776825761792
198812777366831105
198812778071461888
198812777408757760
198812778184712192
198812778935492608
198812777450713088
198812780009238528
198812780340576258
198812780344782848
198812780311220225
198812780713877504
198812781468852224
198812781728890881
198812782123167746
198812782303526912
198812781791817729
198812782412562433
198812784182562817
198812784216121344
198812783809269760
198812782177693698
198812783918317568
198812783935111168
198812784564248577
198812785268895745
198812785843515393
198812785998692353
198812785986117632
198812786023858179
198812785256304640
198812785717678080
198812786489438209
198812786862727168
198812786971770881
198812786418126848
198812787034701825
198812786195824640
198812786598486016
198812787223441409
198812787626082304
198812787911311361
198812787982606337
198812788305559552
198812788179746816
198812788070690819
198812789035368449
198812789115076608
198812787651260416
198812789786157056
198812789605797889
198812789937160192
198812790302052354
198812790117507072
198812791136714752
198812791744892929
198812791430316032
198812791807811584
198812792533434369
198812792785084416
198812793263230976
198812793091272707
198812793502306305
198812793581998080
198812793456164865
198812793691062273
198812794181787648
198812793699446784
198812794467000324
198812790302056450
198812795259719680
198812795574292480
198812795314249729
198812795670769665
198812796153102336
198812796916469762
198812795670761473
198812796853555200
198812797965053953
198812797482713088
198812797864382465
198812798149607424
198812798942318594
198812799147839488
198812798598389762
198812799294644226
198812798669701121
198812799303024640
198812796740313088
198812799735046146
