198818588734402560
198818589418074114
198818589837496323
198818590324035585
198818590852530176
198818591339053057
198818591024488448
198818592458932224
198818593255858176
198818593918566401
198818593239072768
198818594065350656
198818593406853122
198818593411055617
198818594342174724
198818594103111680
198818594627395584
198818594514149377
198818595206217728
198818595202007040
198818594086326272
198818595504013312
198818594098909184
198818596154114048
198818596061843456
198818595113938945
198818596388995072
198818595600482305
198818594174414849
198818597391450112
198818598217723905
198818598284828675
198818598452609025
198818598997852160
198818599622815748
198818599132078080
198818599824138240
198818599991910400
198818600428126208
198818600616865794
198818601799663617
198818601405382658
198818601887727617
198818602261020672
198818601736736768
198818602974068739
198818603305418753
198818603380916224
198818603372527616
198818603057938432
198818604135878658
198818604303654912
198818604098134016
198818604475617280
198818604727287809
198818605117353984
198818605100580864
198818605650026496
198818605717139458
198818605796831233
198818604987322369
198818605826191361
198818605092184064
198818605943619584
198818606505660416
198818607088668673
198818607180947456
198818607235481601
198818607885598720
198818607420018695
198818608233709568
198818608288235521
198818608867057664
198818609420697600
198818608569253888
198818609475235840
198818609420713984
198818609861103616
198818610859343872
198818610754502656
198818610469281792
198818611069071361
198818611140366337
198818612046336001
198818611886952448
198818612511903744
198818613430464512
198818613329805313
198818613367545856
198818613178810368
198818614076375041
198818615456309248
198818616014151680
198818615225614337
198818616450359297
198818616936906752
198818616655872001
198818617016590336
198818617217921025
198818617360515073
198818617767370753
198818617054339073
198818617985474561
198818618190999552
198818618455232514
198818618996310016
198818619021471745
198818619147300866
198818619373780993
198818619386368000
198818619050831872
198818620132966402
198818621198319617
198818620229435392
198818620657238017
198818621512884224
198818621718413312
198818622045552642
198818622234304512
198818622267867137
198818622204952577
198818622360141825
198818622993481728
198818623052185601
198818622691475458
198818624054636545
198818623425482754
198818624184651778
198818624482455552
198818624750882816
198818624834777088
198818624901881856
198818625031913472
198818625480691715
198818626244059136
198818627032580096
198818628169248769
198818628613832704
198818628970352641
198818628940988417
198818629503037442
198818630379646978
198818630656462849
198818630748737536
198818631407255553
198818631541465088
198818631541465089
198818631734394880
198818631843446784
198818632120279040
198818631314972672
198818631830876160
198818632342585345
198818631688261632
198818632682319873
198818632892030977
198818633617641474
198818633487630336
198818633479233536
198818633886085121
198818634041274368
198818634905296897
198818635500896260
198818636092276736
198818636541071361
198818636671107072
198818636515909633
198818636859846656
198818637040193536
198818636658507777
198818637350576128
198818637228937218
198818637593853952
198818637937782786
198818637837107200
198818637925191683
198818637577072640
198818638017474560
198818638550142976
198818639187685378
198818637832916992
198818639187677185
198818639258976256
198818640026537985
198818640282386432
198818641100275712
198818641075122176
198818641297408000
198818641486163968
198818641498746880
198818641414848515
198818641410670592
198818642094338048
198818641230299137
198818643147096064
198818642895454208
198818643822383106
198818644057260032
198818645026156544
198818644610916352
198818645021966337
198818644736753664
198818645412028417
198818645307170816
198818642920611840
198818646204743680
198818646968123394
198818647102332929
198818646733225984
198818646317989888
198818647811174401
198818647999905792
198818648654217216
198818648490639360
198818648729731072
198818648813613057
198818649602129921
198818650474549249
198818650612969473
198818650906566656
198818651787366400
198818651745427459
198818652651388928
198818653129555970
198818653603508224
198818653595119616
198818653616095232
198818653993574400
198818653905489922
198818655235092480
198818655440617472
198818655620960256
198818656585654273
198818656728264704
198818656778584064
198818656984113153
198818656782790656
198818657797808128
198818657818775552
198818657890082816
198818658796056577
198818658498256897
198818659349700612
198818659655892997
198818659731386368
198818659601367041
198818660108869633
198818659622326272
198818660285038593
198818661467820032
198818662168268800
198818662101168129
198818662747090945
198818662919045121
198818663049068544
198818663149740032
198818663237816320
198818663804043264
198818662524796928
198818664919744512
198818665179783168
198818665527914496
198818665729236992
198818665716662272
198818665796354048
198818665678913536
198818666362572800
198818666316443649
198818666840731648
198818666886873088
198818666912022529
198818666865901569
198818667633442816
198818668086435841
198818668040294402
198818667008495616
198818668828827648
198818669395054592
198818669973872641
198818670389104642
198818671299268609
198818670913392640
198818671567704065
198818671618035715
198818671760650240
198818671957770244
198818672255569920
198818671966158848
198818672201052160
198818671915831296
198818672544985088
198818672750493696
198818673757126657
198818673874575361
198818674528890881
198818674440802304
198818674566627328
198818674776350720
198818674163978240
198818675346780160
198818675212558336
198818676428910592
198818676592480256
198818676697341952
198818677095792640
198818676751859712
198818678186323969
198818678266015744
198818678089842688
198818678689628161
198818678601560064
198818678597357568
198818678484111360
198818677372616704
198818679381696512
198818680186994689
198818679654326273
198818680539316224
198818680757424128
198818680887459841
198818681017470976
198818681164267521
198818681499811840
198818681550159873
198818682221248513
198818683752153088
198818684448419840
198818684452614145
198818684687499264
198818684742012928
198818685123706881
198818685392125952
198818685618618368
198818686021275649
198818685538930688
198818686348427264
198818686319079425
198818686436511744
198818685803175936
198818687539609601
198818687527038976
198818687644475392
198818687887745024
198818687506067456
198818688051326976
198818688663691265
198818688898568192
198818688298786816
198818689301221377
198818689338982400
198818689397686274
198818689527726081
198818689636761600
198818689775181824
198818690064596993
198818689653555200
198818690442084352
198818689661939712
198818690307850240
198818690559508481
198818690769235968
198818690769240064
198818692052684801
198818693629743105
198818693227089920
198818689980698624
198818693214519299
198818694514741249
198818695252938752
198818694997086208
198818695739486208
198818695269711872
198818695919841280
198818695978549250
198818696435744768
198818696062447616
198818697371058176
198818697320738816
198818698016985090
198818697727582208
198818698813902850
198818698771959808
198818698486755328
198818699044585472
198818700311281665
198818700550352898
198818700789428224
198818700994940929
198818701405995008
198818700856532993
198818701733150720
198818701695385600
198818701825413120
198818702211293184
198818702131593217
198818702282592256
198818702525865984
198818703238893568
198818703507341313
198818703591215105
198818704383938560
198818704333615105
198818704040013826
198818705084399616
198818704929193985
198818705050841089
198818705130528771
198818706074243072
198818706753716224
198818706808258560
198818707110232064
198818707475136512
198818707676463105
198818707424808960
198818707290595328
198818707697438720
198818708150423552
198818707127021569
198818708288831490
198818708880232448
198818708909604864
198818709207396352
198818708439826432
198818709521965058
198818709580677120
198818709635215360
198818707697446912
198818708993490944
198818710960619520
198818711090634754
198818711522643968
198818711942070273
198818712718028801
198818712126631938
198818712554442753
198818712290213888
198818713338789889
198818714697740288
198818714437681153
198818715196862464
198818715532398592
198818715964424193
198818715880521728
198818716484513792
198818716438372352
198818716929105920
198818717054930944
198818717277229057
198818717616963584
198818718225137664
198818718728458242
198818718762020864
198818717646340097
198818719168860161
198818718896242688
198818719219200002
198818719147884544
198818719487635457
198818719621840896
198818717717630978
198818719374385152
198818719957397505
198818719709929473
198818720221630464
198818721203097600
198818721513488384
198818722624978945
198818723501576192
198818723384139778
198818723837124608
198818724122329088
198818723925209088
198818723719684096
198818724285915136
198818724353028096
198818724675981312
198818724080390145
198818724344627201
198818724973772800
198818725003137025
198818725451931649
198818725586157569
198818725326094336
198818725682626560
198818725577768964
198818725787480064
198818725804261376
198818725883949056
198818725909102592
198818726815088640
198818726764752896
198818725900718080
198818727083507712
198818726525669377
198818727268069376
198818727523921922
198818727809122304
198818728165650432
198818728543133697
198818728757035008
198818728681553920
198818729159700481
198818729356832768
198818729008705536
198818729855946753
198818729902084096
198818730040496128
198818730107609090
198818730183106560
198818731084890112
198818730648678400
198818732078923776
198818732175409152
198818732775182336
198818732284444673
198818732800348163
198818733165248512
198818732888424448
198818733970558977
198818734025084929
198818734654226432
198818734926860288
198818735186915329
198818736080302080
198818735472132096
198818735941890048
198818736940130305
198818737024008192
198818737208569857
198818736969494528
198818737607032833
198818738009673728
198818737753825280
198818738169065472
198818738512986112
198818738982760449
198818739502850048
198818739226030080
198818739695788032
198818733106528257
198818740794691585
198818741285429249
198818741390278657
198818741243486208
198818741855850496
198818741969096704
198818741969108995
198818741889400832
198818741562261506
198818742149459968
198818742296264706
198818742417899520
198818742707298304
198818743856541697
198818744548601857
198818744607326209
198818745781723136
198818744775086081
198818745949499392
198818745714622465
198818746159214592
198818746670919684
198818746721247234
198818747014844419
198818746926772224
198818747467829248
198818747937603584
198818747614625792
198818747966951424
198818748541571072
198818748491235330
198818748986179586
198818749116198914
198818749263003650
198818749623713792
198818750085070852
198818750403854337
198818750357712896
198818750013771777
198818750437404673
198818750500319232
198818750768750593
198818751112683521
198818751674712066
198818751108489216
198818751678914560
198818752261922816
198818752077365249
198818752509394945
198818752626823169
198818752857522176
198818753084014592
198818752761036800
198818753188872192
198818753331478531
198818753092403201
198818753125953536
198818753021100032
198818753079803906
198818754174521345
198818754107408385
198818754560393216
198818755546062849
198818755915153411
198818755948716034
198818756728864769
198818756607217664
198818757332844544
198818758314303488
198818758498852864
198818757781622785
198818758431744000
198818758574342146
198818758884728832
198818759224471552
198818759685836802
198818760151412736
198818760310792192
198818760243687425
198818759933304832
198818761283870720
198818761040605184
198818761434861568
198818761850093569
198818761640382464
198818761845899264
198818762366009344
198818763104198656
198818763133562880
198818763213258752
198818763301339136
198818763779473408
198818764131799040
198818763179704321
198818764924518400
198818765020995586
198818764987445248
198818764983238656
198818765293617152
198818765218123776
198818764115025920
198818765398482945
198818766027624448
198818766585462784
198818766849708033
198818766853914627
198818767214608387
198818767269150720
198818767558541312
198818768904921088
198818769248858113
198818768644866048
198818769336938497
198818769185931265
198818769949310976
198818769840254976
198818768829427712
198818769752174592
198818770444234753
198818770351955968
198818770943361026
198818770976903170
198818771476029440
198818771325038592
198818771123699714
198818772134531072
198818772293910529
198818772633665536
198818772767879169
198818772826599424
198818773644484609
198818774181363713
198818774365896704
198818775024414722
198818775737442304
198818776697942018
198818776962183170
198818777394196480
198818778316943360
198818778308558848
198818777679400962
198818778564407296
198818778342096896
198818778891567104
198818780007247873
198818780137271297
198818780074360832
198818781789827075
198818781013876738
198818779420049412
198818782184095744
198818783157161984
198818782611914753
198818784335765504
198818784612597760
198818785027817472
198818785350787072
198818785770213376
198818786114142209
198818786902687746
198818787376644096
198818787884142593
198818787687014400
198818787619909633
198818788530073600
198818788643311616
198818788530077697
198818788760756225
198818789171806209
198818789134053376
198818789477978112
198818789733842945
198818789683507202
198818789985501184
198818790077767684
198818790031626240
198818790279090178
198818790321033216
198818790950187008
198818792539824130
198818792770506753
198818792976023552
198818792854401024
198818793290600449
198818793051533312
198818793760374784
198818794242711553
198818794368536576
198818794351767553
198818794406293504
198818794402103297
198818794859266048
198818794892832768
198818795140292608
198818795136098305
198818795345809408
198818795542945793
198818794108489728
198818795987550208
198818796931256320
198818796981592064
198818796755091456
198818797375848449
198818797757546496
198818798734815233
198818799271686145
198818799485583361
198818799191986176
198818799531724801
198818799154233344
198818800995536896
198818801129750528
198818800995545088
198818801645658112
198818802404831232
198818802404835328
198818802392252416
198818802413223937
198818802643902464
198818803172392960
198818803864440833
198818804141277185
198818804300652545
198818804300644352
198818804019625984
198818805030469632
198818805785436160
198818806590734336
198818806779482114
198818807563825152
198818808184586241
198818808331374594
198818809564512256
198818809744855040
198818810814414848
198818810952814592
198818811514859521
198818812068507648
198818812513099776
198818812013969409
198818813049970688
198818814937399296
198818815679807488
198818815767875584
198818816208277505
198818816392826880
198818815935647747
198818817156194305
198818817550450688
198818817424629761
198818818481586176
198818818640973826
198818819609870336
198818819739889664
198818820889133056
198818821686042624
198818822118051840
198818822499737601
198818821946081281
198818821878984705
198818822927564802
198818822797537282
198818824043233280
198818823250522113
198818824672395264
198818824789835776
198818824672382976
198818824844353536
198818825003732992
198818825314123776
198818826094256128
198818827142840320
198818827373510656
198818827436429313
198818827469979648
198818828183027712
198818828480819201
198818828975738880
198818829030277121
198818829298704384
198818829630058496
198818830296940545
198818830573764609
198818830712184832
198818830833819651
198818828996710400
198818830531829761
198818831232278531
198818829613273090
198818831177760768
198818833073573888
198818834407374848
198818834138927104
198818834600312835
198818835497889792
198818835170721792
198818835732770816
198818835145560065
198818835938283520
198818835963449345
198818836055724032
198818836378693633
198818836336750592
198818837603422210
