198838469387231234
198838469517262848
198838469479501824
198838469685030913
198838469907329024
198838469785686016
198838469995397120
198838469664059394
198838470121238530
198838469773103105
198838470360309760
198838470158983168
198838470234476544
198838470423228416
198838470544850947
198838470628745217
198838470138015746
198838470901383168
198838470410641408
198838470578409474
198838471127871488
198838471090110464
198838470863630336
198838471517945856
198838470620352512
198838471308226560
198838470834270208
198838471060754432
198838471555682307
198838471928971264
198838472193220608
198838472251932672
198838472147083264
198838472574902272
198838472432291840
198838473141141504
198838473082417155
198838472507793408
198838473245990913
198838472830754817
198838473178890240
198838473250185217
198838473493450753
198838473229205505
198838473266954240
198838473220825088
198838472491008000
198838473808027648
198838473082417152
198838474646888449
198838475338952704
198838475380899840
198838474793689088
198838475536084992
198838475674497028
198838475632541696
198838474823053313
198838475729022977
198838475913568256
198838475376705536
198838475317981184
198838474927910913
198838475422838787
198838474764333058
198838475959709696
198838476437860353
198838475817099264
198838476467224577
198838476605628417
198838476312023040
198838474995007488
198838476072955904
198838477113139201
198838476991508480
198838476903419904
198838477050220544
198838477524176897
198838476744036352
198838475829678080
198838477884899329
198838473124364288
198838477066993664
198838475959709698
198838476962140160
198838473619279873
198838477331251200
198838477410934784
198838478266568705
198838477410938880
198838477033443330
198838478635679744
198838475963899904
198838478711173120
198838477398347779
198838478048473090
198838476429471744
198838478715371521
198838478308519937
198838478870548480
198838478274965505
198838479004766210
198838479214477312
198838479411617793
198838478501462016
198838478841184256
198838478979596288
198838477629030401
198838479600361474
198838479881371648
198838479474528257
198838479948492800
198838480036577280
198838477960392706
198838479428386816
198838478816022529
198838480535699456
198838480749600770
198838480200146944
198838479881371649
198838480267264000
198838479952687104
198838480724430852
198838480464396288
198838481034817536
198838480569253888
198838481135484928
198838480271450114
198838481269698560
198838481563299842
198838481080954881
198838480057532417
198838481563299840
198838482016284673
198838481538125824
198838481999499266
198838482175668225
198838482255351810
198838481840123905
198838482020466690
198838482544758784
198838482548961280
198838480749600769
198838482112757761
198838482708344834
198838483031306241
198838482200821760
198838483375239168
198838482658004993
198838483433947137
198838483404595200
198838482653822977
198838480388890624
198838483857584128
198838483241017345
198838483698200579
198838483832406018
198838483345879043
198838483828224001
198838484193132544
198838483983417345
198838484390264832
198838484113424386
198838484973256704
198838484419616768
198838484654501888
198838485149421569
198838484058906627
198838483605925888
198838485040381953
198838485174591488
198838484910346242
198838485459804161
198838485338177539
198838485350752256
198838485573050368
198838484910342145
198838482754478081
198838485887614976
198838485921181696
198838484880998400
198838485958922242
198838485791154176
198838486055399424
198838485648547840
198838486185414657
198838486097334274
198838485849870336
198838486504185856
198838486357385216
198838486214774784
198838486495801345
198838486755844096
198838486827155457
198838486890057728
198838486495801344
198838486818766849
198838487087198208
198838485833105408
198838486919421953
198838487183667200
198838487330455552
198838487573729282
198838487519199235
198838487548563456
198838483534614530
198838487766663169
198838487133323264
198838487846367232
198838487699562496
198838487351427074
198838489058525186
198838488731357184
198838488886546433
198838489243062272
198838489314361344
198838489620545538
198838489721212928
198838489784139777
198838489658294273
198838489507299329
198838489637339136
198838490237112321
198838489515704320
198838489683464192
198838490618789888
198838490773979136
198838490576850945
198838490602016768
198838490958544896
198838490635579393
198838491205992449
198838490962722819
198838491331833856
198838491579293696
198838491507986432
198838491692535808
198838491738669056
198838491793207296
198838491713519616
198838492082618369
198838492095188992
198838491516387328
198838491654791168
198838491960975361
198838492342665217
198838492640460800
198838492854366209
198838492707553280
198838492674002945
198838492804022272
198838492510425088
198838492871139328
198838492514627585
198838492753707008
198838492955017216
198838493156356096
198838492518809600
198838492766273537
198838493324132352
198838493475123201
198838489498923009
198838492904701952
198838494037164033
198838493710008320
198838494238482432
198838494381088768
198838494259445760
198838494511116288
198838493961658368
198838494557245440
198838494641127426
198838494733402112
198838494171369472
198838494926340096
198838494896988160
198838493965844481
198838494968299520
198838495110901761
198838495547101184
198838495664553984
198838495572279298
198838494980866048
198838495861682176
198838495689703424
198838495421280256
198838495953952768
198838496063008768
198838495777792000
198838496218189824
198838496104951811
198838495962337280
198838496398557184
198838495819726849
198838496755073024
198838496759259136
198838496771837953
198838496876695552
198838496373391360
198838496973160448
198838496188825600
198838496457261058
198838497019310081
198838497421959169
198838497078018049
198838497182887936
198838498034323457
198838498051096577
198838497497464832
198838497665232900
198838498298576896
198838498323726336
198838497623285761
198838498042716161
198838497988182017
198838498554413057
198838497619099648
198838498755756032
198838498189520896
198838498747359234
198838499049357312
198838497736531968
198838498915135488
198838498881585155
198838499082895360
198838499112255488
198838499204534273
198838498546028544
198838498755739648
198838499489751040
198838499640741889
198838499602997248
198838499686887426
198838499305193472
198838499061923841
198838499800121344
198838499481362433
198838499502329857
198838500156645377
198838499993059329
198838500496379905
198838500076949504
198838500068556800
198838500165042178
198838500928393216
198838500680937472
198838501800816640
198838501532381186
198838500857102336
198838502178308096
198838502216040449
198838502148947968
198838501716922370
198838501909872640
198838502727749633
198838502408978434
198838503063293952
198838503126220800
198838502803259392
198838502723563520
198838502857781248
198838502832607233
198838503314952192
198838503646306304
198838503293976576
198838503814086656
198838503767949312
198838503969267712
198838503293992960
198838503478542337
198838503902150657
198838501331058689
198838503839248384
198838503918927873
198838504577445889
198838504506142720
198838504686493697
198838504468389890
198838504153821185
198838504338370560
198838504929771520
198838504984293376
198838504590028800
198838505252732928
198838505131098112
198838505030426624
198838505298870273
198838505441468417
198838505500192769
198838504522924032
198838506129334272
198838506355822592
198838506594893826
198838506720735233
198838506729115648
198838506343251969
198838507119198208
198838506339057664
198838507282767872
198838507165335552
198838506439708672
198838507467317248
198838507429568512
198838507567980544
198838507899338752
198838507983224833
198838507979030529
198838507739942912
198838507819630592
198838507945463810
198838507928694785
198838508754968576
198838508197117952
198838508692045825
198838509035991041
198838509044371458
198838508427812864
198838508545257474
198838508381667328
198838509556072448
198838509598023680
198838509082132480
198838509811929088
198838509526724608
198838509975502848
198838509820329984
198838509593837569
198838509581238273
198838510139088897
198838510713708544
198838510759845888
198838510839537664
198838510231359488
198838511376400384
198838511237992448
198838511598698496
198838511158296579
198838511632261121
198838511699378176
198838511397371905
198838511854555137
198838511812616192
198838511858753537
198838511430938624
198838511577726977
198838511682600962
198838511766470657
198838512055885824
198838511946825729
198838513117044740
198838512726974465
198838513293201408
198838513419026432
198838513590992896
198838513536475136
198838512953466880
198838513712640000
198838513813295106
198838513926541313
198838513423237120
198838514052378624
198838514178195457
198838514249498627
198838513620357120
198838514287259650
198838513750384640
198838514069143552
198838514308218883
198838514232733696
198838514748620800
198838514878652416
198838514106892290
198838514773786624
198838514299830273
198838511158300674
198838515084177408
198838514589237251
198838515499409408
198838515235160066
198838515474247680
198838515516182528
198838514979311617
198838514845089792
198838515780435969
198838515268730880
198838515327447040
198838515331629057
198838516183072770
198838516216635392
198838516325687296
198838516560560128
198838515730092032
198838516606697472
198838516531216385
198838516686397443
198838516619284480
198838516837384193
198838516883525632
198838516753510400
198838516925476865
198838516669612033
198838516443119616
198838516988391424
198838517391048704
198838517059690497
198838517596561408
198838517709811712
198838517093253120
198838517760139264
198838517424586752
198838517906939904
198838518410256384
198838518397681664
198838518531899394
198838518347345920
198838518544474112
198838519005847553
198838519077158913
198838519202988032
198838518548660224
198838518775164928
198838519261704192
198838519483990016
198838518519308288
198838519316230146
198838518959714306
198838519194599426
198838519316217856
198838519823740928
198838519727276034
198838519924400128
198838519869870080
198838520415137794
198838520452886528
198838519970541568
198838520352223232
198838520486436864
198838520327053312
198838520503214081
198838520633241600
198838520377376768
198838520926842880
198838520851333120
198838521002340352
198838521002336256
198838521006538752
198838521337880576
198838520876507136
198838521585344512
198838521610510336
198838521446936576
198838520205410304
198838521971212288
198838521765703681
198838521694400513
198838521681809408
198838521807634434
198838522189316098
198838521673433088
198838522340323328
198838522663276544
198838522663272449
198838522751352836
198838522763935744
198838522470350849
198838522805895168
198838522852016128
198838522747170816
198838523141439488
198838522088652801
198838523330174977
198838523493761024
198838523460206592
198838523401474051
198838523200147456
198838523195965440
198838523237900289
198838519370747904
198838523703463936
198838523888017408
198838520838762497
198838524760428544
198838523896401920
198838524726878210
198838524169027586
198838524865298432
198838525246967808
198838525158899712
198838525532192768
198838525959995393
198838525427326978
198838525599289347
198838525838376960
198838526178107392
198838526345871360
198838526589140992
198838526643675136
198838526761123840
198838526647861249
198838526215864320
198838526660448256
198838526706581506
198838527432208384
198838527365095424
198838527209910272
198838527570612224
198838527826468864
198838527906160641
198838527797112833
198838528107483137
198838527486734337
198838527692251136
198838527683858433
198838527834857473
198838527641911296
198838528296222722
198838528510144512
198838527474143232
198838528099106816
198838528635977728
198838528178794496
198838528812122113
198838528870842370
198838528308822017
198838528862470144
198838529109925888
198838528896012288
198838529097342976
198838529369980929
198838528510148610
198838529332228096
198838529533554689
198838529604849664
198838529634213889
198838528950534145
198838529571291136
198838529546137601
198838529026039808
198838529764229121
198838529961361408
198838529604853761
198838529885868033
198838530254970880
198838530393387009
198838529734873089
198838530523414528
198838530779267072
198838530917662721
198838530213031936
198838531081248768
198838530657632256
198838530200436736
198838531286769664
198838530615681024
198838531441954817
198838531035103232
198838531089641472
198838531379052545
198838531630702592
198838531509075968
198838531735568384
198838531278381057
198838531462930432
198838531290959874
198838529218969601
198838530422734849
198838532100464641
198838532050137088
198838532511502336
198838531915911168
198838532570218497
198838532587012096
198838531882369024
198838532570222592
198838532821876736
198838531576184832
198838532444397571
198838532599590913
198838533115494400
198838533476188160
198838533551702018
198838533484584961
198838533962739712
198838533736235009
198838534117924864
198838534352814081
198838534382161920
198838534138888192
198838534617047040
198838534218588160
198838534021455872
198838534726103040
198838534369583105
198838535124566016
198838534784819201
198838535208443906
198838535476875267
198838534759649280
198838535615291392
198838535711756288
198838535732736001
198838534600265729
198838535770476544
198838536076668929
198838536768733184
198838536764534785
198838536840032256
198838536806465536
198838536273801217
198838536961662977
198838537058140160
198838536630321154
198838537414651905
198838536793890816
198838537179758592
198838537511112706
198838538089922561
198838538207367168
198838538073145344
198838538496770049
198838538895241217
198838538794577920
198838539230785537
198838539331452928
198838539004280832
198838539809587200
198838539218194434
198838539864129536
198838539415330817
198838539914448897
198838539725713408
198838540006727680
198838540342276096
198838540564578304
198838540413575168
198838539918643200
198838539742478336
198838541038534656
198838541285990400
198838541072072705
198838541529260034
198838541852229635
198838541323743232
198838541097242625
198838541978058752
198838541860614144
198838542519107584
198838541906747393
198838541978050560
198838542405869568
198838540619091968
198838540119969795
198838543102124032
198838542712053761
198838543202791425
198838543219564544
198838543253114880
198838542846275588
198838543353778176
198838543366373376
198838542951133184
198838543118897152
198838543064379395
198838543760629760
198838543437672448
198838543836135424
198838543920009216
198838543869681667
198838543483801600
198838543546712065
198838543718694912
198838544217817090
198838544410750977
198838544641429505
198838544314286081
198838544792428548
198838544184262656
198838544976977920
198838544821780480
198838545069256704
198838544712728576
198838544544956417
198838545174114304
198838544607870977
198838544926650368
198838545551601664
198838545669033984
198838545832615936
198838545371246593
198838545832607746
198838545115389952
198838546340126720
198838546390450177
198838545706778624
198838546621145088
198838546096861185
198838546239459328
198838546428211201
198838546851827712
198838546453372930
198838545413177344
198838546298175490
198838546587590656
198838547262873600
198838547149635584
198838547250282496
198838547275452416
198838546897973249
198838547246092288
198838546302373888
198838547439030272
198838547720056832
198838547657134080
198838547808137218
198838546637922304
198838546629541890
198838547178995712
198838547954937856
198838548017856512
198838547808133120
198838547673907200
198838547980099584
198838547749416961
198838548311453696
198838548420493313
198838547652943872
198838548332429312
198838548621828096
198838548542144512
198838548785405953
198838548378550272
198838549112561664
198838549288718337
198838549464887296
198838549343244288
198838549779451904
198838549729132546
198838549833990145
198838550077247488
198838549779451905
198838550144368640
198838550261805057
198838550173728772
198838549972393984
198838550488289280
198838550710583296
198838550089826306
198838550723166209
198838550815444992
198838550526050304
198838550811258881
198838548789600257
198838550551203840
198838550848999424
198838551377485824
198838550727372803
198838551234887682
198838551004196864
198838551679483907
198838551478149121
198838551859838976
198838552056963072
198838551952097280
198838551952097282
198838551796916225
198838552312811520
198838552346370048
198838552610611201
198838552719667202
198838552967131137
198838553139085313
198838552992301057
198838552832913409
198838553327828992
198838553478828033
198838553587884033
198838553420115968
198838553726304257
198838553269125120
198838553906642944
198838552900014080
198838554120564736
198838554351247361
198838553764040705
198838553973764096
198838554749698048
198838553944395776
198838554875531264
198838554242191362
198838554762280960
198838555332706304
198838555424980992
198838555475324928
198838555055886336
198838554137341952
198838554883915776
198838555982823424
198838555383046144
198838554485469185
198838556209328129
198838556309991425
198838556435824641
198838556318384130
198838556574232577
198838556217716738
198838556549058561
198838556381298688
198838556431626242
198838556788146176
198838554783268864
198838557111107584
198838557136273408
198838557127884800
198838557211762688
198838556393865216
198838557341786112
198838557425676288
198838557400498176
198838557161431041
198838557232730112
198838557387919360
198838557819940864
198838558365204480
198838557966729217
198838556939132928
198838558386163716
198838558323249152
198838558306480129
198838558545547264
198838558780424192
198838558516195329
198838558725898240
198838558591696896
198838558759469058
198838558910455808
198838557350170624
198838559279550464
198838559644467201
198838559115976704
198838559648645121
198838559527026688
198838559996784640
198838559724150784
198838560214892544
198838560219082753
198838560508485632
198838560370065410
198838560378462210
198838560533655554
198838560575586306
198838560697221121
198838560768532480
198838561108271104
198838561137627136
198838561133436928
198838561733226497
198838561456394240
198838562161037312
198838561569636352
198838561850671106
198838562421092354
198838562429485056
198838562622406657
198838561720643585
198838562861481984
198838563125735428
198838563142504448
198838563264151552
198838563360608256
198838562161045505
198838563629039617
198838563650011136
198838563549356032
198838563914256384
198838563914260480
198838562941190144
198838564040097792
198838563956207619
198838562723078144
198838564199473152
198838564459528194
198838564371447808
198838564585340928
198838564077842433
198838564589535233
198838565025742849
198838564627296256
198838565256433665
198838564602134532
198838564849586176
198838565415825408
198838565692641281
198838565633933312
198838565663285248
198838565826871296
198838565495513088
198838566032388098
198838566149824514
198838565805887488
198838566237913088
198838564543410176
198838565919129601
198838566258884610
198838566753808384
198838567227764736
198838567248736257
198838567563304963
198838567844327424
198838567844327427
198838567789797376
198838568095989762
198838568133734400
198838567743655936
198838568385396736
198838568267956224
198838568267939840
198838568578330624
198838567869493248
198838568607686656
198838568821592065
198838568137932800
198838568649633792
198838568469282816
198838567907241984
198838569043886081
198838568519614464
198838568750284801
198838569056473091
198838568863535106
198838568850956289
198838569467510785
198838567752056832
198838569668849665
198838569836625920
198838569958248450
198838570176364545
198838569727574016
198838569601744896
198838569786290177
198838570071490561
198838570390257664
198838570532872192
198838570495119360
198838571002630144
198838570973278209
198838571032002560
198838570394464257
198838571287838720
198838571271073794
198838571342372864
198838570822270976
198838571250102274
198838571262685184
198838570901970944
198838571887636480
198838571346567171
198838571275255808
198838571736645634
198838571854073858
198838571313012736
198838572055412736
198838572177031169
198838571971514369
198838572160262144
198838572508393472
198838572550328321
198838572122521601
198838572462260224
198838572797800448
198838572948783104
198838573422739456
198838573678596096
198838573821210624
198838573871534080
198838573653426176
198838574026735616
198838574056079362
198838573116563457
198838574173532160
198838573787660289
198838574974631936
198838574920105987
198838574886555648
198838575226306561
198838575326969856
198838574823645184
198838575461179392
198838576132263937
198838575402459136
198838576027414528
198838575880609792
198838576211955712
198838576459431938
198838576635592704
198838577159868416
198838576442638336
198838576098709504
198838576375533568
198838576190980096
198838577453477889
198838577357000704
198838577088561152
198838577436704768
198838577684168705
198838577092755456
198838577411534848
198838577889673218
198838577239564288
198838577134710784
198838577671585792
198838578007113730
198838577411538946
198838577419919361
198838578355257344
198838578099396608
198838578904702976
198838579097649153
198838577919045632
198838579328331777
198838579240247297
198838579466739712
198838579236048896
198838579533852672
198838578841788416
198838579500302336
198838579680649216
198838579676446720
198838579735166976
198838579936497664
198838579861012480
198838580104273920
198838580272046082
198838580217520130
198838579785515009
198838580343345153
198838580846669824
198838580901195776
198838579856814081
198838581081550851
198838581089935361
198838580662112256
198838581853290496
198838582000095232
198838582209810432
198838582243373056
198838582406938624
198838582306275328
198838581811351554
198838582574718976
198838582759264256
198838582620856320
198838582755074048
198838582742495232
198838582826369025
198838582679576576
198838583098998784
198838583543607296
198838583518437378
198838583870758912
198838583841406976
198838584009170944
198838584160169988
198838584432799747
198838584587993088
198838583593934848
198838584483127296
198838584906760192
198838585007423488
198838585095495681
198838584416022529
198838584642519040
198838584382459907
198838584910946305
198838584986447872
198838585594621952
198838585661718528
198838585682694144
198838585347145728
198838585921765377
198838586081161216
198838584546050048
198838586072764417
198838585489756161
198838586114707456
198838585737220096
198838586370568192
198838586320240642
198838585733029888
198838586546728960
198838586488000513
198838586357981184
198838586345390080
198838586286673920
198838586714497024
198838586014044161
198838586794192897
198838587125538816
198838586940981248
198838587335254016
198838586626420736
198838587234594816
198838587435913217
198838587532390400
198838586529939457
198838587645640704
198838587364610048
198838587683381249
198838587796627456
198838587863736320
198838587725328385
198838587880513536
198838588232826881
198838588249604096
198838588199272448
198838588388032512
198838588266381314
198838588690018305
198838588870373380
198838588463525889
198838588480307200
198838588820041728
198838588903915520
198838588471902208
198838589696647168
198838588664840193
198838590044782592
198838590023798784
198838589352714240
198838590048964608
198838589881188354
198838590233509890
198838590409674752
198838590510342145
198838590187388928
198838590065750017
198838590640361472
198838590585835521
198838590153830401
198838590782967808
198838590602612736
198838590338379777
198838591139479553
198838591374376960
198838591202394113
198838591588282369
198838591122718720
198838591227568129
198838590975909888
198838591479218177
198838591986741249
198838591793799171
198838592095797248
198838592083214336
198838591479226368
198838591865102338
198838592422944768
198838592322273280
198838592448102400
198838592594915328
198838592737513472
198838592745902080
198838592666218497
198838592209035264
198838592993374208
198838592372621313
198838592808812544
198838593144360960
198838592573943809
198838593219866624
198838593479917569
198838593727377408
198838594025172993
198838593609932801
198838594608181248
198838593547014146
198838594608168960
198838594725609472
198838594511699970
198838594696249345
198838594666901504
198838594784337920
198838594952101889
198838595027599360
198838594880811009
198838595006644225
198838595249909762
198838595354767360
198838595451240448
198838594805309441
198838594956296192
198838595530915841
198838595325399040
198838594767564801
198838595790979074
198838596009066498
198838595648372740
198838595841294336
198838596504006656
198838596545937408
198838593198899200
198838596151681025
198838596378173441
198838596701126656
198838596483026946
198838596516581377
198838597112184832
198838597170900994
198838597095399424
198838597682593794
198838597741326337
198838597221220352
198838597858770944
198838597909098497
198838598206898177
198838597955235841
198838597967806464
198838598005555200
198838598122995712
198838598508871681
198838598882168832
198838599100268546
198838599196745729
198838599393869824
198838599289016320
198838598794096640
198838599179976706
198838599339360256
198838597762297858
198838599645544449
198838599813316608
198838599934947329
198838599586807808
198838600413097984
198838600434061312
198838599888801792
198838600572481537
198838600304037889
198838600748634112
198838593161134080
198838599846866945
198838600320811008
198838600916414464
198838601025458176
198838601100959745
198838600597643264
198838601218396161
198838601323261952
198838601243570176
198838601667198979
198838601755267072
198838601834962945
198838601394552832
198838602027900929
198838599721025536
198838601168064512
198838602338271233
198838601545560065
198838602095013888
198838602141151232
198838602501865472
198838602199875584
198838602849984512
198838602506055680
198838602980012032
198838603101638656
198838601973370880
198838603210694656
198838602636083200
198838603248439297
198838603349098496
198838603693043715
198838603525263360
198838604041166849
198838604011802624
198838604229902337
198838604234100737
198838604146024448
198838604481568769
198838604624179200
198838604108279810
198838604678696960
198838604791947264
198838604900990976
198838605152661504
198838605240741888
198838605681139713
198838605425278976
198838604489953280
198838605748240384
198838605664366592
198838605689536513
198838605618225154
198838605022633987
198838606188654592
198838606310285312
198838606146703362
198838606683570178
198838605781811200
198838606167678976
198838606369013761
198838605819543552
198838606805209089
198838606855548931
198838606331248640
198838607006543872
198838607103008768
198838607283355650
198838607149154304
198838606671003648
198838607488892928
198838607115587584
198838607421767681
198838607933485056
198838608084484096
198838607920906241
198838608013164545
198838608340328448
198838608415817729
198838608256446465
198838608533262336
198838608680067072
198838608424218625
198838607522439168
198838608327753728
198838608713629696
198838608902365185
198838609145638913
198838608545857536
198838609279856640
198838608638124034
198838609414066176
198838609565069313
198838609061756928
198838609594417152
198838609657335808
198838605718892544
198838609275666433
198838609695080449
198838609531514880
198838609284050944
198838609372127233
198838609309208577
198838609548296192
198838609372127232
198838609921572864
198838610072576000
198838610919817216
198838610454253568
198838611075006466
198838611205046272
198838611238600704
198838610408112128
198838611494445056
198838611502833665
198838611544768513
198838611536392192
198838611381190656
198838611788050432
198838611171483648
198838611624464385
198838611997765633
198838611997765632
198838611758690304
198838611720929280
198838609921589248
198838610965970945
198838612228456448
198838612333314048
198838611678990337
198838611314089984
198838610550722560
198838612597538816
198838613004402689
198838612580761600
198838613247672322
198838613268627456
198838612983427072
198838613469958145
198838613390266369
198838613126029312
198838613256060929
198838613226700800
198838613914562561
198838613629353984
198838614220734464
198838613851635712
198838614711476224
198838614115876864
198838614623387648
198838614967336960
198838614505963520
198838615319646208
198838615390957568
198838615269326848
198838615529373697
198838615680364544
198838612928905219
198838614778576896
198838615835549697
198838615747465217
198838615571304449
198838615940407296
198838616204648448
198838615453863936
198838616343068672
198838616498257921
198838616162697218
198838616754106369
198838616116559872
198838616338862080
198838616544382976
198838617064484864
198838616796037121
198838617228066816
198838617056083968
198838616888315904
198838617467138050
198838617190305793
198838617521668096
198838617441972225
198838617743949824
198838618138222592
198838618335354880
198838618498932736
198838618721230849
198838617760731137
198838618394079233
198838618272444417
198838617660063745
198838618775764993
198838619107115008
198838618570244096
198838619006443522
198838619568484353
198838619056779265
198838619761426432
198838619052584960
198838620168273920
198838620533166082
198838620604465153
198838619929190400
198838620688363520
198838620835151872
198838620499615744
198838620923248640
198838621061660672
198838620822573058
198838621615304704
198838620621258752
198838621560774657
198838621258780672
198838622164746240
198838622177341441
198838622307352578
198838621778886657
198838622177329152
198838621967622145
198838622345105409
198838622370279425
198838622433185794
198838622416416768
198838622361878529
198838620851945472
198838623062327297
198838622819061761
198838621510451201
198838623200755713
198838623360122880
198838623859249152
198838624081555458
198838624144457728
198838624169631744
198838624329007104
198838623913775104
198838624270290944
198838624358375425
198838624249315329
198838624891047936
198838625268543488
198838624387739648
198838625251762176
198838624769413120
198838625075609601
198838625159483392
198838625247559680
198838625725726720
198838625746694144
198838625356615683
198838625792835585
198838626094821377
198838625511817217
198838625595699200
198838626136768512
198838626149347330
198838625549549568
198838626220638208
198838625880915972
198838626182893569
198838626430365696
198838625880911874
198838626002534400
198838625968984064
198838626484891649
198838626287759360
198838626099019777
198838626560385024
198838626388410368
198838626208055296
198838626539421696
198838627231477761
198838627218894848
198838627617345536
198838627432796161
198838627579609088
198838627206311938
198838627759951872
198838627478933505
198838627818684416
198838627965485056
198838628166799360
198838627558629377
198838628229718017
198838627764142080
198838627889979393
198838628703674368
198838628821123072
198838628816916480
198838628884021248
198838629135687680
198838629215371268
198838629123108864
198838629223768065
198838629387345922
198838629244747777
198838629454462976
198838628762398720
198838629563506688
198838629731287040
198838629223759872
198838629940985856
198838629941002240
198838629769027584
198838630071013379
198838629106327553
198838629911642112
198838630301696000
198838629580283905
198838630368817152
198838630452690944
198838630515609600
198838630628868096
198838630700158976
198838630649831424
198838630687588352
198838630205227008
198838630716940289
198838630981173249
198838631023116288
198838630842769408
198838631094423552
198838631262191618
198838631882960897
198838631060877312
198838631962644480
198838631975227392
198838632092672004
198838631958454272
198838631757123585
198838630813417472
198838632478552064
198838632797319168
198838632407236609
198838631790678016
198838632944115714
198838633267081216
198838633137057792
198838633598435328
198838632906371072
198838633522937856
198838633501954050
198838633812332544
198838633757814784
198838634345005056
198838634345021440
198838633812344834
198838634634424321
198838632864419840
198838634902863874
198838634860908546
198838635460694016
198838632142995457
198838635305508864
198838635737518082
198838635657830401
198838635695575040
198838635926257665
198838636018548737
198838635808825345
198838636349898753
198838635771080705
198838636400230400
198838635775266816
198838636068876290
198838636614135808
198838636337299457
198838636739952641
198838637151006720
198838636547014656
198838637595594753
198838637532684289
198838637704646656
198838637624950785
198838637503328257
198838637683671042
198838638371553280
198838638543507456
198838638736457728
198838635343261697
198838638178611200
198838638992297984
198838639051018242
198838639457869824
198838639667580930
198838639835357184
198838639961178112
198838639592095744
198838640120573952
198838638891630592
198838640330293249
198838640443535362
198838637952106496
198838640238010368
198838640498065409
198838640800043010
198838641123000321
198838640913293312
198838640862965761
198838637595607041
198838641253040128
198838641706008576
198838641009758209
198838641265610752
198838641156558848
198838642003808256
198838642133835777
198838642238693377
198838641852809217
198838642658131969
198838642792349696
198838642309992448
198838642893000704
198838642872041472
198838642905579522
198838643064967168
198838642389684224
198838643043999746
198838643115302913
198838643383734274
198838643559903232
198838643387940864
198838642398076930
198838643513765889
198838643073368065
198838643161440256
198838643136270336
198838643299848194
198838643937394688
198838644738498560
198838644583317504
198838643702513665
198838644369399808
198838644243574785
198838644939829249
198838645187293184
198838645233430528
198838644910460930
198838645036298240
198838645510254592
198838646156181506
198838645803851777
198838646277816321
198838646286188544
198838646491721730
198838646219091968
198838646638514176
198838644918845441
198838646265233410
198838646504292352
198838646734987264
198838646462361601
198838645350862848
198838646525276160
198838647578034176
198838647582236674
198838647691288576
198838647146029056
198838645854191618
198838647901003776
198838647901003777
198838648265916417
198838648060391424
198838648458850305
198838648148475904
198838648257527808
198838648429481984
198838648786010112
198838648567902208
198838648484016128
198838648748257282
198838649092190211
198838649184460801
198838648853118976
198838649431932929
198838649754894337
198838650417577984
198838650262405121
198838650820239360
198838650971234305
198838650505666561
198838651210313728
198838651449384964
198838651411632128
198838651189346304
198838651310964736
198838651164176384
198838652028198914
198838651805892608
198838652044984321
198838652250501121
198838652158214145
198838652770598912
198838652997091329
198838653039026176
198838652627992576
198838652799950849
198838652854468609
198838652950953985
198838652829310976
198838653634625537
198838653798203392
198838652921593856
198838654242783232
198838653500399617
198838653999521792
198838653764636672
198838654217633793
198838654733533186
198838654154702849
198838654259572737
198838653517176832
198838654997766145
198838655052292096
198838655308136448
198838654603505664
198838655744356353
198838654989377536
198838655769509889
198838655052300290
198838656000212992
198838655761137667
198838656054726657
198838656436420609
198838656071512064
198838656490930177
198838656620961792
198838656277032960
198838656193146880
198838656801308672
198838656935538691
198838656935534592
198838656952311809
198838656641929216
198838657107492865
198838656998449152
198838656952320000
198838657145257984
198838657082335232
198838656780337153
198838657329795072
198838657606615040
198838657828913153
198838657795362816
198838657707286529
198838657954758656
198838658915246081
198838658441285632
198838658877493249
198838659338866688
198838658839748609
198838658894266368
198838659728932864
198838659733143552
198838659502444544
198838659548585984
198838659636670465
198838660202901504
198838659758297088
198838659766697984
198838660395831299
198838660542631938
198838660555227136
198838660165144576
198838660177723393
198838660630708224
198838660953677824
198838661058531328
198838660546826244
198838661217914880
198838661150814208
198838661259866113
198838660811079680
198838660622327809
198838661326974977
198838661662523392
198838661809324032
198838660664262656
198838661821902848
198838661809315841
198838662060982272
198838658416132096
198838662056783872
198838662081937408
198838662157438980
198838661599592448
198838663138902016
198838663201820672
198838663235375105
198838662790787072
198838663331852289
198838663491223552
198838661939347457
198838663428325376
198838663453483008
198838663961001984
198838663608680449
198838663994552321
198838663830978561
198838664447541248
198838664212643840
198838664430751744
198838664669831169
198838664594329600
198838664674029569
198838664237813760
198838664640475136
198838664564969475
198838663302492160
198838665038921728
198838664497868801
198838665311555584
198838665605152768
198838665638719488
198838665294774273
198838665219276802
198838665915535360
198838665374478338
198838666062344192
198838665659678720
198838666213330946
198838666431442944
198838666435629056
198838665881976832
198838666595024897
198838666368516097
198838666783756290
198838666884415490
198838666834087936
198838666897014788
198838666494349312
198838667152867329
198838667173834752
198838666708258818
198838666871832577
198838667094134784
198838667765235712
198838667324833793
198838668058828800
198838667861692417
198838668071419906
198838667958173696
198838668411150336
198838668620865536
198838668583116800
198838668406960128
198838669040304128
198838669178716160
198838669300346880
198838668746690562
198838669308727297
198838669686218754
198838669682016256
198838669237420034
198838669535215617
198838670105657345
198838669912707074
198838670265032704
198838670596374528
198838669883351040
198838670495719424
198838670684467201
198838670801903616
198838670608957441
198838670864818176
198838670617362432
198838671124869120
198838670491529216
198838671477182464
198838671129067521
198838671816929280
198838670936117249
198838671561072643
198838671728852992
198838672106340352
198838671586242561
198838671770783744
198838672068591616
198838671972110336
198838671238115328
198838672542531586
198838672446078976
198838672844525568
198838672639016961
198838673251377153
198838671456210944
198838673213636608
198838673222012931
198838673301700608
198838673448501248
198838670013370368
198838673603702785
198838673805025280
198838673222012928
198838670042734592
198838674098626560
198838674132180992
198838674232844288
198838674140573696
198838673574346752
198838674677444608
198838674727780354
198838673213624320
198838675503726592
198838675696652288
198838675138813952
198838675361112065
198838675432415232
198838676191592449
198838676283854848
198838676468408321
198838675948314624
198838676359360512
198838672605458432
198838676904620033
198838676803960832
198838676636180481
198838677177245696
198838677424701440
198838677047222273
198838678112575488
198838677990940672
198838678687195137
198838678951428097
198838678624284672
198838678552969216
198838679190511616
198838679123394560
198838678808821761
198838679572189185
198838679081463808
198838679903551488
198838679974854656
198838680109064192
198838679647682561
198838679572189184
198838680343945218
198838680373313537
198838680645939201
198838680465588224
198838680700461059
198838680792735745
198838680897589248
198838680650133504
198838680876617728
198838680989859840
198838681149243392
198838680847253506
198838681409306627
198838680985669632
198838681564495872
198838681551908865
198838681497378816
198838678708170756
198838681761619969
198838681841315841
198838681333805056
198838681975525379
198838681350578179
198838682269130752
198838682327859200
198838682189447169
198838682399154176
198838682613071873
198838682638237697
198838682311073792
198838682642415616
198838682378182657
198838682373992449
198838682965381120
198838682155880449
198838683514839040
198838683707768832
198838683128971265
198838683972022272
198838683762311168
198838684240461825
198838684370477056
198838684206907392
198838684177547265
198838684387254272
198838684710211587
198838684731183105
198838684605366272
198838685200945152
198838685297414144
198838685263872000
198838685419044864
198838684907347970
198838685381296130
198838685167398913
198838685859450881
198838686081744896
198838685901393920
198838686706700288
198838686610235392
198838687264555008
198838687293911040
198838686857691136
198838687168069632
198838686803165186
198838687730110465
198838687264546817
198838687784632320
198838687755288576
198838687566532609
198838688065667072
198838688308924416
198838688279560192
198838688254402560
198838687964991488
198838688459927552
198838688464113665
198838687746891776
198838688296341505
198838688598331392
198838688795467776
198838688854179841
198838688392822784
198838688589950977
198838689378476032
198838689118437376
198838688984215552
198838688703184896
198838688304742402
198838689714028545
198838689856622592
198838689797906432
198838689877594115
198838689869209600
198838689797898241
198838689806290946
198838690049564672
198838689529466882
198838690217340930
198838690355748865
198838690515140608
198838689936314368
198838690448023552
198838690796154880
198838691047817218
198838691198812160
198838690800336899
198838691446267905
198838691496603648
198838691458850816
198838691635007492
198838691635007490
198838691739865090
198838691907645442
198838691152670720
198838691706318851
198838691475623936
198838692385787904
198838692079611907
198838692524195840
198838692570333184
198838692419354625
198838692348039169
198838691257524225
198838692960415744
198838692771672064
198838692993961984
198838693048487936
198838692427735040
198838693337907200
198838693597945856
198838693610528768
198838693409198081
198838693866385408
198838693568581632
198838693878972416
198838693925109760
198838694008987649
198838694097072128
198838694097072129
198838694285803520
198838694290006016
198838694310985728
198838694017376257
198838694659096576
198838694671695874
198838694701047808
198838694269042688
198838694734594048
198838694432620544
198838694642331650
198838694290001920
198838694961098752
198838694675881985
198838695237910528
198838694772359168
198838694642323457
198838695242108928
198838694868824064
198838694461968384
198838695632191488
198838695795765248
198838696240357376
198838696236163073
198838696315863041
198838695745437696
198838696320049152
198838695686705152
198838695695101952
198838696504606722
198838696588492801
198838695615397890
198838696294875136
198838696395554816
198838696802390016
198838696198414336
198838696508792832
198838696999518208
198838697121153025
198838693803458560
198838697158901761
198838697293127681
198838696399745024
198838697641263104
198838697305702400
198838697834201088
198838698010349568
198838698366877696
198838698345906176
198838698714992641
198838698660478976
198838698815651840
198838697905500161
198838698761125889
198838699314790400
198838699302203392
198838698882772992
198838699558055936
198838699671306241
198838699650334720
198838699843264513
198838699847454721
198838699860033536
198838699306389504
198838700254310401
198838699860037632
198838700438851586
198838699738398721
198838700178812928
198838700518551553
198838700598243330
198838699851661312
198838700464013313
198838700736651264
198838700375949313
198838699843260417
198838700862472192
198838701206405120
198838700107497474
198838701210615808
198838701390970880
198838700979912705
198838699998457856
198838701520977920
198838701755858944
198838701361610752
198838701252550657
198838701848150017
198838701957189632
198838702028496896
198838702322094083
198838701676175362
198838701743292416
198838701617459200
198838702418575360
198838702460514305
198838702636675072
198838702544396288
198838702447935488
198838702838001668
198838702309523456
198838703081267204
198838702838005761
198838703358091265
198838703018344449
198838702913490944
198838703064498176
198838703676850176
198838703509082112
198838703752359936
198838703974649856
198838703492304897
198838704385699841
198838703546843136
198838704356339712
198838704524099584
198838703827853312
198838705069371393
198838704792535040
198838705316839424
198838704935157760
198838705434263552
198838704968708096
198838705421692931
198838704947740674
198838705350393857
198838705513971712
198838705866285056
198838705753042944
198838705874665472
198838705606246401
198838705673351169
198838706071814144
198838706193448960
198838706218602498
198838706264748034
198838705966948352
198838705677549568
198838706596098052
198838706583515136
198838706524798976
198838706533175297
198838706940030976
198838707023908864
198838707405594625
198838705287475200
198838706226995200
198838706709336064
198838707170717696
198838707451736064
198838707825016832
198838707841810432
198838707829219329
198838708219285504
198838707808256000
198838708269625345
198838708730998784
198838708743581696
198838708810682369
198838708957487105
198838708705828865
198838709607600128
198838709876039681
198838709859254272
198838708512886784
198838709708259328
198838709188169729
198838709351743488
198838710391947264
198838709943144448
198838710488399873
198838710308061184
198838710769434625
198838710836535296
198838710282883072
198838710941401088
198838710916231168
198838710819762176
198838711142723584
198838710966558723
198838710882680832
198838710895255552
198838711826399232
198838711604092929
198838711675387904
198838711822196736
198838711398580224
198838711302094848
198838711922864129
198838711415357440
198838712170328064
198838711700566016
198838712698814465
198838712640077826
198838711520206849
198838712954667008
198838713084686337
198838713030148096
198838713831276545
198838714040979456
198838713478955010
198838714204557312
198838713835462656
198838714150027265
198838714280067073
198838713692864512
198838714544300032
198838714624000000
198838714959536128
198838715018256384
198838714837897216
198838715064401922
198838715072778240
198838715068579840
198838715198615553
198838715190222850
198838715299270656
198838714846298112
198838714611408896
198838715454472192
198838714921791490
198838715790004225
198838715970371585
198838716293320704
198838715790008322
198838715265724416
198838716570152960
198838716549173251
198838716649848833
198838716960223232
198838716486254593
198838717014740993
198838716536598528
198838717073469440
198838716645650432
198838716557574145
198838716985376770
198838717274783745
198838717278990336
198838717207691265
198838717379649538
198838717497094146
198838717438361603
198838717287374849
198838717446762496
198838716461096961
198838717996208129
198838717933293569
198838718197538816
198838716943441920
198838716767281152
198838718277230592
198838718373691392
198838717681639424
198838718122033152
198838718197547009
198838718629560320
198838718814109697
198838718826680321
198838718650527745
198838719028002817
198838719258705920
198838719283871744
198838719036403713
198838719426465793
198838719363555328
198838718881218560
198838719623598080
198838719120281600
198838719749439489
198838720252743680
198838720110145536
198838720672182272
198838720844144640
198838721007714305
198838721007714306
198838720923832320
198838720743489539
198838720999337984
198838720600879104
198838720223383552
198838720575709184
198838720022052864
