198799966729289730
198799966460837888
198799967043858433
198799968637698048
198799969656901632
198799970080526337
198799970063753216
198799971372380161
198799971238154241
198799970667741186
198799971284299778
198799973024931840
198799973108822016
198799972521619457
198799972982988801
198799974018981888
198799972701962240
198799972848771074
198799971724701696
198799973951881217
198799975080144896
198799975113695233
198799976413921281
198799975738654720
198799976455868416
198799977139548161
198799977122762754
198799976531369984
198799977391210496
198799977420554241
198799978011963393
198799978360094721
198799978578194433
198799979584827393
198799977550581761
198799981644230657
198799981530972164
198799982659256320
198799983682654208
198799983879786496
198799984529915904
198799985125507073
198799985037426688
198799983552643073
198799986694176769
198799985385541632
198799987554004992
198799987591749632
198799989751808000
198799991211438081
198799992490688512
198799993518297090
198799994260684801
198799994722066435
198799994990501888
198799998723432449
198799994659147776
198799998962499584
198799999260303361
198799999537127424
198800000132714498
198800001248407552
198800000988364800
198800002062098433
198800003324588032
198800003639156736
198800004704505858
198800005157494784
198800004545126401
198800007120429056
198800006977822722
198800007472758784
198800007493722113
198800009595072513
198800009506979841
198800010970804224
198800006440943616
198800011683835905
198800009934811137
198800012086484994
198800009393737728
198800012338135045
198800011973238784
198800012606586880
198800013692903424
198800015148326913
198800015685197825
198800015236411393
198800015295123456
198800016142385154
198800016679256064
198800018562486273
198800019648806916
198800019166466048
198800020332494851
198800020315701248
198800020856774658
198800020902907904
198800018935783424
198800021712408576
198800018621202434
198800024493228032
198800025264992257
198800026024165379
198800026561024000
198800026774937600
198800025994792960
198800027907399680
198800027945140225
198800028242952194
198800028846923776
198800029438328834
198800030138765312
198800030092632065
198800030176509953
198800029803233282
198800031359303682
198800031711637504
198800033330634754
198800035398426625
198800036652519424
198800036451196928
198800036337950720
198800034186280961
198800037084536832
198800034765094912
198800038166671361
198800038594482176
198800038506414081
198800039768883201
198800040611942401
198800040901357568
198800042566492161
198800041794732032
198800043623460864
198800044256800768
198800041962504192
198800045754163202
198800048052649985
198800048203644929
198800048409157633
198800049206075394
198800048862134272
198800049449345025
198800050455986177
198800051257098241
198800051554881536
198800051827511296
198800052066586624
198800052125306880
198800051655548929
198800053048053760
198800054797090817
198800054696423425
198800055510106113
198800055535280128
198800055086493697
198800054935486465
198800055577227264
198800056231542784
198800057200410625
198800057615663105
198800058311901185
198800058181890048
198800058546798594
198800059775713280
198800060857851906
198800061331800064
198800061407301632
198800061788991491
198800059301773312
198800061461835776
198800062934028290
198800062485250049
198800064599175168
198800065089896448
198800066591461376
198800066817961984
198800068260798464
198800068470517761
198800068831219713
198800068843806720
198800067942039552
198800070534111232
198800070395691008
198800071293276160
198800071251341313
198800071335227392
198800072224407553
198800072564158466
198800069858824192
198800072950030336
198800074623553536
198800075269488640
198800077760892928
198800077219823617
198800077475680256
198800078473928704
198800079639937025
198800079077900290
198800079593803777
198800079971295232
198800080185204738
198800080873066498
198800080747237379
198800081477046272
198800081175068672
198800081703550977
198800082550784001
198800082408177664
198800084236894208
198800083691646977
198800084383703040
198800086069809153
198800083381272576
198800085876867075
198800086627651584
198800087533621249
198800088263426049
198800088099856386
198800086078193665
198800090062790656
198800089978900481
198800092772315136
198800093271425024
198800093237874688
198800093783134208
198800094806540288
198800093418233857
198800096010309632
198800095821578240
198800095985139717
198800096102580225
198800097239236609
198800097784512512
198800097914527745
198800099931996160
198800099445444610
198800100951199745
198800101521637376
198800101777485824
198800102574407682
198800102628929536
198800103270649856
198800103404863489
198800104000458752
198800104361168897
198800104348585984
198800104730271744
198800104835137537
198800104872873985
198800105053233154
198800105011298305
198800105057435651
198800105573318658
198800105351032832
198800105808216066
198800106223439873
198800107469156353
198800101798445057
198800108547096577
198800108605804545
198800109968957440
198800109801185280
198800107360104448
198800110598103040
198800110501629953
198800111374041088
198800112493920257
198800112766554113
198800112804306944
198800113517330432
198800114066796544
198800114058403841
198800113764802560
198800111084638209
198800114939215873
198800114180034560
198800116113612803
198800116147163137
198800114666573824
198800115341864962
198800116117798914
198800116717584384
198800117250265091
198800116625309696
198800118307233792
198800115308306433
198800119221587968
198800119586504705
198800120140140544
198800120127557634
198800120169496576
198800120958033921
198800120324698112
198800120790269952
198800121784315904
198800122358939648
198800122165989376
198800123449442304
198800125093613571
198800125617909763
198800126129606656
198800125995401216
198800126737780737
198800122111471617
198800128654573569
198800128918814720
198800128973348865
198800129019494400
198800129745108992
198800130193899520
198800131078897664
198800131288604672
198800132219740160
198800132437843968
198800134065229825
198800134388195328
198800134761488385
198800135378046977
198800136271429633
198800137743634432
198800138330836992
198800138620239872
198800138737680385
198800139836596224
198800140541243393
198800141099073538
198800141656920065
198800141728231428
198800141774372864
198800142340595712
198800142671941632
198800142348984321
198800145012359168
198800144941064192
198800145511481345
198800145670868992
198800146161614849
198800146262274048
198800144597123073
198800147507986433
198800148078399488
198800148673990656
198800149663842305
198800149722570753
198800149672247296
198800150406250496
198800150448193538
198800150779531264
198800150506905601
198800151781965826
198800151651954689
198800152159469568
198800136317579264
198800153937838081
198800154789285888
198800154587959296
198800154894139393
198800155628154880
198800155376496642
198800156236333056
198800155879804928
198800154072068096
198800157213589505
198800157477847042
198800157943414784
198800158488657920
198800159361085440
198800159583371264
198800159746965505
198800160376107008
198800161399517185
198800161865072640
198800161856696322
198800162435514368
198800162846552065
198800162557132801
198800162582315008
198800163203063808
198800162863321088
198800163383422976
198800162360000513
198800163903516674
198800163408576513
198800163962224642
198800163656048640
198800165535088642
198800165614796801
198800163454730243
198800167594496000
198800167649026048
198800168370438144
198800168664039424
198800169997828096
198800170014613505
198800170622787584
198800171017048064
198800171524562944
198800172711542784
198800172883525632
198800172908683265
198800174032748545
198800173982425088
198800174284419072
198800174427029505
198800174779342851
198800173693014016
198800175022604288
198800174724820993
198800175467204608
198800175714672642
198800175970533376
198800176176041984
198800176645804033
198800176834543616
198800177333682177
198800177836994560
198800178369658880
198800179023978497
198800178516467713
198800178663272448
198800180324208641
198800181213401091
198800181259542528
198800179258855426
198800181871902722
198800182232629248
198800182245212162
198800183973261312
198800184854052865
198800185030221825
198800182819815424
198800185747443714
198800185684529154
198800185923600384
198800185839718400
198800186313682945
198800186389184512
198800187722964993
198800188566028290
198800189606211584
198800189295837184
198800189509746688
198800189757194242
198800190235348993
198800192059883520
198800192147955712
198800191632056320
198800192810663938
198800192802271234
198800193968279553
198800194136055810
198800194421268481
198800194773585920
198800195302068225
198800196409368577
198800196963024897
198800197457952769
198800196795240450
198800198984679425
198800198946930689
198800198909165568
198800199454441472
198800199655763968
198800199848697858
198800199735443457
198800201157328898
198800201404784641
198800201304113152
198800201518030848
198800203380297728
198800203694882817
198800203392888832
198800203447418880
198800204684722176
198800205594890240
198800205850742785
198800205926248449
198800206291148801
198800207390060544
198800206958034946
198800208245694465
198800209197805568
198800209495597056
198800206492483584
198800209944379393
198800211261394945
198800208065339392
198800213312413697
198800213681512449
198800211114602498
198800214159663104
198800214419705856
198800213731852288
198800214054797312
198800214977552384
198800215057252354
198800215652831234
198800215489261569
