198793171533172737
198793172229431296
198793172355264513
198793174125260801
198793174553079808
198793175496785921
198793175903649792
198793177451335682
198793178097258496
198793181297512448
198793181842767874
198793180748066816
198793182694223873
198793182799081472
198793182182522880
198793182660657153
198793183348535296
198793183478554624
198793184086724608
198793183671500800
198793184392908800
198793184439058434
198793185038827520
198793185512787969
198793186502656001
198793183151390721
198793187500883968
198793187500900352
198793188931153920
198793189803573248
198793190172672000
198793191003140097
198793191389020161
198793191946850307
198793192445972480
198793191875547136
198793192756346881
198793193595207680
198793193666519040
198793192987041792
198793193939152896
198793193842679810
198793194744451072
198793194635395072
198793195465883648
198793196195680257
198793196636090368
198793196443156481
198793197747585026
198793198083129347
198793198301233152
198793198326398977
198793199391748096
198793199223967746
198793200050241538
198793201493090304
198793201501487104
198793202180956161
198793202227089408
198793203707691008
198793203489574912
198793204550733824
198793202713624576
198793204924026882
198793205385400320
198793205964226562
198793206601752577
198793206383640576
198793207570644993
198793206849212416
198793207688085505
198793207725826049
198793207373512704
198793208296255489
198793208401113088
198793208870879232
198793209097367552
198793209776848896
198793211139997697
198793210548592641
198793210800250880
198793211270004736
198793211664285697
198793212490563585
198793212087898112
198793212280836099
198793212184375297
198793212654141440
198793213413310465
198793213451059200
198793214113759232
198793214432522240
198793215518834689
198793215837614081
198793215611117569
198793216449974272
198793214856138753
198793216584200192
198793215170719744
198793215023915009
198793216584192002
198793217448218624
198793217901203456
198793219088203777
198793219042062336
198793219654418432
198793220019326976
198793220266799105
198793219977396224
198793220870766593
198793220799479808
198793221374087168
198793221206310912
198793218685534210
198793222091317248
198793222238109696
198793223756460032
198793223987138560
198793224431734785
198793220921110530
198793224352038912
198793224586932226
198793225467723778
198793225438363649
198793225442557953
198793225287376897
198793225811668992
198793225601953792
198793226839277571
198793228156272640
198793229150334978
198793228990939138
198793228969967616
198793229804642304
198793229573955585
198793229569753088
198793231910191104
198793233386569728
198793233927634945
198793233856348161
198793233990557699
198793234720358402
198793234368036864
198793235877998592
198793235722805248
198793236146438146
198793236817514500
198793236058349568
198793237102727168
198793237425684480
198793237362774016
198793237497004032
198793237765427201
198793237937401856
198793237828354049
198793238667206657
198793239699005441
198793240110043137
198793239585767424
198793240286199808
198793240852430849
198793241259290625
198793241003425792
198793242119114752
198793242408525824
198793242525974528
198793243616493569
198793244300156928
198793244111413248
198793244354682880
198793244946071552
198793244384047106
198793245055139841
198793244988022784
198793245269049344
198793245440999425
198793245390684161
198793246397317120
198793247370383360
198793248309919744
198793247978553344
198793248377012225
198793248444133376
198793247718514688
198793246665752576
198793248779677696
198793249731788801
198793249626927104
198793250121842692
198793249773731840
198793250310590466
198793251107508224
198793250881011712
198793251656966144
198793251799580672
198793252713922561
198793252906872834
198793253364039681
198793252768460800
198793252898480128
198793253997379586
198793253531828224
198793253867364352
198793254194528256
198793254337118210
198793254622330880
198793255679295489
198793256459452418
198793256656568321
198793257218613250
198793258007138304
198793258502074369
198793258237837312
198793258258800640
198793258200088576
198793259663888384
198793259500306434
198793259957497857
198793260985102337
198793261056393217
198793262033682432
198793261199003649
198793261802987521
198793262562156545
198793262713143296
198793263199682562
198793263648485376
198793263686234113
198793263849816064
198793264051134464
198793264093085696
198793263543623681
198793264369893377
198793264013389824
198793262855753728
198793264831266817
198793264202133504
198793264952913922
198793265716264960
198793265871462400
198793266160865282
198793266848731136
198793266584494082
198793267490459649
198793268027326464
198793268987826176
198793269004611585
198793269163986947
198793269239484418
198793269851852800
198793269214330880
198793270095130624
198793270342598656
198793270808158209
198793270988521473
198793271256940544
198793271424729088
198793271772844032
198793272620093441
198793273144377344
198793272972427264
198793273349902338
198793273098244096
198793273760944128
198793273316347904
198793273916137472
198793275220557826
198793274981490689
198793275082162177
198793275480604672
198793276499832832
198793276990566401
198793276273332224
198793278009769985
198793277753929728
198793278521487360
198793279247097856
198793279926566912
198793279947550720
198793280266309632
198793280379551744
198793280870297600
198793281830793218
198793282699014144
198793282321518592
198793282686427136
198793280195018753
198793283210706944
198793282933891072
198793283818897408
198793283684679680
198793284200579072
198793283437207553
198793284896825344
198793285270122496
198793285987348482
198793285400133632
198793286549372928
198793286633275393
198793286356434945
198793286247383040
198793285903454208
198793287123996672
198793288592011264
198793288726233088
198793289162424320
198793289376350210
198793290810793984
198793290374594561
198793290437509120
198793292077469696
198793292647899137
198793292912136192
198793292765339648
198793292060692480
198793293759397890
198793293625163778
198793294711496708
198793294958956544
198793294937993216
198793295810404352
198793296192077825
198793295277719552
198793294774407168
198793296707977217
198793297697849346
198793295227400194
198793297559433217
198793298297618433
198793298863853568
198793299400736769
198793296636674049
198793299828555776
198793300357025792
198793300759683072
198793301497872384
198793301787283458
198793301988605952
198793303775391747
198793304337424384
198793305461497856
198793305524412416
198793305365024769
198793306937888771
198793306438778880
198793306799484928
198793307550269441
198793307466366980
198793307860635649
198793308535922688
198793308166819840
198793308028411905
198793308275884032
198793309886484481
198793310561763328
198793310486265857
198793309894885377
198793311002165248
198793311429992448
198793310536609795
198793312017190914
198793312784748545
198793312126238720
198793312247877632
198793313988526081
198793313942380545
198793314068205568
198793314407940098
198793315070648320
198793313950765056
198793315980804096
198793315750121472
198793316446380032
198793316605763584
198793316400242690
198793316245053441
198793316563824641
198793316941312000
198793316446380033
198793318568693760
198793319776649218
198793320238039042
198793320309329922
198793320389033985
198793321164967936
198793321085276163
198793320728760320
198793317645942784
198793322171609088
198793322255495168
198793323438292992
198793323224375296
198793323769626627
198793324054851584
198793325074059264
198793325250215937
198793324889509888
198793324927254528
198793325640294401
198793325950668801
198793326860845056
198793326827282432
198793326856638465
198793327016030208
198793327942963202
198793328479838210
198793328098160640
198793328261726208
198793329226428416
198793329457119232
198793329440329728
198793330723786753
198793330396643329
198793331084492800
198793332686729218
198793332820938755
198793332896448512
198793333219401728
198793333705936897
198793334263775233
198793334406385666
198793332284071937
198793333995339777
198793334968426497
198793335169757185
198793335480131585
198793332418281473
198793335211704321
198793336281235458
198793337933791233
198793338026065920
198793339112407041
198793339070459905
198793339955445765
198793339607326720
198793340068704256
198793340949504000
198793340844654592
198793341587030016
198793340983054337
198793341771595776
198793341406691328
198793342237151232
198793342413324288
198793342954389504
198793343013097472
198793342606245891
198793343612882945
198793342732075009
198793342488813568
198793344162336769
198793343839375360
198793344795688960
198793344946667523
198793346104311809
198793346473402372
198793346444046336
198793346427273217
198793346863468547
198793347702325248
198793348130156544
198793347895263232
198793346855075840
198793349136785408
198793349392629760
198793351435255810
198793351867277312
198793351871471616
198793352555134979
198793352680964097
198793353742127104
198793353180102656
198793354652291072
198793355189157888
198793356816560131
198793355260473345
198793356778811392
198793356569092097
198793359194722305
198793359677063169
198793361333817344
198793361967165440
198793362218827776
198793362374012930
198793361602256897
198793362336256002
198793363783286785
198793363791679489
198793364538277888
198793365138055170
198793366467657728
198793367327490048
198793367231021056
198793366983544832
198793367537188865
198793367868538880
198793367642054656
198793368875171840
198793368954863616
198793369252671488
198793369865035777
198793371223982081
198793370863284224
198793371395964928
198793371190444033
198793371374989315
198793372842995713
198793372570365954
198793373656686592
198793374487166976
198793374596202496
198793375242129408
198793374885613568
198793375053393921
198793375414095872
198793376106168321
198793376039043072
198793376252952576
198793376261345280
198793377590947840
198793378039738368
198793378157182977
198793378165567488
198793379981692930
198793380136890371
198793380485017601
198793380573085696
198793380455645185
198793378173960192
198793381734912003
198793381978193920
198793381923655680
198793381248376832
198793381747494912
198793382544424960
198793382640881666
198793382393421824
198793383123238912
198793383559446529
198793383920140289
198793384209559552
198793383936929793
198793384465416192
198793384532520962
198793384368934912
198793385493020673
198793385811775488
198793386470289408
198793386168291329
198793386554171392
198793387518869505
198793386587717632
198793388756176896
198793388936544256
198793390496808961
198793390576508929
198793391239208961
198793391365029892
198793391897710592
198793392552022018
198793393663508481
198793394196189184
198793387132981248
198793394712084480
198793394871480322
198793394460434432
198793392740769793
198793395475464192
198793395567722498
198793395878113281
198793396444336129
198793396414976000
198793397283209217
198793397211897856
198793397379674114
198793397346119681
198793397568421890
198793397635530752
198793398197555201
198793394275889152
198793399787208704
198793400424742916
198793399892049921
198793400462475265
198793400307286019
198793401158729728
198793401204883456
198793401624313856
198793401104220160
198793402123419648
198793402219905024
198793402698043392
198793402622545921
198793402320564224
198793403591438337
198793403960537088
198793403775983616
198793405764079616
198793405604704258
198793405868937216
198793406447747072
198793406049300480
198793407072702466
198793406846218240
198793407450193922
198793407722815490
198793408473595904
198793408612024322
198793409635426304
198793411342508033
198793411380256768
198793412323966978
198793412563054592
198793412772765696
198793413821349888
198793413737451521
198793409929035777
198793412584026112
198793414333038594
198793415486488577
198793415071236098
198793416388247553
198793416912551937
198793417894006785
198793417512329217
198793418560913408
198793418221170688
198793418309246976
198793418904842241
198793419705946112
198793419747889152
198793419672391680
198793420234432513
198793420981018625
198793421270417408
198793421652103169
198793420611911680
198793421484326912
198793422012821506
198793422386106369
198793422528720897
