198777065573584896
198777067419090944
198777068631236608
198777064101388288
198777069012914176
198777073354022912
198777073773449216
198777075518283776
198777076487159808
198777077040807936
198777077799985153
198777080308187136
198777083474882561
198777083961409537
198777084057894912
198777087044227074
198777087992139776
198777088436736000
198777090571644929
198777090785558529
198777092421337088
198777092329058304
198777093629280256
198777095407677440
198777096137478146
198777097362223104
198777097651617795
198777099241267200
198777100017217537
198777100126265345
198777101216776192
198777105612410880
198777105687904256
198777105612419073
198777105994096640
198777106459668480
198777106640011265
198777109718638592
198777112126169088
198777111983570944
198777113128599553
198777112688214017
198777115032829952
198777114021998592
198777119025807360
198777116714745856
198777121227816960
198777124537106432
198777127162748929
198777127137583106
198777127745753089
198777129423482881
198777129251508224
198777131097006080
198777132682448896
198777132887982081
198777134272086016
198777136138567680
198777137296187392
198777138353156096
198777137942110208
198777141922504704
198777143017222146
198777144455860227
198777147018575873
198777149895868417
198777151967862784
198777153272291330
198777158448070657
198777159324676097
198777161195327488
198777161933529090
198777162503946240
198777163074375680
198777163267313664
198777163170840578
198777163472830464
198777163577696258
198777165364473856
198777167587442688
198777168011079680
198777168342421504
198777166907973632
198777170565410817
198777173035855873
198777174172512258
198777174302523392
198777174558388224
198777176869441536
198777178555547649
198777178614276097
198777180753362944
198777180858220544
198777182833754112
198777185841061888
198777186105307137
198777187883692032
198777189221662720
198777191511756800
198777194019962880
198777193562783744
198777194221289472
198777194808483840
198777195232104448
198777195051757571
198777195743809536
198777196704317440
198777197836763136
198777197820002304
198777197341843456
198777202194657282
198777202379202561
198777203486490625
198777203595550721
198777203767517185
198777205034205184
198777205445230593
198777202307903490
198777204023369728
198777208452558848
198777209006198784
198777210797166593
198777211480842241
198777212479086594
198777214366531584
198777216820187137
198777218145599488
198777217663254528
198777218955091968
198777219714252800
198777220880285696
198777221433917442
198777222704803840
198777222574784512
198777222784499712
198777223078092801
198777224554491904
198777229302448128
198777229235331073
198777230233583617
198777231227617285
198777231563173888
198777235057020929
198777236105592832
198777238064349185
198777234721480705
198777241323319296
198777243802144769
198777244930420737
198777248482988032
198777253360975876
198777253629407236
198777256993234945
198777260201873408
198777260218650626
198777260596142082
198777261028163584
198777261904760832
198777262655537152
198777263225966592
198777264501043201
198777267390910466
198777268766638080
198777269597118465
198777272906432512
198777273816584194
198777274634481665
198777275729190913
198777276433838081
198777278539374593
198777279961235456
198777281324392448
198777281420869632
198777281341177856
198777282121314306
198777283123740672
198777283878727680
198777283266355201
198777284570779648
198777284415594498
198777285329952768
198777286189780992
198777285338337280
198777286294634497
198777286672130049
198777288685387777
198777289608142848
198777292586102786
198777293135548416
198777292795822080
198777294670667776
198777297136922625
198777298730745856
198777302845358081
198777302295908352
198777307274555392
198777309367508992
198777309283627009
198777309963091968
198777310894231552
198777311821168641
198777313150771201
198777315306647554
