198856086495821824
198856086562938880
198856087041089536
198856087968038913
198856089595424769
198856090459447297
198856092380446720
198856090312650752
198856092686630912
198856093282217984
198856093164777473
198856095563919360
198856095610060800
198856095324844032
198856095970770944
198856096482476032
198856096969007106
198856096604110848
198856097149353985
198856098336354304
198856100127326208
198856101154914304
198856102954274818
198856105584099328
198856105651212288
198856105529577472
198856106309722113
198856107563810816
198856108067143680
198856109367377920
198856110424330240
198856111170928640
198856112320163840
198856113926569984
198856114916429824
198856115163901953
198856119899271168
198856123246317568
198856123523145729
198856124726902784
198856125855174656
198856127935553538
198856127759392768
198856128157859840
198856128963149824
198856129235795968
198856127260262400
198856132163411968
198856133644005376
198856134306705408
198856134814208000
198856136626147328
198856136475164672
198856137813139457
198856138966564864
198856139776073728
198856141051142144
198856137142046720
198856141688672256
198856144914087936
198856146646347776
198856147548123136
198856147619418114
198856150484135936
198856151285243904
198856152153456640
198856154275778562
198856158952431617
198856159275393026
198856160424628226
198856160604991489
198856162328846336
198856163041878016
198856163742334976
198856164648288257
198856164644110336
198856165403279360
198856165529096192
198856166644781057
198856167093571585
198856167777243136
198856168200871937
198856168569966593
198856169937317888
198856172500033536
198856174135820288
198856176266514432
198856177692590080
198856178053296128
198856178959269888
198856181035438080
198856181962383360
198856181660397568
198856185699504128
198856191441506304
198856194004238336
198856196529201152
198856200908058624
198856205773447169
198856207346302976
198856210152296448
198856209762238464
198856211066662912
198856212291387392
198856211779690497
198856213017010176
198856217408442369
198856217861427203
198856218494779392
198856220403175424
198856221036519424
198856220596117505
198856222798131200
198856223397920768
198856224954003456
198856226677866496
198856229534175232
198856232751218688
198856235473309696
198856236463161344
198856237247500288
198856238975553536
198856238811987968
198856239432732672
198856239822811136
198856240166731776
198856240384847872
198856241999659009
198856242138062849
198856242075140096
198856242721079298
198856242934972416
198856243371188224
198856243618648064
198856244327485444
198856248983175168
198856249272565760
198856251294220289
198856255421423616
198856255920537601
198856255996035072
198856256197369856
198856257904447488
198856256465805313
198856258915274753
198856260400058368
198856263839387648
198856264678260738
198856268583149569
198856268780273664
198856269078085633
198856269984038913
198856270176985088
198856271041019904
198856271783411714
198856273159127040
198856276212596737
198856279463182336
198856279719030784
198856278292959232
198856278481698818
198856279966494720
198856281711325184
198856283145781248
198856283745566720
198856285628792832
198856286039842816
198856285976920064
198856288527073280
198856291681185792
198856291471458304
198856291186257920
198856291752493056
198856293472149504
198856293384077312
198856298698248193
198856300254334976
198856300371771392
198856300334030849
198856303286812672
198856304817745922
198856304943570944
198856305040048129
198856305237168128
198856308961710080
198856313466396672
198856315957809152
198856316142370816
198856316968644608
198856317723611136
198856318906408960
198856319854325760
198856321083248641
198856323490775041
198856324338036737
198856325470486528
198856326611345408
198856327164993538
198856326879772672
198856327735414784
198856328347791361
198856307393048577
198856329627045888
198856329924849664
198856329429913602
198856331757756416
198856332630163456
198856333594861568
198856334056226816
198856336421826560
