198819091723718656
198819091832766465
198819092428361728
198819092705198082
198819092529020928
198819093032353795
198819093179154432
198819093246255105
198819093283995648
198819093275623425
198819093548240897
198819093879599104
198819093875400704
198819094777184258
198819094701678592
198819095444066305
198819095423102977
198819095460851713
198819095515381762
198819095599251459
198819095662166017
198819096484257792
198819096840777728
198819096391974912
198819096052244480
198819095532146690
198819096660418560
198819095972548608
198819097885163521
198819097293750272
198819098468159491
198819098237468673
198819097448951810
198819097767714819
198819099223146496
198819099965526018
198819099755819008
198819099206361088
198819099214741504
198819099831304192
198819099244109825
198819101219618816
198819101353836544
198819101815214081
198819101634859010
198819102498881536
198819102142365696
198819101186076673
198819103111254016
198819103111258112
198819103010590721
198819102335307776
198819103337746433
198819103530680320
198819102981226498
198819103622959105
198819104281477121
198819104541511681
198819104566673408
198819105351016448
198819105535565824
198819105908867073
198819105615257601
198819107561406464
198819107729195008
198819107439779840
198819108333166592
198819108538691584
198819109289459714
198819110690357248
198819111042691072
198819111227228160
198819112217083904
198819112561025024
198819112804286464
198819113861255168
198819113890623488
198819112909152257
198819114175836161
198819113647345667
198819114658172930
198819114146476033
198819115492835328
198819115631251456
198819115769675776
198819115744509952
198819115232796672
198819116432375808
198819117195730944
198819117938118657
198819118097506305
198819118122672128
198819119624241152
198819119674572804
198819119645212676
198819120215633921
198819120068833280
198819120551182338
198819120886710273
198819121146769408
198819121251614720
198819121260019712
198819122296000513
198819122518298626
198819121712996353
198819123092914177
198819123227136003
198819122849652738
198819123554304000
198819124531576833
198819124128923648
198819124892282882
198819125122965504
198819125370425344
198819125479485440
198819125869559809
198819126024736768
198819126221877249
198819125693390848
198819126343499776
198819126247030784
198819126473531392
198819127861850112
198819127891214338
198819128058978304
198819128566484993
198819129900273666
198819129329848320
198819130541998080
198819131024359424
198819131598974976
198819133050191872
198819131766743040
198819133079568384
198819134547562497
198819135063461888
198819135118000128
198819135235436544
198819135302533122
198819134660808706
198819136309182464
198819136959291393
198819137886240770
198819137387102209
198819137911406592
198819137601024002
198819138305671168
198819138376962049
198819138649587713
198819138683154432
198819138678964224
198819139161296896
198819138628628481
198819140402810880
198819140792889344
198819141178769410
198819141136822272
198819140667056130
198819141875023874
198819141455593472
198819141854048257
198819142458032128
198819142944571393
198819142520938496
198819143238156288
198819143376572418
198819143896674305
198819143892471808
198819143938617347
198819143993139200
198819144332881922
198819144517419008
198819144379019264
198819144844582912
198819144987185153
198819145356283905
198819145490497538
198819145805074432
198819146434228224
198819146631360512
198819146165792768
198819147373756417
198819147667341314
198819147960954880
198819148300681218
198819148531380224
198819149374427136
198819149466710017
198819149475098624
198819149298925568
198819150368489473
198819150712410113
198819150624333824
198819151500935169
198819150880182272
198819151735832576
198819151840681985
198819152276893696
198819152520155136
198819152553717760
198819152016850944
198819152901849088
198819153455480832
198819153182859264
198819154730565633
198819154634092544
198819155808497664
198819155930120192
198819155124830209
198819156286648320
198819156651556864
198819157075177472
198819157188423681
198819157230370817
198819156970307584
198819157372977152
198819157565906944
198819157666570240
198819158069215232
198819158824202241
198819158937448448
198819159247831040
198819159604346880
198819159151345664
198819159918915586
198819160267046913
198819161575669761
198819161198166018
198819161814740992
198819162263527424
198819162783617024
198819163228217344
198819163244998656
198819163186282496
198819163542798336
198819163916075008
198819164088041473
198819163999961088
198819164612345856
198819164704604161
198819165098872834
198819165484752897
198819166055170049
198819166113906688
198819166399119361
198819166524944384
198819167384772609
198819167607070720
198819167774846977
198819168030691329
198819169263824896
198819169897160704
198819169788104704
198819169549025281
198819170786353152
198819171151265792
198819171490988032
198819171562307584
198819171193192448
198819172325670913
198819172837376002
198819172535382016
198819173386825730
198819173378441216
198819173596536832
198819173810450432
198819173537820674
198819174817079298
198819174678659072
198819175140032512
198819175681110016
198819175987294210
198819175492366336
198819176293470209
198819177627262977
198819177669214209
198819178248024065
198819178394812416
198819178155749376
198819178680033280
198819178868772864
198819179137208321
198819179585994753
198819179535663105
198819179250454529
198819180642975745
198819180915601410
198819180995293185
198819181372772354
198819180567478272
198819180999483392
198819181125308416
198819182056439808
198819180663947264
198819182324887552
198819182534602754
198819182660427776
198819182522019842
198819182937251840
198819183142776836
198819183700619264
198819183675449344
198819183172128769
198819184115855360
198819183788695554
198819185042796546
198819185059569664
198819185567080448
198819185231536128
198819185831325696
198819186720518144
198819187001524226
198819187228020738
198819186691145729
198819187391606784
198819187148324864
198819186825375746
198819189023191041
198819188637315072
198819189094498306
198819189157412867
198819189534896129
198819189698461696
198819189329379330
198819190486994945
198819190747045888
198819191665590272
198819192059871232
198819192122773504
198819192353468418
198819192349265920
198819191942422530
198819192424775682
198819193137790977
198819193225875457
198819192911310848
198819193645314049
198819193620135936
198819193800491010
198819193884377088
198819193968279552
198819193620152321
198819194228326400
198819194614198274
198819195264311296
198819194895216640
198819195847327744
198819196195450880
198819195587264514
198819196241575937
198819197533425665
198819196711350272
198819197990608899
198819198783336449
198819199106301952
198819199227924482
198819197994799104
198819199601213441
198819199341166592
198819200771436546
198819200960167936
198819201060831232
198819201723543553
198819201698369536
198819202226847744
198819203124445184
198819203128627200
198819203162189826
198819203564843009
198819203829071873
198819203841671168
198819203883614211
198819204315615232
198819204370145281
198819205087375360
198819204907024384
198819204332392448
198819201618677760
198819204256907264
198819204596645889
198819206068842496
198819205733289984
198819206194671616
198819206404378624
198819207171932161
198819207310356482
198819208262455296
198819208258260993
198819208107274240
198819208635752449
198819208761585664
198819208858054657
198819209181020160
198819209281679360
198819211630477312
198819211240415232
198819211471097856
198819211999588353
198819210749689856
198819211911507968
198819212586778624
198819213023002624
198819212951691264
198819213891215360
198819212679061507
198819213987676160
198819213991878657
198819214734274560
198819214881062912
198819214742650882
198819215078203393
198819214973353985
198819215514406914
198819214713307136
198819216114188288
198819217141796864
198819217041145857
198819218093916160
198819218504953856
198819218945355778
198819219805175808
198819219478028290
198819220274937857
198819220413349889
198819221952659457
198819222476963841
198819223638773762
198819224062406657
198819224364400640
198819223852687361
198819225777872897
198819225920479232
198819225824006144
198819226297958400
198819227073912835
198819226960662528
198819228088934400
198819228575481857
198819228579676160
198819229263331330
198819229187833856
198819230517440513
198819230693593088
198819230253203456
198819230987202560
198819230890729472
198819231444377601
198819231633117185
198819231985434625
198819232056737797
198819232467787776
198819233013039104
198819233101123585
198819233721876480
198819233277284352
198819234216804352
198819234321674240
198819234384592897
198819235034697728
198819234665603072
198819235911307264
198819236230078465
198819236586586112
198819237966512128
198819239191248896
198819238855704576
198819239551967235
198819239073816577
198819238943789056
198819240302739458
198819240554414080
198819240868970497
198819241334546432
198819241535868930
198819241732997120
198819241825284096
198819241816895489
198819243352006659
198819243960172547
198819244010516480
198819243947601921
198819243846934528
198819244400586752
198819244627083266
198819244060852224
198819244950032384
198819245113622528
198819244794855424
198819245470126080
198819245675659266
198819245772124162
198819246493540353
198819247391129600
198819246413844481
198819247898624000
198819247869263872
198819248812986372
198819249593126914
198819249614106625
198819250708815872
198819250868203522
198819250897559552
198819251119861760
198819251497336832
198819251769978880
198819252587868160
198819253275738113
198819253279916032
198819253699350529
198819253170868225
198819253464465410
198819254227845120
198819254341087232
198819254424961024
198819254823432193
198819254752116737
198819255372890112
198819255519678464
198819255553245184
198819255649701888
198819255872008194
198819253317681152
198819255624548353
198819256606015488
198819256710868993
198819257092546560
198819257432289280
198819257973358592
198819257964953601
198819258019483651
198819258296320000
198819258535395329
198819259286159361
198819259458129920
198819259567177730
198819259764310016
198819260120838145
198819260812902401
198819261588844546
198819259206471680
198819258749304832
198819261366538241
198819259747532802
198819262121517056
198819262264127488
198819262348013569
198819262557716481
198819263237206017
198819262775820288
198819263459495937
198819263761494016
198819263723737090
198819264138969089
198819264512274433
198819266395516929
198819266018025473
198819266672328704
198819267087581185
198819266521346049
198819267599278083
198819266995294209
198819268001927168
198819267658002434
198819268048076802
198819267645423617
198819268429758464
198819269314740224
198819268958224384
198819268878532608
198819270719844352
198819267968372738
198819271512555520
198819271650967553
198819271957168129
198819272489828352
198819271931985920
198819273408393216
198819273785884672
198819274456973312
198819274805096448
198819274939305985
198819276092747776
198819276143083521
198819276537348096
198819276650582019
198819276814159872
198819276969357312
198819277405569024
198819277728526336
198819277351034881
198819278567374849
198819278626107394
198819278529630208
198819279653699584
198819279838248961
198819280119283712
198819279615950848
198819280622583809
198819280131850240
198819280639369216
198819281155272705
198819281243340800
198819280261881856
198819281633415168
198819281209802754
198819282010898432
198819282069626880
198819283357278208
198819282786844672
198819284384890880
198819284082896896
198819284451999744
198819284774957058
198819284435206144
198819285148250114
198819284959502336
198819285718671360
198819285634789376
198819285701902337
198819285299236865
198819286201012224
198819285764808705
198819286725304321
198819286859513858
198819287106994178
198819286326849536
198819286733692928
198819287962632192
198819288369471489
198819287899717632
198819288654675970
198819288826658818
198819288600158208
198819289229299712
198819289648726016
198819290454040577
198819290621816833
198819291611668480
198819291708145664
198819293125808128
198819295243943936
198819295021645826
198819294472187906
198819295319425024
198819296498032640
198819297500463107
198819297433370624
198819297815040001
198819297785688064
198819299845079040
198819300042219523
198819300285497344
198819299849289728
198819300797194241
198819301652824064
198819301703172096
198819302978232321
198819303452192770
198819304106491907
198819304244903937
198819304542715904
198819304920186880
198819305004077056
198819305297674240
198819305452863488
198819305331236864
198819305851338752
198819306551787522
198819307319341056
198819307562614784
198819309013827584
198819309877870592
198819310553145344
198819311232630784
198819311001931777
198819311236820993
198819312130195456
198819311345860608
198819312411213825
198819312851623936
198819312948092928
198819312717398017
198819313258463235
198819313539497984
198819310280507394
198819314009251841
198819314286080000
198819314671951873
198819315431116800
198819315817005056
198819316249010176
198819315997351936
198819316517441540
198819315716341762
198819317037539328
198819316932689922
198819316999786496
198819317167558656
198819316391624704
198819317276622848
198819317192724480
198819317540847616
198819317498912768
198819317259833344
198819317331148800
198819316781678594
198819317603774465
198819318241312768
198819318300028928
198819318518136832
198819319386345472
198819319545737216
198819316534218753
198819318811734017
198819320204247042
198819320296517632
198819320241991681
198819322259456001
198819322142015488
198819322301394944
198819322544664576
198819322951499777
198819322993446913
198819323349975040
198819323635179520
198819323345768449
198819323714863104
198819324335628288
198819324335632384
198819324436291585
198819324486615040
198819324906049536
198819325136736256
198819325715546112
198819325870739457
198819326080454656
198819326114004992
198819325656842241
198819326151753728
198819327200337920
198819327376490498
198819327586205697
198819327997259776
198819328366358529
198819329226182657
198819329628844032
198819329607860225
198819329117126657
198819330203467776
198819330778075136
198819330488680448
198819331965071360
198819332128649217
198819332275441664
198819332023795713
198819333231742977
198819333403709440
198819333223366656
198819333756043264
198819334288703488
198819334531985408
198819333923799041
198819334737510400
198819334653607936
198819334708137984
198819334737502208
198819334561345538
198819335312130048
198819335576367104
198819335291142144
198819335786082304
198819335974821888
198819335240810497
198819336306163713
198819335844806656
198819336478130177
198819336671080448
198819336335532033
198819336696242177
198819337140838400
198819337145036801
198819337572843521
198819337493155840
198819337660936192
198819337778380800
198819337941954563
198819338004856832
198819338592063488
198819338772418562
198819337618993153
198819338181025793
198819339883921409
198819340102017026
198819341066702848
198819340580163584
198819340416581632
198819341242875904
198819340735361025
198819340890542081
198819341741985794
198819341918142465
198819342123679744
198819342333390848
198819342295638016
198819342396293122
198819343004471296
198819343130296320
