198796442968653826
198796443870429184
198796444109512706
198796444285665280
198796445099364352
198796445669789697
198796445233586176
198796445988560896
198796446772887553
198796446609326080
198796447255232513
198796447708221440
198796448060538881
198796447615942657
198796447787917313
198796449146875904
198796448463200256
198796447569817601
198796447087460354
198796449440473088
198796447532056577
198796448408678401
198796448857460736
198796450967199745
198796452250652673
198796451202076674
198796453584445440
198796453349564416
198796453630586881
198796453878042624
198796454842728448
198796454960177152
198796456407212032
198796457002795009
198796456340099073
198796456872775680
198796457288024064
198796458097524737
198796457518706688
198796459003478016
198796460022693888
198796460580548609
198796462241480704
198796462505730049
198796462132441088
198796461675261953
198796462946136064
198796464221192193
198796464338636802
198796465739538434
198796466293186560
198796465768890369
198796466007977984
198796466100240384
198796466297372673
198796467006218241
198796467173994497
198796467467599874
198796470261006338
198796470474911744
198796470852403200
198796470554599425
198796471368290304
198796471808700417
198796471770943488
198796472865656832
198796472538501121
198796473381552128
198796473343815684
198796473243152385
198796473373179905
198796473733881857
198796475214467072
198796475113799680
198796476288212992
198796476124635137
198796477299040256
198796477445840896
198796476904775682
198796479165513730
198796478939009024
198796478905450496
198796480256028673
198796479895314433
198796480616738816
198796480956477440
198796481879212032
198796482093133826
198796482562891776
198796483934429185
198796484253204481
198796484597129217
198796485003972609
198796484890722304
198796484240609281
198796485670862849
198796486094503936
198796486279053312
198796488627855360
198796487814156296
198796475604537344
198796489911304192
198796489571573761
198796490246864897
198796489793863681
198796491274469376
198796484882337792
198796492868304897
198796493782659072
198796493971406848
198796494285979648
198796495263236097
198796495095468033
198796495305195521
198796494822850561
198796495540076544
198796495389069312
198796496357949441
198796484089622528
198796496261480448
198796497314263041
198796496911613952
198796499797278720
198796499524661248
198796500250275840
198796500187357184
198796500233490432
198796501332402177
198796501122695169
198796501915418624
198796503152721922
198796503718965249
198796504973049857
198796505623171073
198796506449453056
198796506839523328
198796507602878465
198796508156534785
198796508211052545
198796503538614272
198796506512363520
198796509234479104
198796509733593088
198796510740226048
198796511239356417
198796511218384896
198796511319040000
198796511977545730
198796511679750146
198796512594104320
198796512065617920
198796512606683138
198796512975794177
198796513093230592
198796513940488192
198796513319731203
198796514536067072
198796511079964673
198796515018420224
198796512598306816
198796516213800960
198796515932770304
198796516528373760
198796517694382080
198796518193496064
198796518805868544
198796518877175810
198796520609419265
198796520533921792
198796519586021379
198796522928873473
198796522589143041
198796525189595136
198796525722275841
198796525554511872
198796526456274945
198796526875717633
198796526858936320
198796526842159105
198796528356294658
198796529232904192
198796529836900352
198796529652350977
198796530122104834
198796529660731394
198796531179061250
198796530914828289
198796531372003329
198796531892101123
198796532856795136
198796533058125827
198796533632737281
198796534215749633
198796534459011072
198796535046217728
198796535381762049
198796536275140611
198796536803627008
198796538649124864
198796539760607235
198796539357954049
198796540070993920
198796540947599360
198796538208727040
198796541849382912
198796542080057345
198796542700826624
198796544814751744
198796544680529920
198796545901068289
198796544873472001
198796546735751168
198796547197124608
198796547742375936
198796547306176512
198796548316987392
198796548346351616
198796549650780162
198796550070206464
198796550225403904
198796550275739648
198796551076839426
198796552926543872
198796552897171456
198796553761193985
198796553991880704
198796553975111680
198796554923028480
198796555455705088
198796555661225985
198796556038713346
198796559025049600
198796559763247105
198796559058608128
198796559985541120
198796559947808768
198796560816029696
198796560849575936
198796562397282305
198796562359533569
198796562535686147
198796563613622273
198796564347625473
198796563294859264
198796564431519745
198796566688055297
198796567187165184
198796567354949632
198796568260915201
198796567963119616
198796568416108544
198796569791827968
198796570232225792
198796569917657089
198796570441940993
198796570043486208
198796571381473280
198796570609717250
198796572430053376
198796573872898051
198796573428297728
198796574241988608
198796574661410816
198796575789678592
198796576343339009
198796576771158017
198796577115095040
198796577341575169
198796575034712064
198796577358352384
198796577547091968
198796578625036288
198796578784423937
198796578318852097
198796579715563520
198796579124154368
198796579371622402
198796579501645824
198796581019983872
198796581590413312
198796582139867137
198796583054221312
198796583087783936
198796583846940673
198796584316715008
198796584463507458
198796586300616704
198796585658892289
198796587114303490
198796586317381634
198796587131080705
198796588880109568
198796589718966272
198796590603964416
198796591610597377
198796593263153153
198796592931807233
198796593854550016
198796593963614208
198796594303336448
198796593229598720
198796594697617408
198796595905564674
198796595691659264
198796596673130496
198796596958330881
198796597721698306
198796596815728641
198796597776224256
198796599227457536
198796598917074944
198796599458152448
198796600900976640
198796596534710273
198796600812896257
198796601777602561
198796602968780801
198796603686006784
198796603820228610
198796604411617281
198796605678301186
198796606122893312
198796606286475266
198796606538125312
198796606420684802
198796606634590208
198796606580072450
198796606353580032
198796606924013568
198796607150505985
198796607465066497
198796608333287424
198796608366845952
198796608622706689
198796609277018113
198796608824033280
198796608689803264
198796609834852354
198796610040381442
198796609583190016
198796610027782145
198796610300428289
198796611130884096
198796611189608449
198796612288528384
198796612305305600
198796610405277697
198796612988960769
198796614314360832
198796614079492096
198796614922539008
198796615576862720
198796617145524224
198796617460097025
198796618223456256
198796618684833795
198796618957463552
198796619204923392
198796619183955969
198796619473358849
198796622971420674
198796622929461248
198796622497464321
198796623126605825
198796623147573250
198796622640054273
198796622686195712
198796623688646657
198796624540078080
198796623969652737
198796624607195137
198796625907421184
198796625420886017
198796625710288896
198796625915809793
198796626033262593
198796627081830400
198796627497074688
198796627262189569
198796628595974145
198796628059103232
198796629040570368
198796629065736193
198796626087772160
198796629514534912
198796628612759553
198796629665529856
198796630160457728
198796630374359041
198796630638592000
198796630240141312
198796631636852736
198796632572166144
198796632295350272
198796633348128769
198796634002427904
198796635059404804
198796636405776385
198796636611289088
198796636716142592
198796636309295105
198796638259654656
198796638578417664
198796638091882497
198796638762971136
198796639794774016
198796639798960129
198796640163860480
198796639878647808
198796641766096897
198796641409576962
198796642286178304
198796642768535552
198796643481559040
198796643024371713
198796643909382146
198796644488187904
198796645071196162
198796645612273664
198796646283350017
198796647151579136
198796647336132608
198796647659085825
198796647042514944
198796647537459201
198796648237891584
198796648820903937
198796648732823553
198796649177415683
198796649156460544
198796649387143169
198796647189331968
198796648216932352
198796651593342978
198796652285407234
198796653082312704
198796653648547841
198796654189608961
198796654571290625
198796654579687426
198796655246573568
198796655322079232
198796656471326723
198796657243066368
198796656269983745
198796657033355266
198796657985470464
198796657876418561
198796657826086912
198796658417475585
198796658958540800
198796658593640448
198796659591872513
198796661097627648
198796661806481410
198796661617737729
198796661823242242
198796663861690368
198796664759271426
198796664671178752
198796665140944897
198796665367441408
198796667502342144
198796667191963648
198796668030824450
198796668320231424
198796669624664064
198796670060859393
198796670249598977
198796670929080320
198796671356895232
198796670866173953
198796671575011329
198796671696642050
198796672556478465
198796672531312640
198796672183185410
198796672409681920
198796673030422528
198796674095792128
198796674305495040
198796674666213376
198796674339057666
198796675496677376
198796675597344769
198796676650106880
198796677128257537
198796677858082816
198796677639974913
198796677648363521
198796678176837632
198796677807738883
198796677975523329
198796677778374657
198796679598702592
198796679548370944
198796680500477953
198796681943318528
198796682480201728
198796683335839744
198796684510248960
198796684745117696
198796685256818688
198796685902745600
198796685550432260
198796687635005440
198796687949565953
198796688272531456
198796689342074880
198796689329496064
198796689262395393
198796688461275137
198796690461966336
198796690084470784
198796689937678336
198796692408123392
198796692676554755
198796692454256640
198796692986920964
198796692982734850
198796693846753280
198796694056472576
198796693913862144
