198815065288343552
198815065313521665
198815066085261315
198815066181734401
198815065321914368
198815066114637826
198815066496319488
198815066643116032
198815066789912577
198815066685059072
198815066487930881
198815067435827201
198815067268059136
198815067872038912
198815068115308544
198815068262113280
198815068308242433
198815069461684224
198815069499428865
198815069293920256
198815070174715904
198815070514450433
198815070678024192
198815069746900995
198815069772062720
198815066487930880
198815070459932672
198815072049577984
198815071676268544
198815072393510912
198815071974080512
198815073056210944
198815072569663488
198815074062835714
198815073756651521
198815073865703424
198815075245637632
198815074905882624
198815075417587712
198815076394872832
198815076357128193
198815072926179329
198815077862875137
198815078148091904
198815077422477313
198815078592688128
198815079188271105
198815080631119872
198815080710803456
198815079741915137
198815080895352832
198815080941494272
198815080912125954
198815081516113920
198815081050546177
198815083147698177
198815083437096960
198815085534257154
198815085920137216
198815086398279680
198815086494756864
198815087010660352
198815087203594241
198815088554147840
198815088289918977
198815088830976001
198815088856137728
198815089237835776
198815090366103554
198815090210914305
198815088940032000
198815090944917504
198815092618444801
198815093104967680
198815093180469249
198815093109170177
198815093155307521
198815094044495872
198815093964804097
198815094782701568
198815096443645952
198815094052888577
198815094493286401
198815091389513731
198815098129747968
198815098591133698
198815099195101184
198815099266404352
198815099270610944
198815100113661952
198815100604399617
198815100436611072
198815101413900290
198815101153841152
198815101657169920
198815100977684481
198815101288071168
198815101736849410
198815101250318337
198815101925588992
198815102265339904
198815102911258624
198815102756061185
198815103745925120
198815103754313731
198815104702226432
198815105151025152
198815105163591680
198815105360723968
198815105922768896
198815105943736320
198815106891653120
198815107390767104
198815107063623680
198815107625660419
198815108128976899
198815107776659458
198815108808454144
198815109504700416
198815109525667840
198815109961883648
198815108812644353
198815110964318208
198815110737821696
198815111421505537
198815113111797761
198815113959051264
198815114714030080
198815114772750336
198815115062149121
198815115817123841
198815115800354817
198815116303671297
198815116584685570
198815116488216578
198815116546940928
198815116932820992
198815117419347968
198815118719586304
198815119365509120
198815119554265088
198815120267284480
198815121076785153
198815121311678464
198815120946761729
198815121718509568
198815122033094656
198815122397999104
198815122087612417
198815122913894402
198815122574159873
198815123199102977
198815123257819136
198815123001970688
198815124239290370
198815124449013760
198815124239286272
198815125229146112
198815125573083136
198815126378389506
198815125937987585
198815126487449600
198815126630055936
198815126705549312
198815127162716161
198815127615705089
198815127796068352
198815127540207616
198815127871557634
198815128236462080
198815128337129472
198815128517480449
198815129016614912
198815129196961792
198815129087913986
198815129486364672
198815129679306754
198815129771581440
198815129834496002
198815129733836801
198815131096985601
198815132112007170
198815133173166080
198815133236076546
198815133580013569
198815133722619904
198815133777145856
198815134142050304
198815133596794880
198815134355959810
198815135442288640
198815135219978240
198815135446466561
198815135551332352
198815136071426050
198815136130150401
198815136310497280
198815136503443456
198815136612487168
198815137522663424
198815137413607424
198815137501687808
198815138126635009
198815137610731520
198815138139226112
198815139154231296
198815138076295170
198815139103899649
198815139196182528
198815138202124289
198815140089569280
198815139900833792
198815140462870528
198815140781629441
198815141997977601
198815141926678529
198815142815858688
198815142564204544
198815143331774464
198815143491158016
198815143969304576
198815144598446080
198815145110155266
198815143176585216
198815144644583425
198815145886097408
198815145370206208
198815145911263232
198815145303093248
198815146183897089
198815146708176896
198815147303780353
198815147953889280
198815148306214912
198815148532707331
198815148838879232
198815146028703744
198815149350588416
198815149870682112
198815150088798208
198815149908443137
198815150017495040
198815149518368768
198815149874880512
198815149962960897
198815150550171648
198815151233839104
198815150671798272
198815151816835073
198815151774892033
198815151867170816
198815151946870784
198815152257245184
198815152139804672
198815152521486337
198815153435848704
198815152798306304
198815153448427520
198815153981100033
198815154736074754
198815154840940545
198815156053098496
198815156082458624
198815156300558337
198815156581580805
198815156883562496
198815157072314368
198815157261045761
198815158397710339
198815158481600512
198815158603235328
198815157776949249
198815158825525248
198815159580508160
198815158645178368
198815160465498112
198815161245638657
198815160348053504
198815161597964289
198815162340356096
198815162470367232
198815162826883074
198815164068401152
198815164580110336
198815164483641344
198815164810792961
198815164848553984
198815165125369856
198815164915646464
198815165582548992
198815165716762625
198815165788065795
198815162310995969
198815165922283520
198815166836637696
198815167180570624
198815167545479168
198815167524515840
198815167579029505
198815167700664324
198815168329814017
198815168556318721
198815168963162113
198815169235783680
198815169168683008
198815168002670592
198815171437793280
198815171748167680
198815171743973377
198815172570267649
198815172624793602
198815173723701252
198815173836947457
198815173300076546
198815175430774784
198815176458375169
198815176563240960
198815176609382401
198815177125273600
198815177213345792
198815176701657089
198815175216869379
198815179104989184
198815179402788866
198815180187115523
198815181244084225
198815181449605122
198815181554454529
198815181994852352
198815182112309248
198815182988902401
198815183278317568
198815183597084672
198815183731302400
198815183727108096
198815183848751104
198815183609667584
198815186155610112
198815185618735104
198815186319196162
198815186226917376
198815186226917377
198815186012999680
198815186646347777
198815186981879808
198815187153858560
198815187413905410
198815188076597250
198815188235976704
198815188466663424
198815188043038720
198815188856733697
198815188433113090
198815189255208960
198815189100019712
198815189620109312
198815189766909953
198815187464241153
198815189787869184
198815190744178688
198815191046168576
198815191226523649
198815191260069889
198815190081474561
198815191918575616
198815191591428096
198815192325427200
198815192803573761
198815192862298113
198815192895860737
198815193072009217
198815193533399042
198815193684389888
198815193856352258
198815193055248384
198815194649067523
198815195576008706
198815195768950784
198815196196765698
198815196737830913
198815196356165633
198815197052411904
198815196628787201
198815197064986626
198815197807394818
198815197576699904
198815198415568896
198815198566559745
198815198675607552
198815199535443968
198815199778701313
198815199837437952
198815199367667712
198815199917121539
198815200013590528
198815200516907010
198815200797933570
198815200860848128
198815200932134914
198815202500808704
198815202622451712
198815203679404033
198815203675217920
198815203989782529
198815203574546432
198815204111433731
198815204006576129
198815205009002501
198815205646548993
198815206326009858
198815206497988610
198815206628016128
198815206175023105
198815206837727232
198815206552514560
198815208599330816
198815208783884288
198815208771305473
198815209236860928
198815209018765314
198815209639510016
198815209928933376
198815209979252736
198815210998480896
198815211216572417
198815212080603137
198815211656974337
198815211854118912
198815212051238913
198815213028524034
198815213607337984
198815214307782657
198815214123225089
198815214714634240
198815214509096960
198815214999842816
198815214387474433
198815215532519424
198815214978867201
198815214987247616
198815215922589697
198815216878882817
198815216753049601
198815216581091328
198815217050853376
198815218325929984
198815217172480000
198815218871177216
198815219961700353
198815220133666816
198815220691513344
198815220624404480
198815220855095296
198815220775395330
198815220997689344
198815221027061760
198815221920444417
198815222029492225
198815222734143489
198815222830608385
198815219991064576
198815223220674562
198815223577182210
198815224256671744
198815225254916096
198815225691115520
198815225066160128
198815225917603840
198815226043441152
198815225921798147
198815226404143104
198815226626449408
198815227683422208
198815227272364032
198815228073484290
198815229193363458
198815229319200768
198815230149660674
198815229986078720
198815230346797056
198815230590062593
198815231160496129
198815231475073025
198815231823196162
198815231357616128
198815232213254145
198815232695611393
198815232829816832
198815232397819905
198815233572212737
198815232397815808
198815234348158976
198815234348158978
198815234645958656
198815235354791936
198815235505790976
198815235694534657
198815236466286593
198815236483059713
198815235791007746
198815236915073024
198815237460336640
198815237640683521
198815237741363200
198815237317722112
198815239926579201
198815239867858944
198815240140488704
198815240748670978
198815240257933313
198815241541386240
198815241734332416
198815242023743489
198815242350891008
198815242376060929
198815242493497344
198815242975850497
198815243701469184
198815243353337856
198815244045385728
198815244401917952
198815244586463233
198815244863287299
198815244989120512
198815245752471553
198815246452928513
198815246578749441
198815247035936768
198815248331976704
198815248529113088
198815248696868864
198815248566849536
198815248675913729
198815249313439744
198815250085199872
198815248575238145
198815250013896706
198815251242819587
198815251343491072
198815252157169665
198815252933128193
198815253105098753
198815253298020353
198815253524520962
198815253151227904
198815254338211840
198815254480826370
198815254824747008
198815254866694144
198815255063838721
198815255202246657
198815256028516353
198815256099831808
198815255760093186
198815253625188352
198815256494092288
198815257408446465
198815256909324289
198815257672687617
198815257819484160
198815257047740416
198815258721259521
198815258859683840
198815260151521281
198815260650639361
198815260856160256
198815261179125760
198815261204299777
198815261485301760
198815261757935616
198815262533885953
198815261170745344
198815262529695747
198815263343390721
198815263704092673
198815264010272769
198815263985123329
198815264387760128
198815263863480320
198815265205653504
198815265545392128
198815265524432896
198815266191323138
198815266212298752
198815266673655808
198815266367475712
198815267390889984
198815265092411392
198815269051834368
198815269035065347
198815269345431553
198815269395771392
198815269538373632
198815269852942336
198815270310121472
198815270964428800
198815271581003778
198815271820079105
198815271711019009
198815272071729152
198815272096890880
198815271824273408
198815272352747521
198815272306610178
198815272868655105
198815272902213633
198815273560707073
198815273724280832
198815273799778304
198815274466689025
198815274735112192
198815274655428611
198815274915467264
198815275527831554
198815275020333057
198815275691417600
198815276266045442
198815276337340417
198815276366692352
198815276366704641
198815277071347712
198815277478182912
198815277427851264
198815278161870851
198815278698741762
198815278967164928
198815279013310464
198815279126548480
198815280305152000
198815281253068801
198815281164976129
198815280993013761
198815281655721986
198815282054184960
198815282351968256
198815282507169792
198815282196774912
198815282624598019
198815283287306240
198815280850411522
198815281626365954
198815283404746752
198815283434094593
198815283929030656
198815284017119232
198815285506084865
198815287125090304
198815287158652928
198815287934586881
198815287175413760
198815288391778305
198815288463077376
198815289473892352
198815289712984065
198815288890900481
198815289104793601
198815286684684288
198815290136596483
198815290572812288
198815290832859136
198815290283405312
198815291042578432
198815291650748417
198815291726241794
198815291805925377
198815292644794369
198815293248782336
198815294494490624
198815294607724545
198815295513702400
198815295694061568
198815294393810944
198815296117678081
198815296570662914
198815296616792064
198815297069780992
198815297199812608
198815297279492096
198815297355001856
198815298357428224
198815299653484544
198815299976429569
198815300421033985
198815300941123584
198815301188591616
198815301389918210
198815301436055552
198815301465423874
198815300194545664
198815301897424896
198815301855477760
198815301985517570
198815301704499201
198815302048415744
198815302392360961
198815302216187904
198815302774030336
198815302614659073
198815302606262272
198815302795005952
198815304208482304
198815304552419329
198815304623718402
198815304950886400
198815305076715520
198815305135435776
198815305261264896
198815305122856961
198815305512923136
198815305898803201
198815305680699394
198815306536329216
198815307354226688
198815307333255168
198815308193083392
198815307643629570
198815308289552385
198815308885139456
198815308859981824
198815309304561664
198815309648510978
198815309791105024
198815309874987009
198815309480738816
198815310420254720
198815310667710465
198815311653384192
198815311301054466
198815312349630464
198815312542580737
198815312941023233
198815313255600129
198815314128011264
198815313607921664
198815314908151809
198815315348561920
198815315621183489
198815316208394243
198815316149682177
198815316447465474
198815316074176512
