198830668241829892
198830669332365312
198830668719980545
198830670364155904
198830669361717248
198830670867476480
198830670762618880
198830671169470465
198830671052029953
198830671052021761
198830671098159105
198830671265935360
198830671781834752
198830671689551872
198830672511635456
198830673212088321
198830672872357891
198830673350508544
198830673019150337
198830672905904128
198830672964620288
198830672771694592
198830674365530112
198830675292471296
198830673782521858
198830675850309632
198830674394873856
198830676529778688
198830675112116224
198830675787390976
198830676089376768
198830675636404224
198830677213446145
198830677184090114
198830677473509377
198830677620310018
198830678345908224
198830677519630337
198830678035533824
198830678756962305
198830678761148416
198830678765355008
198830679147020288
198830679163813888
198830678597578752
198830679214145536
198830679641960448
198830680170438659
198830679696486400
198830680656986112
198830680711503872
198830681122541568
198830681143525376
198830681210630145
198830681625858048
198830681399377920
198830682234032128
198830682636689409
198830681973985280
198830682892541952
198830682410188803
198830682997391360
198830683035152384
198830683039350789
198830683622359042
198830683718811648
198830684008235008
198830684062756864
198830683685265409
198830683823673344
198830684612214784
198830685102948352
198830685786611712
198830685241352192
198830686050856961
198830686529003520
198830686260563968
198830686952624128
198830686810013699
198830687451742208
198830687040708608
198830688022183937
198830688177360896
198830689326612481
198830689351761920
198830689599242240
198830689767014400
198830689989308417
198830689733443587
198830690408730625
198830690396147712
198830690601664512
198830691608305666
198830691562172417
198830692958871552
198830692107431936
198830692451352576
198830693512523776
198830692459741184
198830693508321280
198830693822906368
198830694187802625
198830695022460929
198830695500611584
198830695534170112
198830696125575169
198830696192679938
198830696154927105
198830696431759361
198830695618056192
198830696515637250
198830696519843841
198830696066842625
198830696578547712
198830696888942593
198830697111228416
198830697123815424
198830697492922368
198830696704380928
198830697866211328
198830697274814464
198830698398887937
198830698965114882
198830699770413057
198830699766226944
198830698767978496
198830699946577920
198830699447459843
198830699476828160
198830700273737728
198830700252758016
198830700567330816
198830700718325762
198830700747685889
198830700143706112
198830700303106048
198830701368442881
198830701997592576
198830702333140993
198830702303772673
198830702685470720
198830703343964160
198830703520129024
198830703436234753
198830703998279680
198830703855673344
198830703989886977
198830704585478145
198830704774234112
198830704665178112
198830704811974656
198830705063628800
198830705692774402
198830705877336064
198830705923469313
198830705696980992
198830706594545664
198830707135619072
198830706393223168
198830707307585538
198830706988822528
198830707311779840
198830707643129856
198830707680870402
198830708653953025
198830709161463808
198830708880453632
198830709593485313
198830709224390656
198830709903859713
198830709773844480
198830710151319553
198830710247796737
198830710881132545
198830710595923970
198830711061491713
198830711589965824
198830711971659776
198830711392829440
198830712038760448
198830712659521536
198830712730828800
198830712877621248
198830713200578560
198830713414500352
198830713477398528
198830713703895040
198830713905217536
198830714580500480
198830714878308353
198830714718920704
198830715696189440
198830715771686912
198830716220477441
198830716455366657
198830716958679042
198830716958683136
198830716975452160
198830716459556866
198830716228878337
198830716631519233
198830717558456320
198830716874797057
198830717713645568
198830717663326208
198830717982093312
198830718401519618
198830718791593985
198830719269748736
198830719970197504
198830719982764033
198830719672393729
198830720184102913
198830720477696000
198830720385421312
198830720297353217
198830720758714368
198830721484333057
198830721572413440
198830721278808064
198830722574848000
198830722876833793
198830722604216320
198830722759393280
198830723015245825
198830723619229697
198830723984138241
198830723971563520
198830723522756608
198830724068032514
198830724151914496
198830724273549313
198830724663615488
198830725674434562
198830725112401921
198830725657661441
198830725875761157
198830726152593408
198830726613966848
198830726790127622
198830726626545665
198830726899187713
198830726827868160
198830726731415552
198830727855489025
198830724130930689
198830728232960002
198830727566073856
198830728404926466
198830728711110656
198830729008922624
198830729117966336
198830729600319489
198830729545781250
198830729201856512
198830729751310336
198830729981984768
198830729281540097
198830729621274625
198830730380443648
198830729805836289
198830730116214786
198830730913124353
198830731219312640
198830731777146880
198830731450003458
198830732062375937
198830732288851968
198830732628594689
198830732255313921
198830732129476608
198830733098360832
198830733484228608
198830734188875776
198830734415376384
198830734440534020
198830734629281792
198830733974966273
198830734776086528
198830734255984641
198830734637670401
198830734662832129
198830735598170112
198830736151822336
198830736160194560
198830736290217984
198830735665270784
198830736067936256
198830736722247681
198830736919379969
198830736286035969
198830737238138881
198830737720479745
198830737737252864
198830737045209088
198830738148306944
198830738907463680
198830739045892096
198830739339493376
198830739758923776
198830739809239041
198830739817639937
198830740174151681
198830740572614657
198830740329349120
198830741063335937
198830740639719425
198830741738622976
198830742321631232
198830741767979008
198830742548135936
198830742678159360
198830743101779968
198830743466676225
198830743445700609
198830743642832896
198830743726731267
198830744410398720
198830744251015169
198830744213262337
198830744284569600
198830745547051008
198830744896933889
198830745526079488
198830746612404226
198830746532708353
198830745953910784
198830746197164032
198830741562458114
198830746968932354
198830747627421699
198830747551932416
198830747577102337
198830748046864385
198830748298510337
198830748357242880
198830748441120770
198830748457902081
198830748948639745
198830748621479936
198830749552623617
198830749720379392
198830749821046784
198830749976236032
198830751481999361
198830751427477504
198830751620415488
198830751431663616
198830751733649409
198830750710243328
198830752966778880
198830752979365888
198830753784668161
198830754833240064
198830754682257409
198830755164602368
198830754912940033
198830754711609344
198830755479166977
198830755630157824
198830756691316737
198830757047840770
198830757253365761
198830757190447104
198830757320466432
198830757618262016
198830758293553154
198830758226436097
198830758377431040
198830758704594944
198830757165281283
198830759174340609
198830760147423232
198830760038371329
198830760944336896
198830761242132481
198830760592019456
198830761598656512
198830760877232128
198830761770614784
198830761795780610
198830762877919234
198830763020529665
198830762521403392
198830763347685376
198830763234435072
198830763230236674
198830763129585664
198830763783880704
198830763821629440
198830763314122752
198830761971945472
198830764211699713
198830764924743681
198830764899581954
198830764186542080
198830765088317441
198830765604208640
198830765771980803
198830765264474112
198830766472437761
198830766652801027
198830765918797825
198830767265165314
198830767281930240
198830766908645376
198830767906885632
198830767755898880
198830768557006848
198830768926113792
198830768875782144
198830768288571392
198830769588813825
198830769110663170
198830769949523971
198830769584619520
198830770138267648
198830769035149313
198830770289254402
198830769899175937
198830770872266752
198830770914209793
198830771014868992
198830770935173121
198830771061006336
198830770805157888
198830771455266816
198830771216187393
198830772336066561
198830772491272193
198830771975360512
198830772487069696
198830773040717824
198830773082664960
198830772860362752
198830773820862464
198830774290616320
198830773653082113
198830774324174849
198830773967659009
198830774986866688
198830775183998976
198830775565684737
198830775754432514
198830775821537281
198830775305637888
198830776102551553
198830776236773378
198830776811405313
198830777226637312
198830777503453184
198830777478299648
198830776538771457
198830778044514304
198830778132594690
198830778099040256
198830777767706627
198830778359095296
198830778807885824
198830778417807361
198830779076317184
198830778640117760
198830779453812736
198830779969703936
198830780099723264
198830779940339716
198830781005709312
198830780808572928
198830781295108096
198830781391581184
198830781345439745
198830781769064448
198830782238822400
198830782423375873
198830782578573312
198830782607933441
198830782209462274
198830783023161345
198830783010574336
198830782406594560
198830783350325249
198830781878108161
198830783245455360
198830783920734208
198830784281448451
198830783786524673
198830785107738624
198830785258721280
198830785200013313
198830785753653249
198830785850130432
198830785841733634
198830786252771328
198830787041300480
198830786584129537
198830787053887488
198830787536228352
198830787699810304
198830788110856192
198830788261851136
198830788974874624
198830789348175874
198830789608214528
198830790086373376
198830790279307265
198830789788573696
198830789943767040
198830790010871808
198830790396755968
198830791025897474
198830790338031616
198830791072034816
198830791520821248
198830791365640192
198830791290134528
198830791541800961
198830791147532290
198830792565211136
198830792691036160
198830793198534656
198830793068523521
198830793781559296
198830793571840002
198830793982881792
198830794133880833
198830794117103616
198830794339393536
198830794943377409
198830794582667264
198830795429904385
198830795316662272
198830795782225921
198830795891294209
198830795924844544
198830796000329729
198830796075839488
198830795639635968
198830795618652162
198830794037395457
198830796398788609
198830795299885057
198830796725956609
198830797132795904
198830795639631872
198830795887099905
198830797669679105
198830797099253761
198830797543845889
198830797879390208
198830798898597888
198830799007645697
198830798848270336
198830799338995714
198830799531950080
198830799427084289
198830799548715009
198830799435481089
198830799787798530
198830800043638785
198830800056233985
198830800249167872
198830800391774208
198830797371867137
198830801138360320
198830800962203648
198830801381621760
198830801624891392
198830801876557825
198830802333736962
198830802367299584
198830803168403456
198830803164217344
198830802899976192
198830803080318977
198830804481216514
198830804246343681
198830805064237056
198830805194256384
198830805949218816
198830806712590336
198830807274618880
198830807417225216
198830807014588417
198830808100913153
198830807824080896
198830808239325186
198830808339976192
198830808801345536
198830808381927428
198830808788779008
198830808499359744
198830809380163585
198830810151927808
198830810189660161
198830810093207554
198830810361630721
198830809917046786
198830810571358209
198830810588135427
198830810244198401
198830810885931009
198830811380842496
198830810609094656
198830811380846592
198830811590565888
198830810609090561
198830811955470336
198830812202938369
198830812504920064
198830812744007681
198830812874031106
198830813071163392
198830813733863425
198830813897424896
198830813276684288
198830814245556224
198830813612220419
198830814769840128
198830814375583744
198830815092809728
198830815449333760
198830814962790400
198830816636309505
198830815516438528
198830816736968704
198830817273847809
198830817319976963
198830817022181376
198830817491955712
198830818385346560
198830818406313984
198830818712489984
198830818762833920
198830818657964035
198830819110957058
198830819828183040
198830820553793536
198830819924643841
198830819681370114
198830820868374528
198830820276961280
198830821048713217
198830820956454912
198830821090672640
198830820591534080
198830821195526147
198830820906106881
198830821677862912
198830821182935040
198830822609002497
198830823011663872
198830822529314817
198830820717375488
198830823842123776
198830823766626305
198830823665963008
198830824806809600
198830824790044672
198830824131526659
198830824811016193
198830825280770048
198830825263992832
198830825347891200
198830825561792513
198830825943465986
198830826463571968
198830826673291264
198830826740400128
198830826820075522
198830827164012547
198830827654758401
198830828443275266
198830828065787907
198830828963368961
198830829953224704
198830830053883904
198830830091636736
198830830263607296
198830830427185152
198830830993424385
198830830611742721
198830830766931968
198830831370899458
198830831249264640
198830831828074496
198830832276881408
198830833254141952
198830833426104321
198830833400950784
198830833090560000
198830833598074880
198830834214649857
198830834239815680
198830833669390336
198830834206244866
198830834046877697
198830834525016064
198830834596327424
198830834650845184
198830834747310081
198830834915086336
198830835166748672
198830835653283840
198830835758137344
198830835812671488
198830836278243328
198830836395671552
198830836689281024
198830836148219904
198830837016428544
198830837473611777
198830836743802881
198830837125492738
198830837914013697
198830837989511168
198830838228590592
198830838178263040
198830838627053568
198830837775613952
198830839461711874
198830839319101441
198830839830822912
198830839327506432
198830840833257474
198830841055551488
198830840959090689
198830841181376512
198830841357545474
198830840782921728
198830841672105984
198830841697284096
198830841282052096
198830842607452161
198830842355785730
198830842590666753
198830843198840833
198830843232391169
198830843697963011
198830843681189890
198830843706343424
198830844331307009
198830845165965312
198830846118080512
198830846290046976
198830846285848577
198830846411677696
198830846482972672
198830846403280898
198830846948548608
198830847133106177
198830847141482499
198830847464443905
198830847804194816
198830847766441986
198830848403972096
198830848643039232
198830848538193921
198830849049894912
198830849267994624
198830849540636672
198830849217658880
198830849733574658
198830851168018434
198830851268673536
198830851503570945
198830851746824193
198830852665384961
198830852988338177
198830853286150146
198830853428752384
198830853764296705
198830853407768576
198830853596516353
198830853936263168
198830853126758400
198830854213091330
198830853994987522
198830854372462592
198830854120816640
198830854817071104
198830855311986690
198830855911768064
198830856595439616
198830856830332929
198830854351495168
198830857014882304
198830856930992128
198830857157484545
198830857199427586
198830856800972800
198830856998105089
198830857560137728
198830857681772544
198830858151534592
198830858407391235
198830859028152322
198830859070095361
198830858864570369
198830859997020160
198830859426598912
198830860378701825
198830859892166656
198830860613591040
198830860760395777
198830860353552385
198830861100134400
198830861037223936
198830862282919936
198830863289548802
198830862844964866
198830863134371840
198830863591550976
198830863939674112
198830864128425985
198830864124219393
198830864329744384
198830864224878593
198830864749170689
198830865193775108
198830865118277632
198830865604812801
198830865864867840
198830865726439424
198830865189568513
198830866405924866
198830866586284033
198830866355589120
198830866779213826
198830867391594496
198830867324477440
198830867462897664
198830868037517314
198830867509018624
198830867945238528
198830868712800256
198830868188495873
198830869098659840
198830867785859072
198830869224505344
198830869258043393
198830869375488000
198830869098668032
198830869761368064
198830870054961154
198830870331793409
198830870482796544
198830870486990849
198830870155632640
198830870734442497
198830871103549441
198830871460065282
198830872428949504
198830872605114368
198830872785457154
198830872139546624
198830872902901762
198830873347497985
198830872454119424
198830873418805250
198830873674649600
198830873917915136
198830873423003648
198830875054587904
198830875696304128
198830876296085504
198830875671134208
198830876140908544
198830876631629828
198830877244006401
198830877319499778
198830877982212097
198830877990592512
198830877629890560
198830878267412480
198830879462789121
198830879659929600
198830879878037504
198830879248879616
198830879542484992
198830880343588864
198830880054181888
198830880918208513
198830881127927809
198830880012255232
198830881593495552
198830881677389824
198830882751127552
198830882524639232
198830882348482560
198830883048927232
198830883409633284
198830883648700416
198830883824861184
198830883367698432
198830884193964034
198830884248494081
198830884252696576
198830883598385152
198830884634374144
198830884898619392
198830885099945984
198830884659527681
198830885875875840
198830885825548289
198830886530195456
198830886622461952
198830886756679680
198830886945435652
198830886765084672
198830887201288194
198830886488248320
198830888279224321
198830888258252800
198830887897538561
198830888186937345
198830888891596802
198830888933527552
198830887612321792
198830889243901954
198830889105494018
198830889659138048
198830889713680384
198830889466204161
198830889717862400
198830890057596929
198830890045014016
198830890414120961
198830890867101698
198830891043274752
198830890426707968
198830891580145664
198830891647238145
198830892016345090
198830892771323904
198830893312385024
198830894176407553
198830893924749313
198830894600040448
198830894671343617
198830896361635841
198830896579751936
198830896864968706
198830897150181376
198830897028542464
198830896692985856
198830897963876353
198830898186174466
198830898932752384
198830899196989440
198830899683540992
198830899658371073
198830899918413825
198830899784204288
198830900430123008
198830900753076224
198830901327695873
198830901365448704
198830901696790529
198830901986209792
198830902044917760
198830901877157892
198830902510489602
198830902812491777
198830903026393089
198830903160606721
198830903223529472
198830903328387072
198830903273857024
198830903823319040
198830903982698496
198830904251121665
198830904410521601
198830904511172608
198830903835893760
198830903970111489
198830904989319169
198830904834146305
198830905194848257
198830904779620352
198830904892850177
198830905018695681
198830905928859649
198830905933049856
198830906516054016
198830906042093571
198830906742542337
198830906440560640
198830907031945216
198830906759323648
198830907174551552
198830906205679617
198830907556233217
198830907476549633
198830907178758144
198830907740782594
198830907979874304
198830908281856000
198830907321368576
198830908743229443
198830908680306688
198830909171048449
198830909837934592
198830910064435200
198830910794235904
198830910794252288
198830911255621632
198830911196901376
198830911758929922
198830911419203585
198830911784099840
198830912157401088
198830909305262082
198830912299991040
198830912648130560
198830914434899968
198830913713479680
198830914543955968
198830914296492032
198830914652995584
198830914783031296
198830914594283521
198830914921447424
198830914866909185
198830915869347841
198830916209094657
198830916582383617
198830916708204544
198830916771135488
198830916834041857
198830916917919746
198830917136035840
198830916913741824
198830917765177345
198830918176223232
198830918247522304
198830918734061568
198830918755037185
198830917261864960
198830918864093185
198830918050381825
198830919329660928
198830919052836864
