198856340691632129
198856341454995456
198856341547266049
198856343807987713
198856344344854528
198856345200500737
198856345552822273
198856345582190593
198856345867386882
198856346370711552
198856347108917248
198856348056821760
198856348396552192
198856349373833219
198856352758636545
198856353362612224
198856353811406848
198856353408761856
198856352905437185
198856359234641920
198856361189179393
198856362988544000
198856362590076929
198856365001818112
198856362623647745
198856366943780865
198856368785080321
198856369045127169
198856368948649984
198856369145778178
198856369573609472
198856370127249408
198856370748006400
198856370450219008
198856371163242497
198856366587256834
198856372203438080
198856372799012864
198856372845166592
198856373725962241
198856374178947072
198856376494211072
198856376737472512
198856376875880448
198856377442107392
198856377496637440
198856377341456385
198856377882521601
198856378733965313
198856378142564352
198856378545225728
198856378763317248
198856378914320384
198856379161788416
198856379216314368
198856378801061889
198856379816091648
198856379547664386
198856380298428417
198856380403290112
198856380780777473
198856380705288192
198856380873060353
198856381292486656
198856381128912897
198856381997129729
198856381976150017
198856382257184768
198856382366220290
198856382445924353
198856382735319041
198856384006205442
198856383737769984
198856383851008000
198856383582580737
198856383792291840
198856384115253248
198856384601796608
198856385184800768
198856385285472256
198856385331605505
198856385562288128
198856383259619329
198856386715717632
198856384262062080
198856386749280256
198856387156127745
198856387701374979
198856386594095104
198856386816393216
198856388049510400
198856388187930624
198856388422795264
198856388250832896
198856388364087298
198856388309553152
198856388783513600
198856388984840192
198856389769183233
198856389857259520
198856389987287040
198856389756583936
198856390628999168
198856390226362368
198856390507368449
198856392025714688
198856392277372928
198856392818442240
198856393225285632
198856393678258176
198856394605207552
198856395163058177
198856395909640192
198856399059562496
198856400942800896
198856400208793600
198856403056738304
198856404495372288
198856407221669890
198856407121002496
198856407343300610
198856407259414529
198856408366714880
198856407360094208
198856408907788288
198856409612427264
198856409755037696
198856409834717185
198856414557507585
198856415899697152
198856415669002240
198856416331706369
198856416533028864
198856415526400000
198856420299513858
198856420307910656
198856422019186689
198856421553610753
198856422228897792
198856423009042432
198856426888765440
198856427765374976
198856429086584833
198856432735617025
198856433025028097
198856432974704640
198856435285757953
198856438129500160
198856439924654080
198856440084049920
198856440608337920
198856441384280065
198856443301085184
198856443561119744
198856445570195456
198856445142372352
198856447646375936
198856448690765825
198856448413929473
198856452117499905
198856453182857216
198856453170274305
198856454269173761
198856455699447809
198856455904968704
198856457683345408
198856458530594816
198856458245386240
198856459189104640
198856459231035392
198856459595939840
198856460157976576
198856464520056835
198856466915008514
198856467309264896
198856467795816448
198856470853451776
198856472887693312
198856473655259136
198856474112438272
198856475844673537
198856476155068417
198856476578689024
198856476448665601
198856477446909953
198856480408084480
198856480575856640
198856480957534209
198856482744320000
198856481930620928
198856486921842688
198856488012357632
198856488700223489
198856489102872577
198856491527180288
198856494517727233
198856496262561792
198856497936084995
198856498175152128
198856497843810304
198856498548445184
198856498686861312
198856499521536000
198856501027291136
198856502621114368
198856503124434944
198856503686479873
198856503879405568
198856504051376128
198856504651165696
198856504739237889
198856505045434368
198856505653596160
198856505972371456
198856506492456962
198856506765094912
198856507926917120
198856511311720451
198856514767831040
198856514864300032
198856520094588929
198856522447585281
198856526478315520
198856529821171713
198856528701300736
198856530156724224
198856533218570241
198856533914816515
198856537232506880
198856540655071233
198856541137420288
198856544413159424
198856545180729344
198856546455785472
198856547718266880
198856548930420736
198856549349863424
198856547714084865
198856552709492737
198856554437554177
198856553510608896
198856555855220739
198856556966707200
198856556463394817
198856557352595456
198856558115954688
198856558405365762
198856559697199104
198856560749985793
198856560959692800
198856566793969665
198856566995300352
198856568144527360
198856568106778625
198856569297977344
198856567402151937
198856569469927425
198856571839709184
198856571638390784
198856572292706306
198856573160919040
198856573437739008
198856576856104960
198856577300705281
198856578869362688
198856578970030080
198856580580655104
198856579716624384
198856582325485569
198856582765887489
198856582862344192
198856583629910016
198856584837869569
198856587425746945
198856588461748225
