198850297320308736
198850297613922304
198850297957847040
198850298587004928
198850298658304002
198850299883036673
198850301460090880
198850301787254784
198850302231846913
198850303280427008
198850303448190976
198850303641133056
198850304333197312
198850304152834048
198850305272717312
198850306522619904
198850304542908416
198850305520173057
198850306610692096
198850307814469633
198850309282467840
198850309370556416
198850309697716224
198850310133923840
198850310721126401
198850310536564737
198850312105242624
198850312608563200
198850312939905024
198850311044083712
198850313137041408
198850313032187904
198850315662008320
198850315397758976
198850316421185536
198850316941266944
198850318719655936
198850319701127168
198850319386546176
198850320330260482
198850321911525376
198850321802473472
198850322398068736
198850322662305792
198850322817486849
198850323207565312
198850323731841024
198850323685707778
198850323723464704
198850324528758785
198850326059687936
198850325564764161
198850325619294208
198850325795454976
198850325153722370
198850326558806016
198850327926145024
198850329733890050
198850329272524802
198850329658392576
198850330845392897
198850330996391938
198850331650699264
198850331902357504
198850332015595520
198850332019785728
198850332166598656
198850334146306048
198850334288912384
198850334330851330
198850335085830146
198850335681413122
198850335874367489
198850336314769408
198850336901955584
198850337736622080
198850339145920512
198850340244824065
198850340022521856
198850340307746816
198850341834469377
198850341813493760
198850343973556224
198850346725031936
198850346632753154
198850346695655425
198850346779557889
198850346741796864
198850347249303552
198850347815538688
198850348385968128
198850348633432064
198850349690400768
198850350202093568
198850352051781632
198850352227954689
198850352286662656
198850354312527873
198850354140561409
198850354400600064
198850355965075456
198850357244329984
198850357131091969
198850357760233474
198850357626023936
198850357886058497
198850359102410752
198850361329582080
198850362579496960
198850362126499840
198850364123000832
198850365993664514
198850366232739840
198850367059001344
198850367801405441
198850369663664128
198850370775154688
198850372280909824
198850372733894656
198850371085533185
198850373681811456
198850373795069954
198850372884905984
198850374461947904
198850374487121920
198850375107874816
198850375695089664
198850375967711232
198850376680742912
198850376835936257
198850378001952769
198850378446544896
198850382385004544
198850383546826752
198850384725413888
198850385044180992
198850384985473024
198850385677516800
198850385463607296
198850387086815232
198850387158114304
198850387401383936
198850388718403584
198850388768718849
198850390274478080
198850390354165760
198850391595687936
198850392229036032
198850393881583616
198850393999020032
198850395190202368
198850396117151744
198850396855353345
198850397815844864
198850398654705664
198850400496005121
198850401611685888
198850402496679937
198850403205529601
198850403721412608
198850403801104384
198850404488982528
198850405915045888
198850407664062464
198850407487913984
198850408813309952
198850408301604864
198850410621050880
198850410105159681
198850411787067392
198850412651085824
198850412349104129
198850412521078784
198850413867450368
198850415327064064
198850416706994176
198850418040774657
198850418099499008
198850420213432320
198850420741914624
198850420674789376
198850422272831488
198850422138617860
198850424005070848
198850424453857280
198850424915243008
198850425116565504
198850424692936704
198850425141731328
198850426983038976
198850427062726657
198850427301793792
198850427956109313
198850425510830081
198850428325216256
198850429742886912
198850429830955009
198850429738692608
198850431416410112
198850431508676608
198850431332515840
198850431382859777
198850432490151936
198850433450643456
198850434851549184
198850436529258496
198850436659290112
198850436273405954
198850437804326914
198850438760636416
198850438827753472
198850439062626304
198850441696653312
198850442619404288
198850442623582209
198850444049657856
198850445341495296
198850446293606401
198850447212167168
198850447447048194
198850448801808385
198850448726294528
198850449720356865
198850446989869056
198850451465183232
198850451532292097
198850454413770752
198850453843361793
198850454426353666
198850454640263168
198850455915339777
198850455911153664
198850455944708096
198850456225726466
198850456619986947
198850457521758208
198850458251575298
198850459409190913
198850459321122816
198850459644084224
198850460344528896
198850461950935040
198850462361976832
198850462798200832
198850463465086977
198850463532195841
198850465377685504
198850465847455744
198850466786979840
198850468456312832
198850469211275264
198850468586340354
198850469198708736
198850470083698688
198850471815942145
198850472755474432
198850473262989313
198850475196563456
198850475221725184
198850476714885122
198850477465673728
198850477830574080
198850478275170304
198850478128377856
198850479441195009
198850480141631488
198850480632377344
198850480795959297
198850480821125122
198850483228651520
198850485019619328
198850486760243200
198850488500883457
198850486852534272
198850486512795650
198850488819654656
198850490522533888
198850491067793408
198850491000684544
198850490799374337
198850491382374402
198850491445297152
198850491940208641
198850493710213120
198850493341106176
198850494037368832
198850494146420736
198850493982842880
198850494565851136
198850495174017025
198850495102713856
198850495371165698
198850495366959106
198850495614427136
198850497388621824
198850498403639296
198850498680467458
198850498974072832
198850500102328320
198850502673432577
198850502967033857
198850503130628096
198850503453589504
198850504506351616
198850504955146242
198850505672364032
198850507429781504
198850507006148608
198850507299749888
198850508541272064
198850509443051520
198850509464018944
198850509925388290
198850512660078592
198850513779949568
198850514690117632
198850515587710977
198850515340230656
198850516665643009
198850516153937921
198850518490157056
198850520226603009
198850521874964481
198850523221336064
198850525373014017
198850526312542208
198850526853611520
198850526820040704
198850527193333761
198850527226900481
198850527226896385
198850526971035648
198850528866869248
198850530733326336
198850530892713984
198850529504395265
198850531622522880
198850531723194368
198850534617255936
198850537733636097
198850538132090880
198850540262785025
198850541563031552
198850540111798272
198850542045364224
198850544637452288
198850545333706752
198850545300148224
198850545870585856
198850545711185920
198850545824448514
198850546617171968
198850547128868865
198850547355361280
198850547741241344
