198789396214988803
198789396449857540
198789397263552513
198789397318082560
198789397032865794
198789398635089921
198789399746584579
198789399905972225
198789399809490944
198789400715472898
198789401239756801
198789401478836224
198789404062527488
198789402699382789
198789404440018944
198789403164946432
198789405807353856
198789405861888000
198789406813995009
198789407262777344
198789405606023171
198789409368326144
198789409435426816
198789409359937537
198789406939824128
198789410425290752
198789410475622401
198789410601435138
198789411616473088
198789412857978880
198789413625544706
198789415026425857
198789414984495105
198789415009656832
198789416028868610
198789417933094912
198789418264440834
198789419950546947
198789420718100482
198789420789403648
198789422232244226
198789422425186304
198789423175974912
198789423482155009
198789417366847488
198789423545057280
198789425168252928
198789425801601024
198789425805787136
198789426749505537
198789425956794369
198789424971137024
198789426959233024
198789428947320832
198789429991714817
198789431283556358
198789432420204545
198789432537653248
198789432181141504
198789434320236546
198789435196846081
198789436690010113
198789437331738625
198789437612765185
198789438606819330
198789438569054208
198789438447427586
198789439873482752
198789440397774848
198789443409285120
198789443270873089
198789444554330114
198789446433374209
198789447322583042
198789447079297024
198789447695863808
198789448522145792
198789449398747136
198789448757018625
198789449977577472
198789450527019009
198789451118419968
198789450388619265
198789451386851330
198789451533660162
198789452376719363
198789451642699776
198789454083788802
198789454683578370
198789455140757504
198789455442755584
198789456365494272
198789458013851648
198789458504597506
198789459007901696
198789458647191552
198789460031320064
198789462178799619
198789462120075265
198789462975725568
198789463122526209
198789463541944321
198789465081253888
198789465395834881
198789463747465216
198789466192744448
198789467828523008
198789468470247424
198789469535600640
198789469619494912
198789470869405696
198789471162990595
198789470408024064
198789471544672257
198789471582425088
198789472375160832
198789472631013378
198789472412901377
198789473172078592
198789474048684032
198789475390861312
198789476296822785
198789476976300032
198789477269913602
198789478343655426
198789478335258625
198789477840330752
198789478842765312
198789479002157056
198789479492894724
198789480214298626
198789480096870402
198789480696659968
198789481451618304
198789481950752769
198789482986737665
198789483460694017
198789483238404097
198789483796242432
198789485738201089
198789486451232770
198789486845509632
198789487407529984
198789487944417280
198789489320144898
198789488430944256
198789489949278208
198789491354374144
198789492444889089
198789491362775040
198789492444893184
198789492822392832
198789497528397825
198789498333691905
198789499264839681
198789499864616961
198789500036591617
198789500300828676
198789500963524608
198789505153630208
198789505371746305
198789505258500097
198789507485679616
198789506890084352
198789509008195584
198789510958563328
198789513122820096
198789513726791681
198789513961672705
198789514372710401
198789514804736002
198789515551322112
198789515752640513
198789516549554177
198789516822200320
198789519011618816
198789519200354304
198789520655785984
198789522023120896
198789523168165889
198789523746988032
198789524493582336
198789519603011584
198789524736839681
198789524682326016
198789525508603904
198789525550542850
198789525860913153
198789526175481856
198789526594928640
198789526393597952
198789528075505665
198789528268451840
198789528184565760
198789528637542400
198789529090535424
198789530168471553
198789529728061440
198789530516598784
198789526859157506
198789530826964992
198789530097164289
198789531762294784
198789531384823810
198789534706708482
198789535012884481
198789535709134848
198789536740945920
198789538917785603
198789539345596416
198789540062830592
198789541023330305
198789541086248960
198789542638125059
198789541962858496
198789542306791426
198789543476985862
198789543552483330
198789544710115328
198789543560876033
198789544982757377
198789544219385857
198789544680763393
198789545171492864
198789546886971393
198789547797131264
198789547864240129
198789548443058176
198789546354294786
198789550263386112
198789551144181763
198789552100483072
198789552566054915
198789554147295232
198789554239569922
198789554260541443
198789555640467457
198789555262984193
198789555695009794
198789555766312960
198789555552395264
198789556693237760
198789556584185856
198789558249332737
198789557901213697
198789559440519168
198789559511818240
198789559935434752
198789560585551873
198789562141642752
198789565320921088
198789564771483649
198789565153161216
198789567036395521
198789567002853376
198789567602622465
198789567573274626
198789567795564545
198789569255178240
198789568944799745
198789570463141892
198789571176169472
198789571104882689
198789572447047680
198789574015721472
198789574082834432
198789575773143040
198789576452612098
198789577903833088
198789578142924800
198789578801418240
198789579975835648
198789580445581312
198789580479152128
198789582320443394
198789583461289987
198789584656662528
198789585864630272
198789586816733184
198789588943257602
198789589526249472
198789590524510208
198789590763569152
198789590721630210
198789591828930560
198789591300456449
198789592596484096
198789594421006337
198789594987237377
198789594957877250
198789595234701313
198789595884822529
198789595649941504
198789595574452224
198789598804062208
198789599265427456
198789599684853761
198789600037183488
198789600322387968
198789599064113152
198789601320632320
198789602046259200
198789602289524736
198789603237441536
198789606819364865
198789606450266112
198789606886481920
198789606701940736
198789604952911875
198789607993769986
198789606928429056
198789609176580096
198789610162225154
198789610971742208
198789611860930563
198789612620095488
198789612628488192
198789612892717057
198789613312163841
198789614092288000
198789614314586112
198789614440415233
198789614557859841
198789614364921856
198789614603997185
198789615572881408
198789616223006720
198789616642441219
198789617976225792
198789613681250304
198789620396331010
198789620819968000
198789620484415488
198789621004505088
198789622136967168
198789623919554560
198789624133455874
198789622459940866
198789625714720768
198789626289324033
198789626566148096
198789626549387266
198789626952028160
198789628579430400
198789628298399744
198789628977889281
198789629221158913
198789629703503872
198789630622056448
198789630873698304
198789631091810306
198789628688478208
198789632236855296
198789632190709760
198789633679687681
198789633163800576
198789634069774337
198789634220761089
198789634745057280
198789636460519424
198789636963844097
198789637290999809
198789638108876800
198789638142435329
198789638989680640
198789638830292992
198789639207796737
198789639446863872
198789639958568960
198789639971151874
198789641623711744
198789640638050304
198789641304948739
198789641929891840
198789641829224453
198789641791479810
198789642596777984
198789643389517824
198789644379369473
198789644056395778
198789644320653312
198789644710711296
198789645687996416
198789647168585728
198789647688671233
