198840482657341440
198840482732838912
198840482724450304
198840483265519616
198840483013857280
198840483819163648
198840483408130048
198840483924033536
198840483575902212
198840484582522880
198840484381196289
198840484666425344
198840484192460800
198840484972593152
198840484712562689
198840485182308352
198840485203292160
198840484955828224
198840485320720384
198840484880326656
198840485626908674
198840485857607680
198840485618524162
198840485614321664
198840485413007360
198840485039710208
198840486595805185
198840487250100224
198840486939725824
198840487048777728
198840487690502144
198840487526932481
198840489066233858
198840488378380288
198840487015227392
198840488902660096
198840489103986688
198840488470654976
198840488923635712
198840490328723456
198840490689429505
198840489145937920
198840491016589317
198840488760057857
198840490567794688
198840490307764225
198840489372418048
198840489401778177
198840491637354497
198840491155009536
198840490899156992
198840491679297536
198840491171778560
198840491998052352
198840492224552961
198840492547506176
198840492631408640
198840492899831808
198840492966948866
198840493461876736
198840493445087232
198840493331845120
198840493159878657
198840493419921409
198840494078435328
198840494334291969
198840494602715137
198840494564966400
198840493541556225
198840494141349888
198840494510440448
198840494774689792
198840495273803777
198840495118630912
198840495768748032
198840494795657216
198840495961686017
198840496603398144
198840495647109120
198840496888619008
198840496888614913
198840496905400320
198840496985088001
198840497178030080
198840497735860224
198840497815556097
198840498981576704
198840499484889088
198840499749138432
198840500000784386
198840500063703041
198840499614912513
198840500181139456
198840500395065346
198840499698798594
198840500260831233
198840501082914818
198840500923539456
198840500814487552
198840501061947392
198840500982267906
198840500822876160
198840501514944512
198840501305225217
198840502123110401
198840502194413569
198840502118924290
198840502689345537
198840503263965184
198840503310106625
198840503800836096
198840503440117760
198840498880905216
198840495244455936
198840504723582977
198840504857804801
198840504530632704
198840505415639040
198840501170999297
198840505595990016
198840505289801728
198840505176563713
198840505726017536
198840506292248580
198840505881214976
198840506053181441
198840506850099200
198840507089162243
198840507231776768
198840506548101121
198840506443247616
198840506942373889
198840507521183744
198840507479244801
198840508108378112
198840507928023040
198840508250980355
198840508968206338
198840508922073088
198840509089841152
198840509521870851
198840508712370176
198840509253435392
198840508943048705
198840508808835072
198840509513465856
198840509949677568
198840509593174018
198840509748355074
198840510541078529
198840511048585216
198840511065370625
198840510016794624
198840511174426624
198840511086338050
198840510603997185
198840511455432704
198840511946170368
198840512017469442
198840512642433024
198840512663396352
198840512776638465
198840512579506176
198840512936030210
198840512764063745
198840512856342529
198840513187680256
198840513330294784
198840514114633728
198840511505768448
198840514202710017
198840513846190080
198840514416615425
198840514831855616
198840514743762944
198840515263868928
198840514911551489
198840515335172097
198840516098523137
198840516182409216
198840516325031938
198840516308254720
198840516723486720
198840516731867136
198840516299866113
198840515939143680
198840517281316866
198840517499432960
198840517675593728
198840517356818432
198840517818204160
198840517952409600
198840517474267136
198840517914664961
198840517839171585
198840517784641537
198840518027911168
198840517902077952
198840518501859328
198840518036291584
198840517583306752
198840518644469760
198840518657052672
198840518279565312
198840518912917504
198840518988402689
198840518514442241
198840518447345665
198840519252639744
198840518858391552
198840519193919488
198840518879363073
198840519902756865
198840519860822017
198840519714021377
198840519927934976
198840520099893249
198840519848243203
198840520716455938
198840520737435648
198840521182035971
198840516945788929
198840521551118338
198840521391734784
198840521333026819
198840522356432897
198840522264154113
198840522322870272
198840522125750272
198840522608095232
198840522763272193
198840522247385090
198840522725523459
198840523191107584
198840523040096257
198840523497283584
198840523736358912
198840523698614272
198840523857997824
198840523983818752
198840523971231744
198840523748937729
198840523845410816
198840524432617472
198840523811852288
198840524403245058
198840524898172928
198840525065945088
198840525380530176
198840525409878016
198840525032398849
198840521899257856
198840525514739714
198840525867057152
198840523400810497
198840524239667201
198840525602828288
198840526366191617
198840525275660288
198840526160662528
198840525284048898
198840526374567937
198840526307459074
198840526785609730
198840526886285312
198840527330885632
198840527288938496
198840526835949568
198840527548977152
198840527599308801
198840527548985347
198840527695785984
198840527930671104
198840527905505281
198840527121154048
198840527997771776
198840528597557248
198840528375255040
198840528140369920
198840528136187906
198840528530452480
198840528895352835
198840529230901249
198840528593362944
198840529293811712
198840529331564546
198840529423843328
198840529813909505
198840529868423169
198840529797124096
198840530384338945
198840530422071296
198840527121162241
198840530115903490
198840530707296256
198840530749243393
198840530434666498
198840530392727553
198840530791182336
198840531135115264
198840529511915520
198840531219001347
198840531252543489
198840530086526977
198840530552107009
198840531655196672
198840531579699202
198840531755868160
198840532020105218
198840533173547008
198840533437788160
198840532888338432
198840533601353728
198840533739765760
198840534180184065
198840533756542976
198840534146621440
198840534234693632
198840534469582850
198840534964506624
198840534536687616
198840535144865793
198840534851264512
198840535543320576
198840535509766144
198840535925006336
198840534222127106
198840535912415232
198840536256356352
198840536445104128
198840536025673728
198840536981979137
198840537359466498
198840538068303873
198840538127024128
198840537841803267
198840538198315008
198840538022158337
198840537892139009
198840538743582720
198840538445791232
198840538865217536
198840539280445441
198840539473391618
198840538953293824
198840538978463744
198840540006068224
198840539058147328
198840540152868864
198840540547137537
198840540324835329
198840540362575872
198840539515330560
198840541092388865
198840541188853760
198840540874280960
198840541255970818
198840541545373697
198840541222408192
198840541625073664
198840541335654400
198840542300348417
198840542556192769
198840542761717760
198840541801230336
198840539628568578
198840542853992448
198840542979821568
198840542795276288
198840543332143105
198840543185342464
198840543025967104
198840542833029120
198840543621545984
198840543927742464
198840543856443392
198840540794601473
198840543210508288
198840541880918016
198840543629934594
198840543889981440
198840544233914369
198840544053571586
198840544057757698
198840544489779201
198840545223774208
198840545517379584
198840543592202240
198840545844539392
198840545534164993
198840546356244481
198840545454465024
198840546024898560
198840546234605569
198840547266412544
198840547312533505
198840547228647424
198840547354480641
198840547434184704
198840547031515136
198840547710992384
198840547169931264
198840547979444224
198840548080091138
198840548159787008
198840548205924353
198840547832631296
198840547971047424
198840547450953728
198840548365316096
198840548134621184
198840548566630400
198840549137059840
198840549338390529
198840549422268417
198840548977672192
198840550135316480
198840549195784192
198840550005280768
198840549841698816
198840551171293186
198840551024500737
198840550449889280
198840549321613312
198840551204855808
198840551280353280
198840552077279233
198840551804641281
198840551880142848
198840552551227392
198840552517664769
198840552744169474
198840552890970112
198840553604005890
198840553994072065
198840554170236929
198840554124083200
198840554354774016
198840554149253120
198840554128293888
198840553977290752
198840554564493312
198840556271583234
198840556430950400
198840556229627904
198840556225437697
198840555898281988
198840556368035840
198840556435144704
198840556598730753
198840556259000320
198840557676666880
198840557827657728
198840557940908032
198840558196760576
198840558679113729
198840558716862464
198840558549086208
198840558423248899
198840559073361921
198840558989479936
198840558368718848
198840558821720064
198840559761244160
198840559597649920
198840559295660035
198840559975137281
198840559987736578
198840559538929665
198840559698325504
198840559438278656
198840560381992961
198840560029663232
198840560616865793
198840560910479360
198840561661259777
198840561589960704
198840561724170240
198840561359273984
198840561279582209
198840561963245569
198840562047131648
198840562143604736
198840562223288320
198840562223296512
198840562869223424
198840563108282368
198840563183788032
198840563552886786
198840563334774784
198840563863269376
198840563850686464
198840563754217472
198840564232359937
198840564546936832
198840564232372224
198840564337229826
198840564546932736
198840564903456768
198840565192859649
198840565016707073
198840565503229952
198840565683585024
198840565540990976
198840565616484352
198840565469687809
198840566371459072
198840566652473344
198840567206133760
198840567046750209
198840567617159169
198840568095318018
198840567591997440
198840568095318017
198840568044990464
198840567982067712
198840568653152256
198840565469683712
198840568992894976
198840569143894017
198840569148080128
198840569508806656
198840569689157632
198840568988708864
198840567600381952
198840569903071232
198840570003730432
198840564207198208
198840570049863680
198840570301530112
198840570645454848
198840571522068480
198840571664674816
198840572121853953
198840571811475457
198840572167995392
198840572239290369
198840572226715648
198840570901307392
198840572612583425
198840572763578368
198840571241046016
198840571547222016
198840573384335360
198840573388529666
198840573275283458
198840573438861314
198840573845716993
198840574105751553
198840574135119872
198840573652779008
198840573610819585
198840574730702849
198840574885900288
198840575821217792
198840575854776321
198840575385026560
198840575615696897
198840575770902528
198840576496517120
198840577222127617
198840576412622849
198840577507344384
198840577616388096
198840577767383040
198840578040012802
198840578430087168
198840578237140992
198840578732072960
198840578799181824
198840578534948865
198840578853699586
198840578585272321
198840579315077120
198840579554148352
198840579516411904
198840579579330563
198840579298304001
198840579730325506
198840579549962240
198840579868721152
198840579910672384
198840580552404994
198840580502061058
198840579898081280
198840580795670528
198840581298978816
198840580724367360
198840581127020544
198840581580005376
198840581357707264
198840581923938304
198840582066544640
198840581856837633
198840580808249344
198840582288846848
198840582481780736
198840582712471553
198840582871855105
198840583215792129
198840583094157312
198840582796361728
198840583333220353
198840583219986433
198840583580692480
198840583295483907
198840583677161472
198840583802978304
198840584302100483
198840581512888323
198840584415358977
198840585040310273
198840585413591040
198840585564598274
198840585602347008
198840586189549568
198840585812066304
198840585853992960
198840585661071360
198840586655113216
198840586697064450
198840586877415424
198840586323771392
198840587527524352
198840588274106369
198840588374786048
198840588450283520
198840589062647808
198840589733732353
198840589914083330
198840590077657090
198840591218524160
198840591545667584
198840591176581121
198840591776362499
198840591784755201
198840592032206849
198840591998664704
198840592346775552
198840592241922048
198840592644579329
198840592145453056
198840593101754370
198840593273716737
198840592854290433
198840593642831873
198840593764458497
198840593911255041
198840594053861377
198840594209050624
198840594796261376
198840595630915584
198840595819675649
198840595618349056
198840594972426241
198840596016799744
198840596239106049
198840596264271872
198840595970662401
198840593319862272
198840595865800704
198840597199593473
198840597258309633
198840597803569155
198840598021668866
198840597530943488
198840598067818497
198840597782597632
198840597665169408
198840598214606848
198840598202028033
198840598101360640
198840598529183748
198840598537584640
198840598965403649
198840599154143232
198840598617268224
198840598856343552
198840599523237889
198840596020994048
198840600227880962
198840600617943040
198840600131416064
198840600601182209
198840600886382595
198840596226519040
198840600936718336
198840601179987968
198840600756371457
198840601293234176
198840601389703169
198840601565859840
198840601507139585
198840601762996224
198840601360334848
198840601486180352
198840598919258112
198840601939161090
198840602719301632
198840602731880448
198840602643800064
198840603918876672
198840603553959936
198840604401217536
198840604501880832
198840604552216576
198840604132773889
198840602488610816
198840604850003969
198840605131030528
198840605365903361
198840605927931904
198840606057967616
198840606255087616
198840605399465984
198840606909415425
198840607127519233
198840607114928128
198840607228174336
198840608100585472
198840608071237632
198840608163512320
198840607618252800
198840607861518338
198840608301924354
198840608939450368
198840608473882624
198840608570355712
198840609392443392
198840609086246912
198840609191100418
198840609262419969
198840605957292032
198840609438564352
198840609337901057
198840609262419968
198840610143219714
198840610461978624
198840610579415040
198840610919170051
198840610428436481
198840610386485249
198840610814300162
198840610868822017
198840608620683266
198840611145654272
198840611850297345
198840611607031808
198840612542361600
198840612647223296
198840609509867521
198840612533964800
198840612940824576
198840613137948673
198840612928233472
198840612684963840
198840613620293633
198840614308155392
198840613687402496
198840614433988608
198840614652100609
198840614937296896
198840614895362052
198840614865997825
198840615461584897
198840614886965248
198840614962479104
198840615956520960
198840616250130436
198840616363376641
198840616900247554
198840616761819136
198840617080594433
198840617181257728
198840617407758337
198840617781047296
198840617755877376
198840617802018816
198840618196271105
198840617776857089
198840618624106497
198840618804453377
198840618267578369
198840619379081217
198840619370684416
198840619727200258
198840619999838209
198840619555229696
198840620175982593
198840618368253952
198840620561862656
198840620775768064
198840620100485120
198840621224574976
198840621237141506
198840621774012416
198840620280840194
198840622340255744
198840621757247490
198840622243790848
198840622474469377
198840621258121216
198840622830977025
198840622977794048
198840623468527616
198840623627894785
198840623300747266
198840623980232705
198840624848453632
198840624756170752
198840624852639745
198840625989296128
198840626278699008
198840626408722432
198840626480025600
198840626513588225
198840626329026561
198840626178031616
198840627050463235
198840626723295233
198840627255971840
198840626874286080
198840627499241474
198840627117559808
198840627608301568
198840627658633216
198840627444711426
198840627952234497
198840627650248705
198840627822198784
198840628568793088
198840628568784898
198840628136775680
198840628384239616
198840628413595648
198840629277634561
198840629441208320
198840629206323200
198840629692870657
198840629156003843
198840629730607105
198840629265055745
198840629344735233
198840630259093506
198840629818703873
198840629650915328
198840629923553280
198840630015836161
198840631202811906
198840631173455874
198840631341228032
198840630678523905
198840631458664448
198840631974567936
198840631781625858
198840631999741952
198840632079425537
198840632058462208
198840632322686976
198840632389808128
198840632016515073
198840633157357568
198840632918278144
198840633727791105
198840633606160384
198840634012995586
198840633924919297
198840634403065856
198840634986074113
198840634054938624
198840634843480064
198840634608582658
198840634092699648
198840634465976321
198840634424033282
198840635069964288
198840635313225729
198840635766214657
198840635590053889
198840635900444674
198840636013682688
198840636366012416
198840635715891200
198840636818980866
198840636105957377
198840636596695040
198840637271965697
198840636726714370
198840636990951424
198840637594935299
198840637724954624
198840638790307841
198840638404435968
198840638786113536
198840637980807171
198840639826296832
198840640279281668
198840640312836096
198840640111517699
198840640480608256
198840640392544257
198840640392531969
198840640363171840
198840641072017408
198840640782614529
198840641583722497
198840641646637056
198840641701163008
198840641768263680
198840641550163969
198840642070261760
198840641650827264
198840641512411136
198840642015723520
198840642628108288
198840642535833600
198840642481303552
198840643978670080
198840644083527680
198840645010460672
198840642552606721
198840645257928704
198840645505392640
198840641713745920
198840645392138241
198840645975162880
198840646860148736
198840646885314560
198840646897897473
198840647157944320
198840647388635137
198840642850406400
198840647938093057
198840648101658624
198840648072310785
198840644658135040
198840648202338304
198840648563032066
198840648407855104
198840648999256064
198840649473204225
198840649229942785
198840649582247936
198840649934569473
198840649473212417
198840649812951040
198840650131718145
198840648038744066
198840649477390336
198840650505011200
198840650475646976
198840650534367232
198840651016708096
198840651159318528
198840650559520769
198840651687800832
198840652337917952
198840652388249600
198840652535042048
198840652543430657
198840652539232257
198840653315190784
198840653520699395
198840653071925250
198840653998850048
198840654376341506
198840654082736128
198840654229536768
198840654544125953
198840654892249088
198840655051624448
198840655177457665
198840654829326336
198840655940820992
198840656913907713
198840657031331840
198840654808354816
198840657429794816
198840657614348289
198840658092494848
198840658402881536
198840658318995457
198840658251886592
198840658172198912
198840658436427777
198840659531149313
198840659216572416
198840659719888896
198840659807973376
198840660428722176
198840660764278784
198840660663599104
198840660843954177
198840660227403776
198840661246611456
198840661296955392
198840661498273792
198840661359857664
198840662261645312
198840662731395072
198840662563622913
198840662618161152
198840662437793792
198840662668480512
198840661984817152
198840662366502914
198840662962085889
198840655471050754
198840662509101056
198840663029194752
198840663066951681
198840663771594752
198840663746416640
198840664010665985
198840663675117569
198840663893221378
198840663704481792
198840664358797313
198840664446873601
198840664228769792
198840664937594880
198840665260556288
198840665411563520
198840665797439489
198840665797439488
198840665822601217
198840666409811970
198840666195890179
198840665554169857
198840666753744897
198840667030568960
198840666443350018
198840667462582272
198840668007829506
198840668129476608
198840667823292416
198840668397907968
198840668494364672
198840668406284288
198840669786226690
198840668930584577
198840670218227713
198840669920444416
198840670172094465
198840670138548224
198840669693947906
198840670679609344
198840670016909312
198840670797037568
198840670826409987
198840671166144512
198840671208091648
198840671463948288
198840671640109057
198840670893510656
198840670562164736
198840671816261632
198840671140970497
198840671820464129
198840671916933120
198840671753338881
198840672608976897
198840672181166080
198840672713846786
198840672290217986
198840672621563908
198840673477210112
198840673452032001
198840673842118657
198840673972133889
198840673636589569
198840673502375938
198840674253144064
198840674697752577
198840675146534913
198840674748071936
198840674337038336
198840675310120960
198840675167514625
198840675582742528
198840675930865666
198840675624681472
198840675716956160
198840676169957376
198840676249640960
198840676178341888
198840676782313472
198840676434182145
198840677445025793
198840677541478401
198840677927366659
198840678036406272
198840677843484674
198840678011248640
198840678200000513
198840677877035010
198840678267097090
198840678422286338
198840678216773634
198840678510374912
198840678606839809
198840678808174595
198840678757834753
198840678640394241
198840679475064835
198840679542169600
198840679630245888
198840679516999681
198840679210823682
198840679466676224
198840679709945856
198840679902875649
198840680041299968
198840680737542145
198840681274413056
198840680506851329
198840681576411136
198840681446375424
198840681379274754
198840682029383680
198840682343960576
198840681949696000
198840682801152003
198840682910191616
198840682830499840
198840682113282049
198840682952142848
198840682570457089
198840684042657793
198840680737550336
198840684172689409
198840684181078016
198840683119910915
198840680385216512
198840684801830912
198840684755697665
198840685363867648
198840684923465729
198840685430980609
198840685653274624
198840685414199297
198840685422575616
198840685707788291
198840685489688576
198840686139817984
198840686248869889
198840686345322497
198840686651506688
198840686492123136
198840686362112000
198840686945120256
198840687347777536
198840687389720576
198840687133851651
198840686613770241
198840688446685184
198840688199204864
198840688564125697
198840688534757376
198840688601858049
198840688153075713
198840688111124480
198840689012916224
198840688840941569
198840689428135936
198840689075814400
198840689520414721
198840689293930496
198840690417991680
198840689793048577
198840690631917568
198840690157944832
198840690451546112
198840690912931842
198840690866798592
198840690812268544
198840690581585920
198840690585772033
198840691005210624
198840690875179011
198840690837422080
198840691512705028
198840691118448641
198840691470766080
198840691751780352
198840691722428416
198840691785342976
198840692326404098
198840691881811968
198840692607430657
198840693001691136
198840693190443008
198840692624207872
198840693228183552
198840693232377857
198840692934574080
198840692972326913
198840693760860160
198840693349810176
198840693773443072
198840694360641536
198840694943645697
198840694088011776
198840691848253441
198840695484710914
198840695547629568
198840694717169665
198840695677652992
198840695765737473
198840695627325443
198840694935273472
198840695472132098
198840696436817920
198840695757344768
198840695916736512
198840696285831169
198840697065967617
198840696550072320
198840697531539459
198840696592011265
198840696210337792
198840697116307456
198840697212764160
198840698018078722
198840697841922048
198840698081001472
198840697841909760
198840698559139840
198840698710134785
198840698672381953
198840698848559106
198840698227802112
198840698953416704
198840699142160385
198840699263795200
198840698970189824
198840699507052545
198840698756276224
198840699167322113
198840699196678144
198840700031348737
198840699993595904
198840700517892098
198840700488515584
198840701184770049
198840701243494401
198840701402886144
198840701511942144
198840701314797569
198840701159604224
198840700920541184
198840701973315584
198840701847470080
198840701943943169
198840702354984960
198840701876838401
198840702606651393
198840702573088768
198840702803771393
198840699909705728
198840702468235264
198840703567142913
198840702241738754
198840703642636288
198840703248367616
198840703718141953
198840703793627136
198840703919456257
198840704011735040
198840704112410624
198840704087232512
198840704565395456
198840704179515393
198840703885905922
198840704515051520
198840705521688578
198840705291001856
198840705542656001
198840705341333506
198840705723006976
198840705672687616
198840705794326528
198840705685270528
198840706524131329
198840706469597186
198840706880634880
198840706666729472
198840707069386755
198840707027447808
198840706817736707
198840706960338944
198840707518169089
198840707056799744
198840707769835520
198840707748872193
198840707434291201
198840707228774400
198840707522363393
198840707623026688
198840708512219137
198840708608688129
198840708772282369
198840708537384962
198840708864548864
198840707664977920
198840708797448192
198840709153951744
198840708793245697
198840709271392256
198840709422387200
198840708692574208
198840709204279296
198840709300756481
198840709300748291
198840709653082112
198840709409804288
198840709372067840
198840709921517568
198840709896351744
198840710257065984
198840709938282496
198840710550667266
198840710227693568
198840710844260352
198840710793924608
198840710521298945
198840710999457792
198840710366105602
198840711263694849
198840711322419202
198840711720878080
198840712102547456
198840709850218496
198840712178049025
198840712597479424
198840712664596480
198840712647815169
198840711980916737
198840712769454080
198840713134358528
198840713029488640
198840713193066498
198840713272758273
198840713910296576
198840713331482624
198840714271010817
198840714350702592
198840714421993472
198840714203889664
198840714707214336
198840714849824768
198840714220683264
198840714300362753
198840714082254848
198840714820464640
198840715227299840
198840714614943744
198840715227312130
198840715466383360
198840715474767872
198840715663511554
198840715344748544
198840716217159681
198840716070367234
198840716259106816
198840715961311232
198840716108115969
198840716758233088
198840716762427393
198840717202833410
198840716267491328
198840717286703105
198840717114736642
198840717630644224
198840717605470208
198840718041677824
198840718100406274
198840718171713536
198840718570160129
198840718977024000
198840718649860097
198840719056699392
198840718641467394
198840719094448128
198840718926675968
198840719400640512
198840718993797120
198840719761354752
198840720038178817
198840717194436608
198840719698440193
198840720298213376
198840721065775104
198840721246126080
198840721359376384
198840721615233024
198840721766227971
198840721384546304
198840721250320387
198840721489408000
198840722521194498
198840722617667585
198840722135334913
198840723045498880
198840723108397056
198840722957402112
198840723066466304
198840723213271041
198840723511062528
198840720709255170
198840723745935360
198840723750141954
198840724303781888
198840724182142977
198840724727410688
198840725272666112
198840723116789760
198840725184585728
198840725574656000
198840726023454720
198840725658542081
198840726837137410
198840726501605376
198840726518370304
198840727004905473
198840726338011137
198840726728081408
198840727273353216
198840727231414272
198840724794507264
198840727214632961
198840727571152896
198840727973793792
198840727940243456
198840728108023808
198840727525003265
198840728238034945
198840728615518208
198840729202737153
198840728980426752
198840729248870401
198840729756377089
198840729957707776
198840729970286593
198840730314215424
198840730649759744
198840730301628416
198840730381320193
198840730536513536
198840730347782144
198840731635433472
198840732348461056
198840731014664194
198840731945799680
198840733208293376
198840733183119360
198840733652877312
198840733535449088
198840733996826624
198840733812273154
198840734126850048
198840734210719745
