198854577792094208
198854580048633856
198854582548434945
198854580476448768
198854582791700482
198854584452648961
198854584075157504
198854582271606784
198854585115357184
198854585400565760
198854586050678785
198854585803210752
198854587250257920
198854587841658880
198854591817846787
198854591952060417
198854595206848512
198854595504640000
198854596519657472
198854596901343232
198854600365842432
198854601884172289
198854603666763776
198854603918413824
198854603662569472
198854604576931840
198854606275608576
198854606967685120
198854607898816512
198854608532148224
198854609123545088
198854609144524801
198854611271036929
198854611782746114
198854611661094913
198854611354927104
198854612395114496
198854613993144320
198854614211244032
198854614693580801
198854617315020800
198854617134665729
198854617839304705
198854618275520513
198854619001143297
198854618636230656
198854619223437312
198854622927007744
198854623812001792
198854624868962304
198854626483765248
198854626680905728
198854628555751425
198854629059080192
198854629323313153
198854630610964480
198854628371210240
198854631739228160
198854632905244673
198854633651843072
198854634482302977
198854635287613440
198854635354722304
198854637066002432
198854637082771456
198854638118764544
198854639121203200
198854639645495297
198854639620337664
198854641969143808
198854643378438145
198854645165203456
198854646142472192
198854648285769728
198854648155746304
198854649023967232
198854647228801025
198854649384669185
198854649317568512
198854650638774272
198854652668805120
198854652526202880
198854653209882626
198854653688037376
198854660545712128
198854662319910912
198854664077316096
198854665276887040
198854666950410240
198854668556832768
198854669076926465
198854669861257216
198854668242259968
198854671035666433
198854671497048065
198854672025534464
198854672172335104
198854671828398080
198854673451585536
198854673770348545
198854674743431169
198854677792698368
198854677826240512
198854678350544896
198854678115655680
198854678845468672
198854679042605057
198854681429159938
198854683941548032
198854685317271555
198854685338243072
198854686651072512
198854687678664704
198854694607650816
198854696046309377
198854696352493569
198854697443004416
198854697451401216
198854697820495872
198854700299329536
198854702014791680
198854702262267904
198854701993836545
198854703646384128
198854704611074048
198854706427203584
198854707060551680
198854707295424512
198854709300310016
198854710998999040
198854712127275008
198854712047579136
198854711133208576
198854715574984704
198854716250267649
198854717831520256
198854718745878528
198854719744126977
198854720088055808
198854722290057216
198854725058306049
198854719471497216
198854726345953281
198854727130296320
198854728761884672
198854729000955904
198854733098795008
198854735648927744
198854743840403457
198854745602002945
198854745362931712
198854746755444737
198854747313287168
198854747548160002
198854747845955585
198854748173123584
198854751344017410
198854754506510336
198854755014033408
198854755685109762
198854756133904385
198854757593530368
198854758071668737
198854758411411456
198854758382047232
198854759728418816
198854760747638785
198854762656055296
198854763922718720
198854763771727872
198854765524959233
198854766326071296
198854767064260608
198854769568268288
198854769748611072
198854770520363008
198854771900301312
198854772818845696
198854770629423104
198854774156836864
198854774500753409
198854775910039552
198854776501440512
198854777101238273
198854777717800960
198854781421359104
198854781513629697
198854783505924096
198854786349670401
198854787238871040
198854787649900544
198854788820115456
198854789507973120
198854789629612032
198854791856791552
198854792292990977
198854793211543554
198854794092363776
198854797074501632
198854799565914112
198854799742078977
198854800077619200
198854799465254912
198854800824205312
198854800731930624
198854801537245184
198854801008771072
198854801600151553
198854801151373312
198854801923112961
198854803831525376
198854803454050304
198854808445259777
198854808969543682
198854809879711744
198854811003781121
198854811221893121
198854811419017218
198854811351916546
198854811578408960
198854812035584001
198854813008670720
198854813688152064
198854814967406593
198854814963220480
198854815563005953
198854817140056064
198854817869869057
198854819371421696
198854819694379008
198854819824414720
198854825201516545
198854826577235969
198854826472382465
