198851807533993984
198851808448356352
198851808154763264
198851808108613632
198851808226062337
198851808645496832
198851808804876289
198851809094270976
198851809480163329
198851809345933312
198851809664700416
198851809580826624
198851809635344385
198851810054766592
198851810373550080
198851811552137216
198851812500049921
198851814299402240
198851815524139008
198851815733866496
198851818997026817
198851819168993280
198851820213379072
198851820465033216
198851822436360193
198851820477616129
198851822578966529
198851827914117120
198851827947683840
198851828400660480
198851833094094849
198851833425436673
198851834868277249
198851835375779840
198851835681980416
198851838756401152
198851841734344704
198851842992640001
198851844162846721
198851844292886529
198851844263514112
198851845123346432
198851845337264128
198851843135250433
198851846767513600
198851847992250368
198851849422512128
198851851226066945
198851852694065152
198851853486788608
198851854254354433
198851856695427072
198851856489906176
198851856909336576
198851856947097601
198851857043554304
198851856603168769
198851857936953345
198851858717089792
198851859715342336
198851860705185792
198851861355298816
198851861460168707
198851862554877952
198851861686652928
198851863624417281
198851863066591233
198851862433247232
198851865037905921
198851865247625218
198851866375884800
198851866296197120
198851867789365248
198851867776794625
198851867499966465
198851867885846528
198851868594675712
198851869190275072
198851869244784640
198851869353840640
198851869559361536
198851869890719747
198851870750547968
198851870310150145
198851870775705600
198851871048351745
198851871409053696
198851871560052736
198851872264683520
198851872390512641
198851872675737600
198851872453443584
198851872545714176
198851872143065088
198851872667344897
198851872919007232
198851873783033856
198851871039950850
198851873720123392
198851873992744962
198851873992744960
198851874047279104
198851874391212032
198851875364274176
198851875544645633
198851875821461504
198851875452362753
198851875896950784
198851876572250113
198851876853260288
198851876861644800
198851876983279617
198851877264293888
198851877436272640
198851877369151489
198851877440466944
198851877616619520
198851878413533186
198851878237372419
198851878694563840
198851878493229058
198851881576042496
198851882112925696
198851883408957440
198851884608524288
198851885212516353
198851885489336320
198851886558883840
198851886651162624
198851888249188352
198851888660221953
198851889297764352
198851890769956864
198851891143262209
198851894083452929
198851894754545664
198851895270440960
198851895643734017
198851897686360064
198851897837371394
198851898596528128
198851899414425600
198851900014211072
198851899322138625
198851899548635137
198851899288592384
198851903621312512
198851905244512256
198851905009631232
198851907568156672
198851910277664768
198851910785187840
198851911502401539
198851912085417985
198851913171738624
198851913758945280
198851914581024769
198851914841071617
198851915260510208
198851917022117889
198851916497825792
198851916619452416
198851917437353984
198851919115071488
198851919492562945
198851920146862081
198851920478220288
198851921837170688
198851921874923520
198851922600534018
198851922889945088
198851921036050432
198851925184225280
198851925809180672
198851926799028225
198851928078286850
198851928246075393
198851928585805824
198851929147834369
198851929315622913
198851929357549568
198851933203730433
198851933069520896
198851934009049088
198851934801768448
198851935032451073
198851937737785345
198851938387902465
198851939071574018
198851939180621825
198851939218366464
198851940132724736
198851942326337536
198851942817083392
198851942783533056
198851943106482178
198851943865651200
198851944352202752
198851944679354369
198851947460169728
198851947938328576
198851948437450753
198851948982710272
198851951851618304
198851951956475904
198851952656912384
198851953936171008
198851958361161728
198851959673987072
198851959632039938
198851962874232832
198851964153499648
198851963541139457
198851966053515264
198851967244697601
198851967693492225
198851968490409985
198851969157304320
198851968641417216
198851968674971648
198851969316696064
198851970386239488
198851970428182529
198851971984261120
198851973016064001
198851973196423169
198851974626684928
198851976153403393
198851977751437312
198851977759817728
198851982075764736
198851978976174080
198851982700716032
198851982805581824
198851983044657152
198851983975792640
198851984286162945
198851984416182272
198851985385074689
198851988790841344
198851989822652416
198851991156436993
198851991378735105
198851991747833857
198851992121126913
198851992611860480
198851993660436480
198851994847424512
198851994784514048
198851996533534720
198851998651650048
198851998303518721
198851999863808000
198852001453441024
198852002397171712
198852002837561344
198852003034697728
198852003357667328
198852005500952576
198852005010223104
198852006281084929
198852007283535872
198852007375814656
198852008743153664
198852010076946432
198852011557523456
198852010991288320
198852010894835712
198852011599478784
198852011578503168
198852014371913729
198852014640332800
198852014548070400
198852016724901888
198852019535097856
198852019581222912
198852019874836480
198852021825179648
198852021820989441
198852023377084417
198852024157216769
198852024421462016
198852024748613632
198852026367623168
198852026510225410
198852028708028416
198852028863217664
198852030402543616
198852030926827520
198852031031681024
198852031543386112
198852032248037376
198852033594396672
198852032269008896
198852034726871040
198852036811436032
198852037138595841
198852037843230720
198852038552072192
198852039499984897
198852039449649152
198852039692910592
198852041181900800
198852041920086018
198852043648151553
198852044126306304
198852045413945344
198852045183262720
198852045770461184
198852045791428608
198852046382825472
198852047192330241
198852048333193216
198852048551297024
198852049251745792
198852051403423745
198852053831913472
198852056260423680
198852056986034177
198852058202374144
198852058214957056
