198854325840265216
198854326632988672
198854328222625793
198854328293916673
198854333511643136
198854333910093824
198854334153367552
198854337777254400
198854339685650432
198854339975053312
198854341749252096
198854345289244672
198854345838702593
198854349412241408
198854351895281664
198854353950482432
198854354676105216
198854356332851202
198854356773253120
198854356697751554
198854358463549440
198854360007057408
198854364000043008
198854365426106368
198854365778415616
198854368852848642
198854371654631424
198854372615143424
198854373265248258
198854375534370816
198854375207211008
198854375953805312
198854376222240768
198854376520032258
198854376641675264
198854378210340864
198854379128885248
198854381267992576
198854384464048128
198854385873321984
198854385785257985
198854386762530817
198854388796764161
198854390763892737
198854390973607936
198854393066565632
198854393880260608
198854397147627520
198854399165071361
198854400121389056
198854403359383552
198854403627810816
198854405548814336
198854405490085888
198854403460055040
198854407545307136
198854411202723841
198854412029005824
198854410149953538
198854412960137216
198854413501210624
198854412444237825
198854415195705345
198854415283789824
198854416584028160
198854417615814656
198854417368354816
198854419142553600
198854421969502208
198854421407477760
198854423143911425
198854423949230080
198854424255414272
198854425463361540
198854425798901761
198854429154349056
198854429422796800
198854432073584641
198854433549987841
198854434078474240
198854435059933184
198854434539843584
198854437261946880
198854437777838081
198854439522672640
198854439950487552
198854440919375872
198854440919379968
198854445763792896
198854445205962752
198854445856075776
198854446237753345
198854446569095169
198854450507563008
198854451048615937
198854450968932354
198854451249942528
198854451937804293
198854452256583680
198854452453703680
198854452927672320
198854453691031553
198854457742721024
198854458812276737
198854458338324481
198854459202347008
198854457583341569
198854460871675905
198854460670361600
198854463279206400
198854463866408960
198854465787412480
198854466550763520
198854467750330369
198854472577974272
198854472859000832
198854473366515712
198854474767409153
198854474658353153
198854475664998400
198854473630744576
198854476772282368
198854478181576704
198854476474486784
198854481239228416
198854484024246272
198854485563551746
198854485324472320
198854486133968897
198854486222057473
198854486129770496
198854488843497472
198854489258721280
198854489426497537
198854490617675776
198854493033607168
198854496401637376
198854497571848192
198854497328578560
198854499161485312
198854498750443521
198854499333447681
198854499278929920
198854499262144513
198854502298820608
198854501917134848
198854502131056641
198854503590662144
198854504647630848
198854505054474241
198854505847197696
198854506459570176
198854507596226560
198854507935956992
198854509294911488
198854510381236224
198854511522086913
198854511471755266
198854512163827712
198854512717463552
198854514219032577
198854524444741633
198854526227320832
198854526780981248
198854527087157248
198854528555171840
198854529586970625
198854532799803393
198854540005605376
198854541058375680
198854541674942464
198854542371205121
198854543201665027
198854543470100481
198854543671435264
198854544015372288
198854546771030016
198854546682949632
198854547467288576
198854549350514688
198854550151643136
198854550176804864
198854552731131905
198854553267998722
198854553574187010
198854553196691458
198854555012825088
198854556577308672
198854556665384960
198854559706259457
198854564433248256
198854564693278722
198854565058191360
198854564873646080
198854565582487552
198854565364379650
198854564030595072
198854567033704448
198854567813840896
198854569361547264
198854569445433345
198854569910992896
198854568925335553
198854571030876160
198854572398215169
198854575346823168
