198792161150500864
198792164539514880
198792165567115266
198792166313705472
198792167068676096
198792167051894784
198792167240630272
198792167148367872
198792167882366976
198792168050147329
198792168536670209
198792167999811584
198792168930947073
198792168872222720
198792169098719232
198792171107786753
198792170495418369
198792170864525313
198792171321688065
198792172517076992
198792172995215362
198792173402071040
198792173687275520
198792173322379264
198792174110908416
198792174316425222
198792173804728320
198792174370959360
198792172374466560
198792174698106880
198792174110904320
198792173234290688
198792174823931904
198792175675392000
198792175344025600
198792175973183490
198792177197916160
198792176870756352
198792176669437952
198792178837893120
198792179177623552
198792179219562496
198792180314275841
198792180251369472
198792180171685889
198792180276535298
198792180800831489
198792180234588160
198792180599504896
198792180813410305
198792181048295425
198792181274779648
198792181849391105
198792181744545793
198792181820035072
198792182495322113
198792182273032192
198792182449188865
198792182826663936
198792182163972097
198792182608576512
198792183011213313
198792182902169600
198792183258681344
198792184017862657
198792184173043712
198792183703281666
198792184386953216
198792185410359298
198792185762676737
198792185850773505
198792185733328900
198792186375049219
198792185938845696
198792186261811200
198792186811269120
198792186542821378
198792187088093184
198792187289407489
198792187746598913
198792187071303681
198792187570429952
198792187939524608
198792187792732162
198792188442853377
198792189080371202
198792189239771137
198792189206212608
198792189835345921
198792189566910465
198792189260734465
198792190607106049
198792190800039937
198792190762299392
198792190774870017
198792191181717505
198792191458541568
198792191865405443
198792191668256768
198792191433388033
198792191852818435
198792192398065664
198792191722799107
198792193287266304
198792193517953024
198792191093649408
198792193056587776
198792193555701761
198792194121936896
198792190175092736
198792193740251136
198792194373586944
198792195111792640
198792195543793664
198792195430551552
198792196063891456
198792196558827520
198792196999229440
198792196986646530
198792196751757313
198792197628362757
198792198202990592
198792198974750720
198792199914270720
198792199264153600
198792199402553345
198792199666802688
198792199121551361
198792200384032769
198792201197719554
198792201302585345
198792201206120448
198792201562619905
198792202581839874
198792203185815552
198792202594426880
198792203361988609
198792203311661058
198792203882082304
198792204116951040
198792202938368000
198792204548968448
198792204548980736
198792205249413120
198792205673054210
198792204985184257
198792205291372546
198792206981677057
198792206876811264
198792207317221376
198792207392710656
198792207233327109
198792208793616384
198792208680353792
198792209921880068
198792208906846208
198792209875746817
198792210479722496
198792211108859904
198792211113054209
198792211343749120
198792211637350401
198792213419929600
198792213797404673
198792213730312197
198792213377974273
198792213809987584
198792212623015936
198792214581751810
198792214703374336
198792215420600320
198792215953281024
198792216586625024
198792213063413760
198792217547128833
198792217421299712
198792217601654785
198792218272739332
198792218436321280
198792219086426113
198792219237421056
198792219195478016
198792219073851394
198792218738302976
198792220327944193
198792220462161921
198792220416020480
198792220701241344
198792220663492608
198792220449574912
198792220248256512
198792220789321730
198792220915142656
198792221225533443
198792221716250626
198792222123106304
198792221737222146
198792221963730945
198792221888225280
198792223117164545
198792222970351616
198792222496407553
198792222982934528
198792222831935489
198792222362181632
198792223825997825
198792224115404800
198792224065077248
198792223066816513
198792225063305217
198792225583415296
198792225646321666
198792225788932096
198792226250301440
198792226350972928
198792226598436864
198792225168175105
198792227135295490
198792227521171457
198792227265327104
198792228217438209
198792229266006017
198792229115015169
198792229358284801
198792230012596225
198792230528495616
198792230247469057
198792229920325632
198792231254110208
198792231761608704
198792231698698241
198792232252342273
198792232571117568
198792232453668864
198792233447735296
198792233875537921
198792233200263168
198792234462756865
198792234643103744
198792235158999040
198792235041566721
198792234143973376
198792235330977793
198792234861207552
198792235712647168
198792235339362304
198792235611983872
198792235452612608
198792236689924097
198792237419732992
198792239013568512
198792238115991552
198792238598336513
198792238900314112
198792240800346112
198792242218024960
198792241811173376
198792242285117440
198792242431926272
198792242423545857
198792243161739267
198792243467923456
198792243031719936
198792243849601026
198792243220455425
198792244428410881
198792244948512768
198792245065957376
198792244650721281
198792245850275843
198792245707677696
198792246018064384
198792245598617601
198792246890479617
198792247024697344
198792247515430914
198792241756647425
198792248496885763
198792248639488000
198792249126039552
198792249579016192
198792248488497153
198792248060678144
198792252112388100
198792252338880515
198792252745719808
198792252858970112
198792253039321090
198792253068677122
198792253119016960
198792253148372992
198792252942856192
198792253295169537
198792254222118912
198792254188568576
198792253785903104
198792255220350976
198792255484596226
198792255614631938
198792255975337986
198792256151490561
198792257447538688
198792258244448257
198792258504495105
198792260303863810
198792260660379650
198792260903641091
198792260366778368
198792261255962625
198792262107414528
198792261868339202
198792263281807361
198792262652657664
198792263441190913
198792263869005824
198792264867254272
198792265093742593
198792264565264384
198792265232154626
198792264250699776
198792264917581826
198792265114726400
198792265634807810
198792265790009346
198792266079404032
198792266666614784
198792267606130689
198792268759568384
198792269267075073
198792268935737344
198792269665533952
198792270768640000
198792270210797568
198792270617645057
198792271292923904
198792270064009217
198792270185635841
198792271204855808
198792271859159042
198792272979038209
198792272903540736
198792274023415808
198792274317025280
198792274409299968
198792275193638913
198792275457867776
198792275747282946
198792275302678530
198792274858086400
198792273750794242
198792276254797827
198792275990556673
198792276703584256
198792277097852929
198792277492121601
198792277949292545
198792278016401410
198792278700081152
198792279157252096
198792279337615360
198792279614439424
198792281443151874
198792282256846851
198792282416226305
198792281992593409
198792282894381057
198792282646913025
198792283368325120
198792283410272256
198792284089757696
198792284144283649
198792285171875840
198792285373206528
198792286002364416
198792286463721472
198792286845403136
198792286816051200
198792287092883456
198792285884923904
198792287772348416
198792288032399360
198792288758022144
198792288917401603
198792288590245888
198792288535711745
198792288577662976
198792289135501312
198792289362001921
198792288929988608
198792289781428224
198792289995325440
198792290389594113
198792290460893184
198792292348338177
198792292230897664
198792291954065408
198792292478353408
198792292952322048
198792292566446083
198792293203976194
198792293136871424
198792292964909056
198792293535322113
198792293698904064
198792293120090112
198792293820542976
198792294357409793
198792294932021248
198792294374178816
198792294701350912
198792296198717440
198792296559411200
198792297041768448
198792297121456128
198792297318588416
198792298174230528
198792298203586560
198792298174226432
198792299306688512
198792298950180864
198792299491246080
198792299759665153
198792300393009152
198792298937585664
198792300296536065
198792301227687936
198792301399650305
198792301579993088
198792301718405121
198792302309814272
198792302456606720
198792303266103296
198792303509385216
198792303782014976
198792303656181761
198792304239190016
198792304163692544
198792304692170753
198792301076692993
198792303920427009
198792304457285632
198792305216471041
198792304482459648
198792304847360002
198792305489088512
198792306151784449
198792302259470337
198792306617364480
198792308118929408
198792308399931392
198792309263970304
198792309289127936
198792308739670016
198792309490462720
198792309758885889
198792309737922560
198792310320934912
198792307250708480
198792310107025410
198792310824239105
198792310446768128
198792311130435584
198792310555803648
198792310882959360
198792311163985921
198792311159787521
198792312028012544
198792310308356096
198792311793123328
198792312283856896
198792312619413504
198792312392925185
198792314079035392
198792314758504449
198792314913697794
198792315333115905
198792315211493376
198792315844837376
198792315903553537
198792316113260545
198792316432031744
198792316981481473
198792317468033024
198792318176866304
198792318311079937
198792319149932545
198792319409983490
198792320282411008
198792321079320576
198792321632968706
198792322719293440
198792323184852993
198792323725922304
198792323583315970
198792323356831747
198792323436515329
198792324539629568
198792324380233729
198792324367663104
198792324992606208
198792325747589120
198792326351560705
198792325684670466
198792326502551553
198792326645170176
198792326334775297
198792327337213953
198792327249133570
198792327358193665
198792328473870337
198792328431931395
198792327047811073
198792327999913986
198792327978946562
198792328486469633
198792328213831680
198792327198818304
198792329052684289
198792329195302912
198792329237245953
198792328826204164
198792329576976384
198792329858007040
198792330105462786
198792330520698881
198792330239684608
198792331497963520
198792331124674562
198792331745427459
198792331456024577
198792332135510017
198792332697542656
198792332663984129
198792333372829697
198792334232649728
198792334387855360
198792334765342720
198792334786314242
198792334949892097
198792335121858560
198792335587426308
198792337298698242
198792336791183360
198792336908627968
198792338280161280
198792338208849923
198792339358105600
198792339177734145
198792338380820480
198792340188569600
198792340742213634
198792340201156608
198792340985491456
198792340754796544
198792340930957315
198792341551726592
198792340914180097
198792341975343105
198792342491242497
198792343292354560
198792342805819392
198792343988617217
198792344676483074
198792344437403648
198792344772947969
198792345980895233
198792345028796416
198792346249330688
198792346031243264
198792346333229057
198792346970759168
198792346987540480
198792347457290240
198792347130134528
198792347344056321
198792348841426944
198792349055324160
198792350292656128
198792350481391616
198792351127314432
198792351924240384
198792351685160960
198792351781625859
198792352641466369
198792352842776576
198792353073463296
198792352897306624
198792353216077824
198792352402391041
198792354344345600
198792355002847232
198792355132878848
198792356953210880
198792357561376769
198792358261829632
198792359167803392
198792359754993664
198792359230709760
198792360312844288
198792361277534208
198792361059422208
198792360967155712
198792361797632002
198792361806016512
198792362003152896
198792362531627009
198792363596972032
198792363521482753
198792364008030209
198792364150636545
198792364310020097
198792364213551104
198792365211783168
198792365392142336
198792365320835073
198792365081772034
198792365677363201
198792366851756032
198792365719289859
198792367048888320
198792367233441793
198792367371853824
198792368139415552
198792367938076673
198792365958377472
198792368646914048
198792369448030208
198792370010079232
198792370496610304
198792370416922625
198792369745821697
198792370819575809
198792371574538241
198792371331276802
198792371931062272
198792372203696128
198792372199505921
198792371662635008
198792373885599744
198792374497984514
198792374535720962
198792374690922497
198792373164187649
198792374506360833
198792375064211457
198792375978561536
198792376813236224
198792375194230785
198792376515440641
198792377366872065
198792377626918913
198792375831756800
198792377350098947
198792378159611904
198792378671308802
198792378075709440
198792378784563200
198792378574839808
198792379610832896
198792379174629378
198792379136884736
198792380093181955
198792380181250048
198792380441313281
198792380416131072
198792381137555456
198792381271777280
198792381548605440
198792380973981696
198792381426962432
198792382395858945
198792383473782784
198792383326994433
198792384639811585
198792384606244866
198792384409116672
198792385235402753
198792385273147392
198792385256357888
198792385629650944
198792387437395968
198792388028801025
198792388095901696
198792388301426689
198792388389511168
198792388485980162
198792388582457344
198792388725051393
198792389962375170
198792388783767552
198792389580701696
198792390419558400
198792390654427136
198792391375859714
198792392441208833
198792392906772480
198792392357330944
198792393737244672
198792393976328192
198792394819387392
198792394538352641
198792394194432002
198792394374787073
198792394827767808
198792394513203200
198792395721158657
198792395532410880
198792395851182081
198792396287393792
198792396585189376
198792391900143618
198792395997982720
198792397180772352
198792397461798912
198792398296465408
198792398485209088
198792398619426817
198792399617654785
198792399990947840
198792400431357953
198792401492516866
198792402583027712
198792402717249538
198792402805325825
198792403019243521
198792403514171392
198792403648389120
198792404168482816
198792403858112512
198792403740663809
198792404709556225
198792405305147396
198792405657456640
198792406429212673
198792406680875009
198792406727012353
198792408933203968
198792408773828610
198792408622833664
198792411089076224
198792410283778048
198792411542061057
198792412133474306
198792412699693056
198792413203005442
198792414071238656
198792414243196930
198792414981402624
