198849040371286016
198849041180786688
198849041642160128
198849041835114496
198849041952550912
198849042850123776
198849042434887680
198849042510393344
198849043034681345
198849044028723200
198849044351688704
198849043969998848
198849043777073153
198849043810619392
198849043697369088
198849045245083649
198849042111938560
198849043529601025
198849046096519171
198849045949710337
198849045756772352
198849046163636225
198849046461427713
198849045857452032
198849047614861312
198849047325458432
198849047367393282
198849048512438272
198849048520822784
198849048353062912
198849048579538944
198849048780865537
198849049024143360
198849051129679872
198849051809165312
198849054015356928
198849054824869888
198849055462400001
198849053247807489
198849056238338049
198849056372568065
198849057395978240
198849057727328256
198849057077211136
198849058469720064
198849058763325440
198849058385833984
198849059014975488
198849059463757824
198849059010777090
198849059748974593
198849059753177089
198849060755603457
198849061204406272
198849061707710464
198849061921619971
198849061632221184
198849062953418752
198849063179911168
198849063830028288
198849064148811776
198849064673091584
198849064345944064
198849064664702977
198849065570672640
198849065990103040
198849066451476481
198849066514386944
198849067340660736
198849069089689600
198849069542678528
198849069983084544
198849070402506754
198849071128117249
198849071182643200
198849071279124480
198849071585304578
198849071719518208
198849073195917312
198849074487767041
198849075498582016
198849074961727488
198849077780287488
198849078208114690
198849078812082177
198849078791118848
198849079017615362
198849079525122048
198849079600623617
198849080745660416
198849080896659456
198849081152507904
198849081261563904
198849079667728384
198849082356277248
198849082767314944
198849083077705729
198849082981232641
198849082968649730
198849083912364032
198849083794919424
198849085808189440
198849085762043905
198849086126948352
198849086265372672
198849087066480640
198849086605107200
198849086873538560
198849086865145857
198849088811315200
198849089654370306
198849089549512704
198849091692793856
198849091843788802
198849092460351489
198849089021026304
198849093299224577
198849094511362049
198849095169871872
198849095014682624
198849095262142464
198849095387971584
198849097095065600
198849098282045444
198849098605019136
198849099737473024
198849099993325568
198849100286922752
198849099246747649
198849100781862912
198849100911886336
198849100718948353
198849102111444992
198849102350516225
198849102228889600
198849102845444096
198849104065998848
198849103407493120
198849104640622592
198849104984555521
198849105806639104
198849106217664512
198849106515460097
198849106037309441
198849106880380929
198849106683240449
198849107211718656
198849107362713600
198849107459186689
198849107920551936
198849108465823744
198849108339998720
198849108520337410
198849108755234817
198849109128515585
198849109573124096
198849109791211521
198849110151938049
198849109594095617
198849110319693827
198849113033412608
198849114132316160
198849114044243968
198849114287521792
198849114836959233
198849116091072512
198849116376281089
198849116976062464
198849118582476800
198849119224201218
198849119278739456
198849119391977472
198849119597498368
198849119354232832
198849120042094594
198849120339894272
198849120616718338
198849120507666432
198849121539457026
198849122206355457
198849120331509760
198849122466410496
198849123007475712
198849124118953984
198849124785848320
198849124811026432
198849125532446720
198849125905735681
198849126761369601
198849126438408195
198849126622969856
198849127696699393
198849127772209152
198849128699133952
198849129718362113
198849130485907456
198849130313953282
198849132075552771
198849132918603776
198849133107347457
198849132885057537
198849133166071813
198849133136723968
198849133220605954
198849134252392448
198849133962993664
198849134080434176
198849134013329409
198849135858810880
198849135330328577
198849133740687361
198849137041604608
198849137679151105
198849137918214144
198849138111168512
198849138090188801
198849139000348672
198849139344289792
198849132725682179
198849139654660096
198849139205869568
198849139885342720
198849134093017088
198849138811613184
198849141391110145
198849140631941120
198849141961539584
198849142045421568
198849142947184640
198849142976552960
198849143756693504
198849143874134016
198849144138375169
198849145086291972
198849144402616320
198849146017415169
198849146436857856
198849146856280065
198849147414130690
198849147556724736
198849147695140864
198849148370436097
198849149121200128
198849149360279553
198849149964255232
198849149838426112
198849150002012160
198849150429831170
198849150098472962
198849150916378624
198849151201591296
198849149880385538
198849151692324864
198849152115949568
198849153072238593
198849153219035136
198849153755914240
198849154649309185
198849154338922497
198849154221473792
198849155219734529
198849154749968384
198849155504943105
198849155651731456
198849155756589057
198849156960358401
198849157526593536
198849157308497921
198849157723729920
198849157836976128
198849157887307776
198849158478708736
198849158478708737
198849158302539777
198849159007186944
198849159149789185
198849159749570560
198849160286441472
198849160340975617
198849161171439617
198849160433238016
198849160928174081
198849161179824128
198849162693967872
198849165743239168
198849165713866752
198849166422712320
198849167483875328
198849168058486785
198849169119641601
198849169413259264
198849170260504576
198849169908187137
198849170558296065
198849170772213760
198849172370231296
198849173452365824
198849173725003776
198849174698074113
198849176384188416
198849177327898625
198849177181093888
198849177252405248
198849178825277440
198849179131445248
198849179139833856
198849179290832896
198849180473626626
198849180670771200
198849180695928832
198849182142959616
198849182616920064
198849183317368833
198849183971676160
198849184256888833
198849184705683456
198849185456459776
198849185758445568
198849186060443649
198849185758461952
198849186861559808
198849187188707330
198849186878337024
198849188388278273
198849188916756480
198849188321165312
198849189113888768
198849189575270400
198849189982121984
198849191051661314
198849192305766401
198849192557416449
198849192112828416
198849192762937345
198849192775532545
198849193530499072
198849193736019968
198849194633592832
198849194381946880
198849195040452610
198849195778650112
198849197095653376
198849196294553601
198849197506695168
198849197561221120
198849198043578370
198849197900967939
198849198190370819
198849198991482880
198849199503179776
198849199742259201
198849202472751104
198849203420659714
198849205043863553
198849205089992704
198849206096629760
198849206197297153
198849206872580096
198849207422025729
198849207522701312
198849207883415553
198849207594004480
198849207963103233
198849207564632064
198849208160239619
198849209330442240
198849209804406784
198849210395799552
198849210316095488
198849210739736576
198849212186767360
198849212711043072
198849213877075968
198849214724308992
198849214598492160
198849215382831104
198849215496073216
198849215634472962
198849215923896321
198849217010208769
198849217211547649
198849217530306560
198849217450606592
198849217798742018
198849216121012224
198849218151063552
198849217295433728
198849218834743296
198849219736506369
198849218432077825
198849221548457984
198849221737185280
198849222227935232
198849222332784640
198849222655754242
198849224090198017
198849225231056896
198849225533042688
198849225646292992
198849226099273729
198849225910530048
198849227953156096
198849229802835968
198849225818243074
198849230377459712
198849231254065152
198849230763331585
198849231732211712
198849232445251585
198849231774167040
198849233518989313
198849233892286464
198849235129614338
198849233045028867
198849235460964352
198849236845080579
198849236585033729
198849237260316673
198849236803133440
198849237637804033
198849238237581312
198849238828978176
198849238065610752
198849239231639553
198849238870929408
198849238669606912
198849239013535744
198849239546208256
198849239571369985
198849239730749441
198849240498319362
198849240905162753
198849240611565568
198849240619958272
198849240758366209
198849242079559681
198849242842927104
198849242771632128
198849243409170432
198849244017344512
198849244667461632
198849244977840128
198849245334339584
198849245493723139
198849246747824129
198849247267926017
198849247246946305
198849248786259968
198849248211648512
198849249344094208
198849250476556289
198849252603072512
198849252443693057
198849252619862017
198849253987192833
198849253358059520
198849254490513408
198849254507298817
198849254234669057
198849254519869441
198849254788317186
198849254335328256
198849255950131202
198849256075960321
198849257074196481
198849257342644224
198849257472671744
198849257288110080
198849257292312577
198849257380397056
198849258210861056
198849258500259842
198849258777088000
198849258953248768
198849258730954752
198849259272015872
198849259108446209
198849259980857346
198849260035387394
198849259842453504
198849260140244992
198849261125902337
198849261130104832
198849261377556480
198849261243342848
198849260421251074
198849261985738752
198849262354829312
198849262753288192
198849262610685952
198849267954225153
198849267828408320
198849267903905792
198849268365262848
198849265731252224
198849270026215424
198849269845856257
198849270311432192
198849270772801536
198849271297085440
198849271158673408
198849271792009216
198849271955587072
198849272148529152
198849272148533249
198849270592454656
198849274031767554
198849274472177664
198849274904190977
198849274702856192
198849275084541955
198849275814363136
198849276359610369
198849276825178112
198849276443508736
198849276602875904
198849277500461057
198849277785677824
198849279522127872
198849279874437120
198849280356794368
198849280889458688
198849280981733377
198849281522802688
198849281791229954
198849282365861888
198849282860793856
198849282709798912
198849283427020800
198849283938717698
198849283871604737
198849283661897728
198849284601425920
198849284748214272
198849285578686464
198849285939412992
198849285847126016
198849286610493441
198849286669213699
198849286857953280
198849288959311873
198849289311633409
198849289982705664
198849290385375232
198849290368593921
