198776814158626816
198776813340721154
198776818612969472
198776820869500928
198776821712564225
198776821565767680
198776824036208640
198776824816340992
198776825302888451
198776827005771776
198776828444418049
198776828939341824
198776829845307392
198776830130532354
198776832479342592
198776832730996736
198776833523712001
198776833204961280
198776835868336128
198776836854001664
198776840524017664
198776840561754112
198776838150041600
198776842763776001
198776841308344320
198776845943046144
198776846517682176
198776847834681346
198776848946176000
198776849248157696
198776850225438720
198776850737143808
198776851492126720
198776851672465409
198776850560978944
198776851961884672
198776853073362945
198776852758790144
198776854063218688
198776853887074304
198776853849325568
198776855451545601
198776857049567235
198776858614042625
198776858601467904
198776858878283777
198776859054456833
198776858601463808
198776859209637888
198776861814292480
198776859163500544
198776863542362113
198776863877898241
198776863932416001
198776864783859714
198776864725139456
198776865933099009
198776869456326658
198776870236459009
198776869091426304
198776872958558209
198776874980225025
198776875907153920
198776876624388096
198776877299666944
198776877878484993
198776882773237760
198776882601271296
198776880659312640
198776884077658112
198776884287385600
198776884710998016
198776882676776960
198776885273038848
198776885696659460
198776885113651202
198776890130046976
198776893330296833
198776894156582914
198776894890586115
198776892415934464
198776897713340416
198776898476707842
198776899168776192
198776900410281985
198776900418682880
198776900947165184
198776900146036737
198776901609861121
198776901903450112
198776901236559873
198776902775869442
198776903308541952
198776905539923969
198776902859759619
198776907037282304
198776907154718721
198776910015238144
198776912422764545
198776914771574786
198776917736964097
198776918454177793
198776922065477632
198776923063730177
198776923894190080
198776925248962560
198776926721150976
198776928684081154
198776930894491649
198776931246804992
198776931297140737
198776929560702977
198776933050351616
198776934191214592
198776935273336832
198776937873813504
198776939836739584
198776940369420288
198776940310708224
198776939513786368
198776943095717888
198776943431254018
198776941350895617
198776943905218560
198776947009007616
198776947579437057
198776947688480769
198776951375265794
198776952092491778
198776956941111297
198776957314404353
198776957926768640
198776958178435072
198776960204292096
198776960858595331
198776962238521345
198776963412934656
198776964608303104
198776967619809281
198776968714522624
198776969293340672
198776970509688832
198776971726041088
198776971952529409
198776973923856384
198776975266021377
198776976784363521
198776977342218240
198776978885709825
198776979682623489
198776981729443840
198776982375383040
198776983134552064
198776984095035392
198776985789546496
198776985231687680
198776987488227330
198776988113174528
198776988142538753
198776991351193601
198776991837716480
198776990667505665
198776991955169280
198776996061384709
198776998846402562
198777004064112640
198777004299005952
198777004487749633
198776999702044672
198777004869431297
198777010925993986
198777010946969602
198777011597099008
198777011974578178
198777013903953923
198777014482771970
198777014566658048
198777014117875712
198777014558273536
198777014667321344
198777015380357120
198777016277942273
198777014033977344
198777018832261121
198777018215698432
198777020644200450
198777021067821056
198777022070259712
198777022040899586
198777023987064833
198777026574954496
198777027027931136
198777028835672064
198777029611626496
198777029347385344
198777031180292096
198777034292469760
198777036393824258
198777035110354944
198777040198053888
198777040583933953
198777040768483328
198777042983071744
198777043054366724
198777043322814466
198777043280859136
198777044778237953
198777045109575682
198777045734535168
198777044329435138
198777048548909056
198777051208101889
198777052562862081
198777053644988416
198777054693560322
198777056207704065
198777057197559809
198777058799796224
198777061505110017
198777061219901441
198777062180388864
198777062377537536
198777062373335041
198777063606452229
198777064046854144
