198822363742220288
198822363486367745
198822364136476673
198822365457694720
198822365386391553
198822365814206464
198822365755490304
198822365818400768
198822365612875776
198822366665641986
198822366619512832
198822365902282753
198822368255283200
198822368074924032
198822368251097088
198822368716656641
198822369236746240
198822368657948672
198822369878482946
198822369081569281
198822368460812289
198822370264363008
198822369995915264
198822369060597762
198822369819762689
198822369052205057
198822369425494017
198822370390192128
198822371182903298
198822370658627585
198822369635209216
198822371350675456
198822369085751296
198822372910960641
198822372390879234
198822372999049216
198822373200375810
198822374022451200
198822374219591681
198822373401694208
198822374030843905
198822374089568257
198822374651592706
198822370780250113
198822371338104832
198822374924222464
198822374349602818
198822374949392385
198822374215393281
198822375368835074
198822375905697792
198822377180766208
198822376631308288
198822377231093761
198822377256267776
198822377344348161
198822378048995330
198822378317418497
198822377998655489
198822379131117568
198822379676381184
198822379781226498
198822379600887808
198822380108394496
198822379600879617
198822380607508480
198822380582342657
198822380469096448
198822381547028481
198822381706424320
198822381870006272
198822382851469313
198822383149252608
198822383233138689
198822382796939264
198822383623225344
198822383816163328
198822384042643459
198822384260755456
198822384206225409
198822384080396288
198822384462082048
198822384315277312
198822384856346624
198822384814391297
198822385330290688
198822385166725120
198822385359650818
198822385665835008
198822385791664128
198822385753923587
198822385468715008
198822385510658048
198822385875550208
198822385900724224
198822386945101825
198822386341117952
198822387205156864
198822387582640128
198822383044403202
198822388211793920
198822388157263872
198822388383752192
198822388929003520
198822389059039232
198822389428133889
198822389038071809
198822389105180672
198822389767872513
198822389545578496
198822389616877568
198822390388621313
198822390430580736
198822390535421954
198822391131013120
198822390510264320
198822390552207362
198822390501883906
198822390963253248
198822390535426048
198822391357521920
198822392011833345
198822391865028609
198822391634337792
198822392385126400
198822391927939072
198822392703877120
198822392460623873
198822393463054336
198822393374973953
198822393429504000
198822393723109376
198822393156866048
198822393404329984
198822394729738240
198822394377416704
198822394239008769
198822395220475905
198822394289328130
198822394314506240
198822395484712961
198822396130639872
198822396491337728
198822396541665281
198822396629762048
198822396944322560
198822397497982976
198822397707681792
198822397934178304
198822398211010560
198822398437490689
198822398181638144
198822397044994051
198822398932418560
198822399431557121
198822399960035328
198822399846789121
198822399691599872
198822400043921409
198822400375275522
198822400463347714
198822400312356865
198822400564006912
198822400530448385
198822401012793344
198822401025384448
198822400811466752
198822401407074304
198822401356726272
198822400777920512
198822401490944000
198822401994264577
198822402883452929
198822403000909824
198822402979921920
198822402820546560
198822402992521218
198822403097374720
198822403160285184
198822403734913025
198822402459836417
198822404275970050
198822404703789056
198822405014171648
198822405421010944
198822405001576449
198822405827866624
198822405546852353
198822406066929664
198822406498959360
198822406549278720
198822406184382464
198822407002275840
198822406809325570
198822406209552384
198822405714608129
198822407107121153
198822407518158848
198822408847761408
198822409242021888
198822409506275330
198822409715990528
198822410110238723
198822409191686144
198822410508705793
198822410919747586
198822411943153666
198822412425494528
198822412744278016
198822412597473280
198822412756848642
198822413100785664
198822413104984064
198822413058838528
198822412740075520
198822413771882499
198822413973204992
198822414623313922
198822413633458176
198822413578932224
198822414929502208
198822414560411649
198822414770114563
198822414958866432
198822415676084224
198822416003244033
198822416057761792
198822416401707009
198822415936139266
198822416657559553
198822416489779200
198822417056010241
198822417735499776
198822417689362433
198822417722900480
198822418360442880
198822418796646405
198822418863759360
198822418939248640
198822419639705600
198822420411453440
198822420696670208
198822420793147392
198822420705058817
198822420616982529
198822421258698753
198822421057380352
198822422206619648
198822421766213632
198822422433103873
198822422114336768
198822421619412992
198822423485878273
198822423477489664
198822424094048260
198822423792074752
198822424643510273
198822424807079938
198822425411076096
198822425268465664
198822425553670144
198822426048602112
198822426015047680
198822426786791425
198822426619031552
198822427311091712
198822427223015424
198822428745539584
198822428703604736
198822429030744064
198822429215309824
198822429311774721
198822429584408576
198822430192582658
198822429815083008
198822429773152256
198822430897209344
198822431027249153
198822430809137152
198822431245344769
198822431845138434
198822431538946048
198822431597670400
198822432344244224
198822432042258433
198822432646242305
198822432759480320
198822432990171136
198822432679804929
198822433246027776
198822433095024640
198822433359269889
198822433359265793
198822432566542336
198822434156191744
198822434491727872
198822434638528512
198822434240069632
198822434768556032
198822434848260096
198822435485790209
198822436286902273
198822436186226688
198822436781821952
198822436899258368
198822437847179264
198822438191108096
198822438409211905
198822438665076736
198822438690242560
198822438241435648
198822438358892544
198822439176773632
198822439478759424
198822439994662912
198822440367960064
198822440443453441
198822440489582593
198822440414089220
198822441064218624
198822440862875650
198822440665747457
198822441139703808
198822441156476928
198822441336844288
198822441483632641
198822441462661120
198822441290711040
198822441466867713
198822441718521857
198822441823371264
198822441483640833
198822442024710148
198822442435751937
198822442800648192
198822442859380736
198822443010371586
198822443593371648
198822443576594432
198822441139716097
198822443891167232
198822444784553985
198822444767789056
198822445443072000
198822445443059713
198822444822315011
198822445434679298
198822445359181824
198822445803773953
198822445975744512
198822447359868928
198822447540215810
198822446969790464
198822448483942401
198822448135811073
198822448211296256
198822448697843712
198822443199119361
198822449607999488
198822450316849152
198822450841133056
198822451600293888
198822451092787200
198822451986182144
198822452153946113
198822452418195456
198822452413988864
198822452825030658
198822452808261634
198822452732760064
198822453445795840
198822450941788160
198822453705838592
198822453571633154
198822452795670528
198822454188183552
198822454116884481
198822453923938304
198822454569869312
198822454645362689
198822454595039232
198822451176681473
198822455022862339
198822454712483841
198822451407368192
198822457325522944
198822457879175168
198822457740759041
198822458432823297
198822458281832449
198822458785136640
198822459263291392
198822459351375872
198822459481403393
198822460584509440
198822460366405632
198822460680970240
198822460974575616
198822461431750656
198822461167513601
198822461846978560
198822462237048833
198822462144774148
198822462476136448
198822462157361153
198822462811684864
198822463273046017
198822463512129536
198822463482769408
198822463507939328
198822463705067521
198822463373721601
198822463457607681
198822463973498880
198822464007049217
198822463788953602
198822464397119488
198822464669761538
198822465638637568
198822465084997632
198822465256955904
198822466410389504
198822466095812608
198822466821423105
198822466771103745
198822467396055040
198822466708180993
198822467211497473
198822466922094595
198822467509305345
198822468322983937
198822468071329792
198822467861622784
198822469358981121
198822469572898818
198822469182832641
198822469887463426
198822471267393537
198822471036706817
198822471263191040
198822471829422080
198822471963656192
198822472076894210
198822472353714176
198822472898969602
198822473729454080
198822474111135744
198822474392145922
198822474366980098
198822474887081984
198822474962571266
198822475071619073
198822475419750400
198822475029688320
198822475033874433
198822475822407681
198822475973402625
198822475746902016
198822476401229824
198822476858404864
198822477097480195
198822476338311168
198822477030367232
198822477743403008
198822478057967616
198822477684674560
198822478112489472
198822478544506880
198822479379169280
198822479509209088
198822479450488833
198822478829719553
198822479861514240
198822479337226241
198822479727304704
198822479525982209
198822479500812289
198822479370788866
198822479605678080
198822480327094273
198822478930391041
198822480679411712
198822480876539904
198822480981401600
198822481426006018
198822481241448448
198822481744769025
198822482222919680
198822482285826048
198822482638155776
198822482835292162
198822482352939009
198822482927562752
198822483074367490
198822483149856768
198822482826903553
198822482923360258
198822482646536192
198822483409903617
198822483422494723
198822483590258689
198822483422486528
198822483288272896
198822483535728641
198822484034846721
198822484127125506
198822484533985280
198822484257157120
198822484991164416
198822485448335360
198822484768854016
198822485297344514
198822486010372096
198822486509498369
198822486912143361
198822486996041728
198822487595814912
198822487339966464
198822487952330752
198822488589877248
198822489915269122
198822489839763458
198822489768460288
198822490577965056
198822491098062848
198822490104012801
198822490867372032
198822491198726146
198822490359865344
198822491555241985
198822491324559361
198822491823673345
198822492184391680
198822491660099584
198822492788367361
198822492905816064
198822492360552448
198822492347973632
198822493790806017
198822493757255682
198822494101192704
198822493774036992
198822494428348417
198822494340259842
198822494608699392
198822494768074753
198822494835195904
198822495200083968
198822495078457344
198822495762137088
198822495086854145
198822495787298817
198822496315772928
198822496001196033
198822496286408704
198822496592596994
198822496873619457
198822497460813826
198822497620205568
198822497095917569
198822497305624576
198822498186444800
198822498744283136
198822499025289216
198822498706538496
198822499159506946
198822499050471424
198822499293741056
198822499662839808
198822499784458240
198822500258418688
198822500732379136
198822500963065856
198822500765933570
198822500870791171
198822501005000704
198822501688672257
198822502309429249
198822502238138368
198822502871465984
198822502913409024
198822503387377665
198822502758236160
198822504020717568
198822503588696065
198822504486289408
198822504003936257
198822504637272064
198822504352055296
198822504884748288
198822505383862272
198822505622937601
198822506059153409
198822505555836928
198822505824264192
198822506411470849
198822504771485696
198822506470195201
198822506658930689
198822506449223680
198822506390499328
198822506818314241
198822507002859520
198822507573297152
198822507325825026
198822507334205441
198822508529582083
198822509083238401
198822509259407363
198822509406191618
198822509217456131
198822508407951360
198822510291189760
198822510903570432
198822510517682176
198822510836465664
198822510970683393
198822511423668224
198822511578845184
198822511838900224
198822512019243011
198822512665178113
198822512744861696
198822512375758848
198822513025888256
198822513927659520
198822513688576002
198822514099634179
198822513927651328
198822514141577216
198822513386590208
198822515018182656
198822514846220288
198822514686836738
198822515303383043
198822515643121664
198822514993016833
198822515370508288
198822515794116608
198822516012224512
198822515437617152
198822515727015937
198822516188397568
198822515928342528
198822516393910272
198822516012224513
198822515995451393
198822516758810624
198822517463465985
198822517845131264
198822518117765120
198822516830121984
198822518063235072
198822518730141696
198822518881124352
198822518482681857
198822519304753152
198822519699025920
198822519820664832
198822519925510144
198822519703216129
198822521192202240
198822521682927616
198822522295291904
198822522454683648
198822523331284992
198822524560211969
198822524597977088
198822524832845824
198822524551827456
198822524941897728
198822525558468608
198822525076119552
198822525508136961
198822525675913216
198822526225367040
198822525487169537
198822526254710785
198822526569299968
198822526653173761
198822526846107649
198822526913232896
198822527030673409
198822527244566529
198822527458480128
198822527257153537
198822527269740544
198822527429132288
198822528456728576
198822528272187392
198822529375272963
198822528947470337
198822529257832448
198822529979260929
198822529870217216
198822530746822656
198822531057192961
198822531082366978
198822531023646720
198822531413704704
198822531480829952
198822530797142016
198822531589865472
198822531464044544
198822531359182849
198822531782815745
198822530692288513
198822531917021184
198822532466475009
198822533506678785
198822533770915840
198822534291005440
198822533900939265
198822534723014658
198822535259881474
198822535633178626
198822536258142208
198822536941797376
198822537285734400
198822537663234048
198822537965207553
198822538506272769
198822538560802817
198822538518863873
198822538980233216
198822538921525248
198822538372067328
198822540494381058
198822540653760514
198822540666355712
198822541224198144
198822541119332353
198822541236776961
198822541085773824
198822541408743424
198822541576519681
198822542260183041
198822542021115904
198822542365040640
198822531824762881
198822542419558401
198822543036125185
198822542809645058
198822543556222977
198822542843183104
198822543409430528
198822543858221057
198822543849824256
198822544374108161
198822543967272963
198822544206331905
198822544122449920
198822544235692033
198822544629964800
198822544235704321
198822544286035969
198822544881627137
198822545288462338
198822545263300608
198822545384935425
198822545837932546
198822545342996480
198822545275895808
198822546827788289
198822546693562368
198822546618064896
198822546563547136
198822546769068033
198822547469516800
198822547503067136
198822548094459904
198822547977027585
198822548392263680
198822548576804865
198822546509021185
198822549092712448
198822549084311554
198822549365325824
198822549717651459
198822549377916931
198822549277261824
198822550065782785
198822549784756224
198822549767983104
198822550678142976
198822549981896704
198822550686547969
198822550397124609
198822550720086017
198822550581690368
198822548841037824
198822551491854336
198822552158744576
198822552683028481
198822551735119872
198822553387679744
198822552477511681
198822553110847488
198822553794519041
198822553760968705
198822555048615936
198822555124121601
198822554855682049
198822555203813378
198822556030078976
198822556583731200
198822555241558016
198822556789256193
198822557183524864
198822557481320450
198822557166743552
198822557653282816
198822558274039810
198822559033212928
198822558701862912
198822558466981889
198822558731206658
198822559670738945
198822559444242433
198822559817535488
198822559456825345
198822560366989312
198822560006291457
198822560392151040
198822561402994689
198822561415573505
198822561956626432
198822562061492225
198822562564812802
198822562275393536
198822562942300160
198822563181363200
198822563152011264
198822562963259393
198822563001020416
198822563198156800
198822563210723328
198822563948920832
198822563105882112
198822563189751808
198822564427083776
198822562686451712
198822565014290432
198822564934582273
198822565546958848
198822565140115456
198822565060427777
198822565815390209
198822565668589571
198822565853134848
198822566922682368
198822568269070338
198822567732199424
198822568571052033
198822568596213760
198822568696889344
198822569120509955
198822568218722304
198822569976143872
198822569787392001
198822570676592640
198822570773065729
198822570290716672
198822571951665152
198822571381227520
198822572916346881
198822572765347841
198822573721653248
198822573310615552
198822573990092802
198822574183030784
198822574195605505
198822573893623810
198822574443085824
198822574615052288
198822575445508096
198822575252578304
198822576032714752
198822576137572352
198822576217268224
198822576049500163
198822578306023425
198822578394107905
198822578180198400
198822578180206593
198822579107135488
198822579287494658
198822578473807874
198822579245563904
198822576292757505
198822579685957633
198822579539161089
198822580302512129
198822580470300673
198822580428345345
198822580155719680
198822580814217217
198822581661466625
198822581988630529
198822581237850112
198822581720190976
198822582563258369
198822582592618496
198822582408060929
198822582550675456
198822583012032513
198822583238524928
198822583599239169
198822583460831233
198822583955767296
198822583909613568
198822583838310400
198822584123527169
198822584056430592
198822584761057282
198822584719114240
198822584983355392
198822585335689217
198822585163710464
198822584719126528
198822585113378817
198822585193086976
198822586094854144
198822585696403457
198822585826410497
198822586711420928
198822587038580736
198822587294420993
198822587386707968
198822587600613376
198822588426878977
198822588041003009
198822588837933056
198822588833734658
198822588540129282
198822590536613889
198822590209458176
198822590729555968
198822590846992384
198822590381432832
198822590855393281
198822592054968320
198822591903956993
198822591392268289
198822591740391425
198822592465993729
198822593120321538
198822593292279809
198822591702642688
198822593355190272
198822592881233921
198822594198249472
198822594043060225
198822594844176384
198822594911285249
198822594949021697
198822595704004608
198822596467376128
198822596748378112
198822596815503360
198822596840652800
198822597314617347
198822597755019264
198822597830524929
198822597541117953
198822597796958208
198822598275104769
198822598384173057
198822597775986689
198822597780193280
198822598170259456
198822598707122176
198822598233169920
198822598593888258
198822598887477250
198822599042662400
198822598916849664
198822599206248448
198822598791004160
198822599667621888
198822600003162113
198822599600521216
198822598753259521
198822600548425730
198822600632303617
198822599952838658
198822600128987136
198822600644886528
198822601173368832
198822601609592832
198822602058383363
198822601538289664
198822601735405569
198822601831878656
198822602691723265
198822601672491009
198822602351980546
198822603123724291
198822602763026433
198822601739612160
198822603731906560
198822603144699908
198822604709179392
198822604369432576
198822605195710465
198822605338312705
198822604340076544
198822605124415488
198822605669675008
198822605430603776
198822606084907008
198822606097481728
198822606013603843
198822606374305795
198822605984251906
198822605980041217
198822606399488000
198822606881820673
198822607028633602
198822607234142208
198822606856663041
198822607708102659
198822607288672256
198822607636795393
198822608010088448
198822608341446656
198822608790233088
198822608257560577
198822608949612544
198822609050279939
198822609230635008
198822609327099904
198822609817837568
198822609905913856
198822609918500864
198822609704591361
198822610044325888
198822610258239489
198822610325356545
198822611235504128
198822611109679104
198822612443471872
198822613362024448
198822613634654208
198822613185859584
198822613504626688
198822613877915649
198822613848559616
198822614314123264
198822614758735872
198822614309937152
198822611931758592
198822614356082689
198822614859395072
198822613747892224
198822614058270723
198822614356082688
