198827144812576768
198827145269747712
198827145513017344
198827146104418308
198827145974390784
198827146720985089
198827146737754114
198827146041503744
198827146691612672
198827146049896449
198827147098456064
198827147274616833
198827147790524419
198827147903778816
198827147475959809
198827148520329217
198827148595830784
198827148650348544
198827148629393412
198827148453224448
198827147610169346
198827149128511488
198827149837340672
198827148977508352
198827150151925761
198827150743306240
198827149938008064
198827149656993792
198827149782822914
198827148906213376
198827150206439425
198827150957223936
198827151611531264
198827151036911617
198827151900942336
198827152257466370
198827151347286018
198827152425230337
198827152391680001
198827152014184450
198827151619928064
198827153306042368
198827153851289600
198827153960353792
198827152819503104
198827153951948800
198827152291016705
198827154455273472
198827154451079168
198827154102951936
198827155000528897
198827155369623552
198827155826814976
198827155906502659
198827155461906432
198827155189284866
198827156258824192
198827155629682689
198827156346896387
198827156711800832
198827156908949505
198827156443377664
198827156640509954
198827157005410305
198827156296577025
198827157068328960
198827156644704257
198827156896350208
198827156229472256
198827157198356480
198827157408067585
198827158255304704
198827158389530625
198827158448254976
198827158347595776
198827158473420801
198827158762815488
198827158834130944
198827158486003713
198827159031250946
198827159580717057
198827159115153408
198827159593291776
198827159530385408
198827159693950978
198827160008523777
198827160822222848
198827160994197504
198827161602371584
198827161522675712
198827161610764288
198827161585582081
198827161656885250
198827162231504896
198827162617384960
198827162541883392
198827162718048256
198827162546085889
198827163359784960
198827163175235587
198827163036827650
198827163858894848
198827163410116608
198827163707904000
198827163967959040
198827164173475840
198827164718727168
198827164999761921
198827164907479042
198827165184303104
198827165498867714
198827165469515776
198827165511467009
198827165561794560
198827165280772096
198827165280772097
198827166283218944
198827166107058176
198827166497128448
198827166677483520
198827166434205697
198827166673289216
198827166975262720
198827167247892481
198827167365345280
198827167147245569
198827167080124417
198827167734431745
198827167562481664
198827167356960768
198827168309067778
198827168246145024
198827168258727936
198827167814135808
198827168103538688
198827168296480768
198827169085001729
198827169055649795
198827169064034304
198827169395388416
198827168816566272
198827169537990656
198827168321646592
198827169609293825
198827169793839104
198827170200682496
198827169986785280
198827170469122048
198827170909519872
198827170162933761
198827171136028672
198827171526094848
198827170855002113
198827171849056256
198827171932930050
198827172704694272
198827173006688256
198827173258342400
198827172620804096
198827173296078848
198827173359005696
198827173426114560
198827173921038336
198827173853929473
198827173761650688
198827173388353536
198827174168502273
198827175456153600
198827175166754816
198827175514882048
198827175036715008
198827175342899200
198827175019954176
198827175657472000
198827176227909632
198827175842037763
198827175997222914
198827176613781504
198827176802525186
198827176693477378
198827177482010624
198827177733660675
198827178048241665
198827178668986368
198827178815787008
198827178081796097
198827178857725953
198827179092606978
198827179092606979
198827179340079104
198827179843387392
198827179549798400
198827179335888897
198827180321538050
198827180564824066
198827181038776321
198827181172998144
198827180732583939
198827181193953280
198827181034573824
198827181919571969
198827181898604544
198827181344956416
198827181395279872
198827182473216000
198827182628417537
198827182397730817
198827180032147456
198827180636119040
198827183307882498
198827183374999552
198827183131721733
198827183530184704
198827183714738176
198827184159334401
198827183844753408
198827183819591683
198827182490005507
198827184851386370
198827185103052800
198827185077886976
198827185602174976
198827185606377474
198827185258250240
198827186071937024
198827186206150656
198827185732206592
198827186608812033
198827186596216836
198827186394906624
198827186822725633
198827187099541508
198827187221172225
198827186927583235
198827187930013696
198827188085211136
198827188068421632
198827188097789954
198827188785655808
198827189318336512
198827189255405571
198827189226053632
198827189364465665
198827188718534656
198827189683232768
198827189842620416
198827190132019200
198827190446592000
198827190358507521
198827191402893315
198827191277064195
198827191327399936
198827191528722434
198827191935569922
198827192174645248
198827192296275968
198827192032038913
198827192132714496
198827192946397184
198827193093197826
198827193625886721
198827193873346560
198827194007560193
198827194041122816
198827194137591810
198827193902694403
198827194590576641
198827194267611138
198827194460536833
198827193902702592
198827194284384257
198827193927860226
198827194833846273
198827195450400770
198827195924353024
198827196469624832
198827196159229953
198827196624797696
198827197065203713
198827197543350272
198827197694353410
198827197706944513
198827197895680000
198827197547552768
198827197706944512
198827199162351616
198827199053303808
198827198730354688
198827198805852160
198827199955083264
198827199611158528
198827200496156674
198827199611146240
198827200466792451
198827200806535171
198827200462594048
198827201087541248
198827201104326656
198827200890404864
198827201402118144
198827202043850753
198827202102575104
198827201574088704
198827201880268800
198827202534584321
198827202777849856
198827203302146050
198827203058868224
198827203293741056
198827204019372033
198827204195520514
198827204199727105
198827204199727106
198827205193764866
198827205214736386
198827205516734464
198827205789356032
198827205982294018
198827205789360128
198827205751615489
198827206464651264
198827206938607616
198827206959570944
198827207072813056
198827207127343104
198827207378997249
198827207790051328
198827207861346305
198827208167526400
198827208016543744
198827208427573249
198827208838627328
198827208800862208
198827209320955904
198827209895583744
198827210004635648
198827210273079296
198827210319208448
198827210788970500
198827210906402816
198827210952556544
198827211468455936
198827210759606273
198827211455868930
198827211564912641
198827211468451840
198827211602657280
198827212089212930
198827211954987008
198827213343301632
198827214052134912
198827214479949826
198827214496743424
198827215138459648
198827214589001728
198827215784394752
198827215037808641
198827215998300160
198827215885058048
198827216212205568
198827216254144513
198827216333848577
198827216044433408
198827216384172032
198827216019259392
198827216816177152
198827216354816000
198827217181089792
198827217168510977
198827217726341121
198827218074472448
198827218019958784
198827218196115457
198827220557512704
198827220846907394
198827221438308352
198827221438312449
198827221362814976
198827221627056129
198827221778046976
198827221681582081
198827221782237184
198827221685772289
198827222222643200
198827222256193536
198827221866119169
198827222222635009
198827222906322945
198827223464157184
198827223292186624
198827223787118592
198827223682256896
198827219982880769
198827224525316097
198827224642760705
198827225213181953
198827225703915520
198827225087344642
198827225339015169
198827225393537024
198827225682952192
198827226173669376
198827227658465281
198827227595542529
198827227859783681
198827228270837760
198827227335499778
198827228673490944
198827228828676096
198827228904177664
198827228979658752
198827229130661888
198827226295312384
198827229701083136
198827229629779970
198827229885640705
198827229822713856
198827229952745472
198827229889839104
198827230351204353
198827231198449667
198827231571755009
198827231701774336
198827231676608512
198827232351887360
198827232112807937
198827232318337024
198827233006202883
198827233249476609
198827233538867200
198827233379487746
198827233782140928
198827233425637376
198827233903775745
198827233954107392
198827233937326080
198827233807314947
198827234822332416
198827234772004867
198827235606663168
198827235711524865
198827235648606208
198827236101586946
198827236361633793
198827236877533185
198827236550385664
198827237133389824
198827237049507842
198827236374233090
198827236915286017
198827237431181312
198827237661872132
198827237351505921
198827238131638273
198827238370713600
198827238777569281
198827238991478785
198827238882414592
198827239490592768
198827239473815552
198827239201185793
198827239163437060
198827236827213825
198827240300089344
198827240488841217
198827240388165634
198827240505618433
198827240480452608
198827240774041600
198827241017327617
198827240425930752
198827241780682752
198827242200113153
198827241872949252
198827242028154881
198827242502094849
198827243055759360
198827243076722688
198827243475177472
198827244611842048
198827244569886721
198827245291319296
198827246084034561
198827245643632640
198827245643636738
198827244561514496
198827246264389632
198827245765275648
198827246486700032
198827247250059264
198827247413637120
198827247321354240
198827247526871040
198827247602376704
198827247220699137
198827247950512128
198827247573024768
198827248332193793
198827248231526402
198827247879208960
198827248332193792
198827248223141888
198827249795989504
198827249519181824
198827249858904064
198827249976348674
198827250408366080
198827250672611328
198827250630664193
198827250588729344
198827251121401858
198827250932662273
198827251255611392
198827251343704066
198827251960254466
198827251662471169
198827252375486464
198827253143060481
198827253021409280
198827253369544705
198827254220996608
198827253877051393
198827253705093120
198827255491862528
198827255558975488
198827255672213504
198827255739326464
198827255902904322
198827256326520832
198827255693185024
198827256108421121
198827256586567682
198827256850812928
198827257077301248
198827257849061376
198827256154570752
198827258029420544
198827257719042048
198827257924554755
198827258474008579
198827259212214272
198827259396751362
198827259191242752
198827260034293760
198827260298530817
198827259983958016
198827260768288768
198827260764098564
198827261191917570
198827261523263489
198827260931883008
198827261435199490
198827261321953282
198827261665869824
198827261414223872
198827262236295168
198827262542487552
198827262492151808
198827262307606528
198827262160814080
198827263209377793
198827262634754050
198827262773174273
198827263708499969
198827263788187650
198827264002105344
198827262362124288
198827264081797120
198827264597696512
198827264375390210
198827263570100225
198827264463486976
198827264517996544
198827264337641472
198827264660611072
198827264702558208
198827265600126976
198827265629503488
198827263989514240
198827265067462656
198827266443198464
198827266271219712
198827267026194432
198827266564820992
198827266900369410
198827266153779201
198827267022012419
198827267416272896
198827267529506816
198827266975858690
198827267760197633
198827267412078592
198827267714068484
198827268032831488
198827268997517312
198827268926210048
198827269454708737
198827269626662913
198827269656035330
198827269798633472
198827269685379073
198827270192906242
198827270444552192
198827270654271489
198827270843006976
198827270914314240
198827271870619649
198827271484735488
198827271929348096
198827271560241152
198827272025800704
198827272050978816
198827272084520960
198827271707049984
198827271748988928
198827272235515905
198827271665106945
198827272831111169
198827273581887488
198827273858727936
198827273527377920
198827272969531392
198827274022289409
198827274215227393
198827274257170432
198827274240405504
198827274030682113
198827274760503296
198827274135535617
198827274471079936
198827274416553984
198827274303311875
198827274613694464
198827275351883776
198827275544821761
198827275758743552
198827275792302080
198827275968454657
198827276069122048
198827276677292032
198827276803125248
198827276681478144
198827277277081601
198827277818150913
198827277977534464
198827277792985090
198827278178856960
198827279005130752
198827278900269056
198827279600717824
198827279315517441
198827279810433025
198827279923679232
198827279827222528
198827280322142208
198827280263430144
198827280544432128
198827280640917504
198827280728993793
198827280397635585
198827281785954306
198827282679345152
198827282901630976
198827282687729664
198827283346231296
198827283618865152
198827283950206977
198827283711135744
198827283736301568
198827284600332289
198827284604530689
198827284449345537
198827284759715840
198827273644814337
198827285137207297
198827285292384256
198827285263024128
198827284843601923
198827285569212417
198827285728595968
198827285858627584
198827286005420033
198827285502115840
198827286399692802
198827286764589057
198827286739431424
198827286584238083
198827287154655233
198827287074975744
198827286403883008
198827287733469184
198827286651351041
198827287892860930
198827288396169216
198827288702361600
198827288513617921
198827289272778752
198827289369251840
198827289549615104
198827289327316993
198827289268600832
198827288593309697
198827289985818624
198827290287812608
198827290623344640
198827290719825921
198827291118288896
198827290271031297
198827291164418048
198827291663536128
198827291613216770
198827291739037696
198827291864866816
198827291801948160
198827291961331714
198827291491581954
198827292078772224
198827292947001345
198827293223829504
198827293366435840
198827293316104192
198827293509033985
198827293416767488
198827293773279232
198827293949427713
198827294092050433
198827294716997632
198827294633099266
198827294985420801
198827295153197056
198827293043474434
198827295014797313
198827295601983488
198827295417450496
198827295958511616
198827296042385408
198827296243716096
198827295761375233
198827297044824064
198827296671543298
198827297514602496
198827297783037953
198827297590087682
198827297887879168
198827298261180416
198827298441535489
198827298403778561
198827298529615872
198827298630279168
198827298781274112
198827298500263936
198827299523661824
198827299083264000
198827299724996608
198827299481714689
198827299230064642
198827299427188736
198827300337360897
198827297875308544
198827299116818432
198827300660314112
198827300031176704
198827300756799489
198827300081500161
198827301037817857
198827300379299841
198827301499187200
198827301062971393
198827300786159616
198827301792780288
198827302115749888
198827302359023616
198827301801172993
198827302619058176
198827302732304385
198827302610673665
198827303223042048
198827303650852865
198827303101415424
198827303856381952
198827303810236416
198827304091267072
198827303734747137
198827304074477568
198827304351301633
198827304363888640
198827304217083904
198827304699445250
198827303860572160
198827305555066880
198827305483771906
198827304972066816
198827305408266240
198827305597022209
198827305232105472
198827305454419971
198827305265659904
198827305508933634
198827306960166913
198827306679152641
198827306955976706
198827306502979585
198827306121302019
198827306842722305
198827307098583040
198827307002109955
198827307559944193
198827307341848576
198827307601887236
198827308142960640
198827307006312448
198827308319117312
198827308847607808
198827308986015744
198827308864372736
198827309535473666
198827309636132865
198827309631938560
198827309652901888
198827309829070849
198827309820682240
198827309485133825
198827310122672129
198827310231719936
198827310340775936
198827310600830977
198827310735044608
198827310282059776
198827310185586691
198827310814724096
198827311112536064
198827311104139264
198827310269472768
198827311213195267
198827311565520897
198827312123355137
198827312203055104
198827312668618752
198827312253386752
198827312446308352
198827312177889281
198827312580538368
198827312752504832
198827312974798849
198827312484073472
198827313675251712
198827313092231170
198827313402613760
198827313897549826
198827313620713472
198827314224705537
198827314254069760
198827314417631233
198827314392465408
198827314002411521
198827314698649600
198827314824486913
198827314799321088
198827314325364737
198827315160027136
198827315218747393
198827315382321152
198827314937733120
198827315495575552
198827315575263232
198827315772395521
198827314946129920
198827315734659076
198827315541708801
198827315382333440
198827315680129024
198827316065996800
198827316317655040
198827315998892032
198827316611252226
198827316162469889
198827316355399680
198827316896464896
198827316942606336
198827317471088640
198827317810831361
198827317416574976
198827317869547520
198827317802438656
198827318746152961
198827318876188672
198827318683246592
198827319043956737
198827318855221248
198827319333355521
198827319245279232
198827319807328256
198827319857659905
198827319945740288
198827319996067842
198827319853461504
198827320054779904
198827320281284609
198827319891206144
198827320591663104
198827320369356801
198827320499376128
198827321099173888
198827320826527744
198827321048829952
198827320667152384
198827320235139072
198827321904463872
198827322072252416
198827321992556544
198827321778651136
198827322223247360
198827322349064193
198827321975767041
198827322558779393
198827322663641089
198827322260992000
198827322810445824
198827322525237249
198827322521042944
198827323095646208
198827323393458177
198827323770929153
198827324161003520
198827323636727808
198827323536060420
198827323812888576
198827323938709504
198827324567851008
198827324706263040
198827324202954752
198827323649310720
198827324744019968
198827323951292416
198827325641601025
198827325712908288
198827325465427969
198827326040059905
198827326597906432
198827326799224833
198827327138971649
198827327222853632
198827327310929921
198827327113801728
198827327453536256
198827327923306496
198827327948468225
198827328225288192
198827328292405248
198827326421737473
198827327768113152
198827328221085696
198827327768109057
198827328967684096
198827329328386048
198827329668136961
198827329810743297
198827329827516418
198827329722658816
198827330049806336
198827330754461697
198827330351800320
198827331014500352
198827331438133248
198827331056443392
198827331798831105
198827332029526017
198827331547176960
198827331954020352
198827331920470017
198827331727536128
198827332348297218
198827331673006080
198827331454910465
198827332507680768
198827331391983616
198827332625104896
198827332591554561
198827332763521025
198827332717387780
198827332700618754
198827332729974784
198827332553805825
198827332369256449
198827332671242240
198827333044539392
198827333443002368
198827333107462145
198827333749194752
198827333854044164
198827333921161216
198827334579658753
198827333824688128
198827334516740097
198827335103950848
198827335301074945
198827335368196097
198827335431102464
198827335611457536
198827335837945856
198827335426912258
198827336085413888
198827336228028417
198827336207056896
198827335682760704
198827336274149376
198827336337076225
198827336987189248
198827337125597184
198827337477926912
198827337326923778
198827337637314560
198827338199339009
198827338266447873
198827338002219009
198827338543271936
198827338669101058
198827338585214977
198827339315032065
198827339713482752
198827338660712449
198827339214368768
198827340162269184
198827340317462528
198827338723627009
198827340824973312
198827340971773953
198827340841750529
198827340690751490
198827341164716034
198827340518797312
198827341726756864
198827341491875840
198827341558976512
198827342129410049
198827342020354048
198827342028742656
198827343349956608
198827343308013568
198827343098286080
198827343412854786
198827343358332929
198827343618375681
198827343358341120
198827343496757248
198827344062971905
198827344528539648
198827344511766528
198827344813768704
198827344897646592
198827344947982336
198827345505812480
198827345879109632
198827345870733313
198827345916854272
198827346185306114
198827345816199168
198827346302738432
198827346390814721
198827346067861504
198827346642481153
198827346738950144
198827345296101376
198827346814443520
198827347867222016
198827347527475200
198827347405836289
198827348227928067
198827348487979011
198827348525715456
198827348668329985
198827348584448002
198827348601221121
198827348802535424
198827349163245568
198827348748017664
198827348957728768
198827349511380992
198827349146480640
198827349523968001
198827349507186688
198827349771436032
198827349238747138
198827349960179713
198827349511380993
198827349406519296
198827350220226561
198827350543183872
198827350589308928
198827350220222465
198827350421540864
198827350421536769
198827350375411712
198827349775618049
198827350463492096
198827351193288706
198827351499481088
198827351457538049
198827350383800321
198827351860183040
198827351910522883
198827352078299136
198827351453343744
198827352225103874
198827352325750784
198827352787128320
198827353143640068
198827352820678657
198827353022009344
198827353584058368
198827353412079619
198827353672130562
198827353814745089
198827353948958720
198827353475002369
198827353961545729
198827354255138817
198827354095751169
198827354557124610
198827354699735042
198827353974120448
198827352761958400
198827355089801216
198827355354038273
198827355106586626
198827354733293569
198827355685388288
198827355681206273
198827355823804416
198827356117413888
198827355693793281
198827355496656897
198827356104835072
198827355689590784
198827355781865473
198827356343910401
198827356352299008
198827356784295936
198827356679438336
198827357140828162
198827356822052864
198827357509922816
198827357031759872
198827357853843456
198827358004850689
198827358214569984
198827358197788674
198827358067757057
198827358701096960
198827358344589312
198827358910820353
198827358877261825
198827358764023808
198827359204425729
198827359405748224
198827359611260929
198827359024058369
198827359460270081
198827359770656769
198827358696910848
198827359384780801
198827360089411584
198827360232013824
198827360429154305
198827359019868160
198827361213497346
198827360630476800
198827361469349888
198827361154777088
198827360705978368
198827361863606273
198827360341073922
198827362018799616
198827361632923649
198827361989443584
198827362442416128
198827362056544256
198827362333372416
198827362455007232
198827362702462976
198827362824105985
198827362299822082
198827363038003201
198827363352576001
198827364011094017
198827364338237443
198827363948167168
198827364577320960
198827364682186753
198827364673794049
198827364682174464
198827364791230467
198827364631851008
198827365504253952
198827365500071937
198827365357465600
198827365609123840
198827365491683330
198827365898522625
198827365638471680
198827366481530881
198827366422810624
198827366682861568
198827367098097665
198827367131652098
198827366951292928
198827367509147648
198827368041807874
198827367148429312
198827368100536320
198827367899213825
198827368389943297
198827368389939200
198827368645799937
198827368876478465
198827369224613888
198827369363030017
198827368729677824
198827370101227521
198827369987973121
198827370319314944
198827370310934529
198827370084438016
198827370638086145
198827370738757632
198827370831028224
198827370403217408
198827370889740288
198827371153997825
198827371544064000
198827371896389633
198827371795714048
198827372835897345
198827372772990977
198827373091749888
198827373444071425
198827373779619840
198827374224216065
198827374463287296
198827374652035073
198827374652047361
198827374874337280
198827374668812288
198827374991785984
198827375880962049
198827375776112643
198827376325570561
198827376971493378
198827376942137344
198827377130876928
198827377252503552
198827377491591168
198827377650962432
198827377873256448
198827377441247232
198827378036842498
198827377999089664
198827377688711168
198827378103947264
198827378556944385
198827373372768257
198827378686951424
198827372131254274
198827371569221634
198827378351415297
198827378737287168
198827379026690049
198827379387408384
198827379039285248
198827379467100160
198827379504852992
198827379651653634
198827380050112512
198827380280795139
198827378238169088
198827380373061633
198827380490514432
198827378825367552
198827380993830912
198827381165785088
198827380524056576
198827381316784128
198827381220315136
198827381392285697
198827382205976576
198827382424080384
198827382159851522
198827382428270593
198827383338450945
198827383464271874
198827383166472192
198827384227635201
198827384416382977
198827385360101377
198827384844193792
198827385469149185
198827385490120704
198827384949055488
198827385485934592
198827385913737216
198827385909551106
198827385947295744
198827382369554434
198827381929160706
198827385259433984
198827385234276353
198827386287030272
198827386702270464
198827386781970436
198827386505138177
198827386911981568
198827386899398656
198827387268513792
198827387855712256
198827387763425280
198827388027670528
198827388791046145
198827388874919936
198827388333858816
198827389193699328
198827389478895617
198827389650862080
198827390087077888
198827390565220352
198827391135657985
198827390808506368
198827391215349763
198827390976274432
198827391542493184
198827391718653953
198827392603656192
198827392553336835
198827392981147648
198827392771428352
198827392700137473
198827393325088769
198827393706758145
198827393996165121
198827393392189440
198827394197499904
198827394986029056
198827395342540800
198827394285584384
198827395514503168
198827395426430976
198827395548053505
198827395820699649
198827395770363904
