198779581526851584
198779583108091904
198779583435259904
198779585112965120
198779583963729920
198779585675001856
198779585733738497
198779586539028481
198779587486949377
198779588602630144
198779589496016896
198779586216067072
198779590058061825
198779590955634689
198779592847265792
198779593199583232
198779594063609856
198779594688573440
198779594311090180
198779594252365825
198779596265627650
198779596110434304
198779596659888128
198779597028995072
198779597540700160
198779597758808064
198779599725924352
198779601575608322
198779601831460865
198779604054454272
198779605493088256
198779606873022464
198779607015632896
198779609402179584
198779609611907075
198779607221145600
198779610593370112
198779611595816960
198779612896043008
198779613118332928
198779613369999360
198779614062067712
198779613881708545
198779616008220672
198779617258115074
198779617488797696
198779616247291905
198779617992126466
198779619384639488
198779621825724418
198779622886875136
198779623465689088
198779623104987136
198779623453106176
198779624623312896
198779624682041346
198779625365704705
198779625483145218
198779626292645888
198779627433504770
198779628419166208
198779628788252672
198779628402384896
198779628658241536
198779629849427969
198779626259091456
198779631082545153
198779631992717313
198779632839950337
198779633263587329
198779634001784833
198779635532701698
198779636468035586
198779636300251137
198779636778401792
198779637642428416
198779637789237249
198779638401605632
198779638871371776
198779637969584128
198779640066744320
198779640574246912
198779640846876672
198779641136291841
198779642017087490
198779643212464129
198779644193947649
198779644487544832
198779646081384450
198779645666148353
198779645871661058
198779645083136000
198779647608094720
198779643678031872
198779647868141570
198779648388247553
198779651043241984
198779651357814784
198779653543034882
198779653970857985
198779654289620992
198779652762906625
198779654507741184
198779655422099456
198779657217253376
198779660631425024
198779660178427905
198779661285724162
198779661633855488
198779662250418178
198779662351077376
198779662338490368
198779662304944130
198779662892150785
198779662384627712
198779660178436096
198779664293048320
198779664796356608
198779665387765762
198779665589080065
198779667199705088
198779668357316608
198779669414289409
198779669745643520
198779670756458497
198779670374780929
198779672568401921
198779671947644929
198779675202437121
198779675185659906
198779675546353666
198779675152097283
198779675684782081
198779678465593346
198779681598750721
198779682567634944
198779683536519168
198779683687505922
198779684060794880
198779684694142976
198779684094353408
198779684673167360
198779685168087040
198779677941309440
198779683846885376
198779685088395264
198779687500120065
198779686757740544
198779687974080513
198779690272555008
198779692751396864
198779696786325504
198779696866000897
198779696853422080
198779697843286017
198779698510184450
198779698766032896
198779700083048449
198779700540211201
198779701009985536
198779701664288769
198779702104702976
198779703727890432
198779704264761345
198779706055729152
198779703925026816
198779708408725505
198779708761055233
198779708387758082
198779709339860993
198779708865908738
198779710262624256
198779710484905984
198779710883377152
198779712145854466
198779712431063041
198779712540114944
198779712951164929
198779713152495616
198779713047625729
198779715849420801
198779716273061888
198779716965117953
198779717195800576
198779718160498689
198779718990966784
198779720807088128
198779721247494144
198779721620795392
198779722442878976
198779722132504576
198779722585473024
198779724657463297
198779725991256064
198779725466976256
198779728650440704
198779728864346112
198779729241833479
198779731234144256
198779731473207296
198779732068798464
198779734325346304
198779734014951424
198779734220472320
198779735596216321
198779736305049600
198779737135521792
198779737366208515
198779737085194240
198779738112798721
198779738821623808
198779738922295296
198779739735986176
198779740398690304
198779741338218498
198779741858316288
198779743833829377
198779744387473411
198779744190345217
198779744408453121
198779745759014912
198779747126353920
198779747529007105
198779748179116032
198779748942491649
198779749475155968
198779749152194561
198779750091730945
198779749798133762
198779752562167808
198779753078067203
198779753287786496
198779753812074497
198779753585586176
198779755913412608
198779756399960065
198779757549207553
198779757377228800
198779757712773120
198779758945902592
198779759486976001
198779761277931521
198779760862699521
198779762200674305
198779762863390720
198779763819687936
198779764176191493
198779764868251649
198779765140881408
198779765354799104
198779770362789889
198779769981112321
198779771025498112
198779770987749376
198779770098561024
198779771302313985
198779773718249472
198779774758424577
198779774515154944
198779775257550848
198779775387582465
198779775643435009
198779775937028097
198779776427757568
198779776448729088
198779776721367041
198779776683606016
198779779313446912
198779779296665602
198779778864644097
198779779414097920
198779783084126208
198779783839096833
198779784237547524
198779785336463360
198779785806217218
198779786791882752
198779787488145408
198779788041793536
198779788889030656
198779788750635011
198779790772285440
198779791862804480
198779792533880833
198779792458391552
198779791523065856
198779793272090624
198779793314033665
198779794127728640
198779795553796098
198779796807892992
198779797244100608
198779801639731202
198779802134642688
198779802965123073
198779803468439552
198779803531362305
198779804097593344
198779802587631616
198779804328271873
198779804395388928
198779804588326912
198779804751888384
198779804512817152
198779805003554816
198779805938884608
198779805745942528
198779807234924545
198779808065388544
198779808170254337
198779809709555712
198779809701167105
198779811408257024
198779811290812419
198779814201667586
198779814176493568
198779816298815489
198779817242525697
198779816152023040
198779815170539520
198779818429517824
198779819033501696
198779819968823298
198779820111429632
198779819943665666
198779820958695426
198779821923377152
198779822527361025
198779822003064832
198779823479455746
198779825232691200
198779825178161154
198779826604224513
198779827422105601
198779827233361922
198779828881723392
198779828017692674
198779831608016896
198779832136507394
198779832715313152
198779832497213442
198779831377334273
198779832664993792
198779832325251073
