198822868824489984
198822869042593792
198822868941938689
198822869218758657
198822869994717185
198822869403316224
198822869650767873
198822870107955203
198822870879707137
198822870531588096
198822871563378689
198822871286550528
198822871181705216
198822872368676865
198822872611962885
198822871282356225
198822872792313856
198822873870254080
198822872586792962
198822871651463169
198822871622094849
198822873161408512
198822874524561408
198822874797178880
198822874805567489
198822874537144320
198822876185509890
198822875497635840
198822875552169986
198822874960756736
198822874830737408
198822876298743808
198822876575580161
198822876357459969
198822876479107073
198822877468962817
198822877217296384
198822877703839745
198822878123274240
198822876936286209
198822878584647680
198822877875814401
198822878454628353
198822878689505281
198822879637409792
198822879792603137
198822879729688577
198822880849575938
198822880530800640
198822878978899970
198822880568557568
198822881113800705
198822881155760131
198822881340309505
198822881080258560
198822881361268737
198822881419984896
198822881013141504
198822881487110144
198822880958627841
198822882044944385
198822882141409280
198822881168326657
198822881491288065
198822881893957632
198822882908971008
198822883093520385
198822883361947650
198822883215155201
198822883781394434
198822883856891904
198822883366158338
198822883605217281
198822883756216323
198822883806552066
198822883680722946
198822884150493184
198822884725100545
198822884217602048
198822884683165697
198822885656248321
198822885396185088
198822885920477184
198822885979201538
198822886197297152
198822886272811008
198822886499291137
198822887161999360
198822888038612992
198822888151851009
198822889179463680
198822889280118785
198822889464668160
198822889691156483
198822889238171648
198822889431117827
198822889837953027
198822889556946945
198822889611460608
198822890576150528
198822890819432448
198822888755830784
198822891234668548
198822891142385665
198822891373072385
198822891113029632
198822891381469185
198822892392284160
198822892547473410
198822892681703425
198822891939311616
198822892484571136
198822893029826560
198822892807532544
198822893084356609
198822893679943680
198822893398917120
198822894250369025
198822893906436099
198822894103560193
198822894371995648
198822894887911424
198822894959202304
198822895160541184
198822896049729536
198822896125218816
198822896116830208
198822896704045056
198822896624345088
198822896523673600
198822896615952384
198822897433853954
198822897391902720
198822897312206848
198822897308024832
198822898281095169
198822897891033089
198822899023486976
198822899086393345
198822898755043329
198822899052847104
198822899551961089
198822900332118018
198822897354158081
198822896884387840
198822900390834176
198822897274454017
198822901321961472
198822901602983936
198822901783334912
198822902462824448
198822902420865024
198822902269870080
198822902844506112
198822903154868225
198822903154880512
198822903410728960
198822903880482816
198822903788216321
198822903565922304
198822904501252097
198822904446717952
198822904501256193
198822904966819842
198822905222676480
198822904899706880
198822906019577856
198822906598395904
198822906837483520
198822907009445889
198822907286257665
198822907714084864
198822908473262080
198822908083179521
198822908498427905
198822909387603969
198822909022711808
198822909546987520
198822908938817536
198822909677015040
198822909953851392
198822910763343873
198822910297772033
198822911207931904
198822911577030657
198822912822755328
198822913586106369
198822913166680064
198822913695166465
198822912193609728
198822913367998464
198822913623855104
198822914395619329
198822914110390274
198822913007296512
198822914697601024
198822914701795329
198822914290749441
198822914987008003
198822914999582720
198822915909746688
198822915943301120
198822915997827072
198822915867803648
198822916077522944
198822917306454016
198822916861870080
198822917834944512
198822918011092992
198822918178873344
198822918195642368
198822918531203074
198822918317281280
198822918908690433
198822919126781953
198822919420391426
198822918946430976
198822916991881218
198822919378444289
198822919642681344
198822919751741440
198822918648635392
198822920259256321
198822919919509504
198822920812892160
198822920804503553
198822921328791553
198822922041835521
198822922075389952
198822923245588480
198822923031691265
198822923463696385
198822922922635264
198822922691952642
198822923694383104
198822922712920065
198822924201889794
198822924755533824
198822924449366017
198822924520660992
198822925044948992
198822925699252224
198822926437453825
198822926148055042
198822926399700992
198822926869463041
198822927129522180
198822927259533312
198822927364395009
198822926722678784
198822926999486464
198822927720910848
198822927318253570
198822927695749121
198822927532163072
198822927611871232
198822928207446016
198822928522035200
198822924310949888
198822928232628225
198822927523782656
198822929398640640
198822929725800448
198822929415421952
198822930011004930
198822930350739456
198822930367516672
198822930765987841
198822930279436288
198822930463997952
198822930413666306
198822930430427136
198822930640142337
198822931332218881
198822931508367361
198822931894239233
198822931537735681
198822931470630912
198822932439511040
198822932435304448
198822932544360448
198822932326260736
198822933139947520
198822932636631040
198822933395804160
198822933316116480
198822933005737986
198822933047681025
198822933093814275
198822933672628226
198822933722959874
198822934196924416
198822934184341507
198822934507307008
198822934163361793
198822934788317184
198822935270653953
198822935581032448
198822935211937792
198822935178379265
198822935111286786
198822935471984640
198822935576838145
198822936340213761
198822936348602369
198822937707556866
198822937694961664
198822938219253762
198822938269589504
198822936491200512
198822938500272128
198822939561439233
198822939653709826
198822939653709825
198822939951505410
198822940131860480
198822940349972481
198822940769398784
198822940610011137
198822940379316225
198822941851533312
198822941914431489
198822942417764353
198822942761689088
198822942661017602
198822942996566017
198822943231442944
198822943374049282
198822942740709377
198822943717982209
198822943852216320
198822943692828672
198822944149999618
198822943676039168
198822944644927489
198822944397467654
198822945190195201
198822945336995840
198822945408303105
198822945731260416
198822945076940801
198822946893086721
198822947106983936
198822947488665600
198822948197515264
198822947786469376
198822947648045056
198822948981846016
198822948763742208
198822948801478656
198822949195743232
198822949363531777
198822949933957121
198822949749399552
198822950126882816
198822950378541056
198822950353383424
198822950164643841
198822950974132224
198822950953168899
198822951032864768
198822950378549248
198822951506812931
198822951477444608
198822952014315521
198822951821389824
198822951305494529
198822952089825280
198822951926243328
198822952224034816
198822950340804608
198822952941273088
198822952039485440
198822953083871232
198822952668635137
198822954145021953
198822954761584640
198822954405072897
198822955654983681
198822955189415938
198822955449454595
198822952958033920
198822956602896384
198822956770660354
198822953566216192
198822957181698049
198822958062518272
198822958041534465
198822956217024512
198822957664051200
198822959215947778
198822959002042369
198822959543095296
198822959824125952
198822960021258241
198822960285483008
198822960189018112
198822960239345665
198822960138698752
198822960553922560
198822961229205505
198822961371807744
198822962135175168
198822961824792576
198822962399424512
198822962005155841
198822962428784641
198822962235838465
198822962651086848
198822963271831552
198822962739163137
198822961485066241
198822963133419523
198822963607384064
198822963812896769
198822963892596737
198822964072947713
198822964114882560
198822963951308800
198822964320411648
198822964731445248
198822964542701568
198822964660158464
198822965427707904
198822965515784192
198822965482242049
198822964924395520
198822965792620545
198822966442721281
198822965809381376
198822966253981696
198822965058613248
198822965989752833
198822966908297216
198822967512268800
198822967583588352
198822968472772609
198822968233693185
198822968778960897
198822965448675328
198822968992862208
198822969412304896
198822969559093249
198822970267926529
198822969810747392
198822969638785025
198822970628636672
198822971530416128
198822970892881920
198822971844997121
198822970624458752
198822971412975616
198822971752710146
198822971840790528
198822972960677888
198822968749592576
198822972860022784
198822973828890625
198822973896007680
198822973573054464
198822973782753282
198822973929570305
198822973795340288
198822973896003584
198822974898442240
198822974781014016
198822975225602049
198822974940381185
198822975540183040
198822975741497344
198822976756514817
198822976815235072
198822976387420160
198822975343050752
198822976957849600
198822977737981952
198822977817690112
198822977985458176
198822977993850880
198822978627190784
198822978073542656
198822978245509121
198822978555879425
198822978757197825
198822978950135809
198822979373764608
198822979658981376
198822979667369986
198822980007104512
198822979449266176
198822980275548160
198822981076652032
198822981231845377
198822980841779200
198822981730963457
198822981852598272
198822981919707136
198822981890355200
198822980925652993
198822981890342912
198822983333191680
198822983807143936
198822984323047424
198822984205611008
198822984213995520
198822984692154368
198822985015099392
198822984734089216
198822985631666177
198822985744908290
198822985237413888
198822985048662019
198822986021740544
198822985904308224
198822987410046977
198822987569434625
198822987615584256
198822987963707393
198822988227936257
198822988341194752
198822988357963776
198822988626403328
198822988357963777
198822988974530564
198822988513148928
198822988886446080
198822989410729984
198822989062602757
198822989154893824
198822989490425856
198822989716926466
198822989452689409
198822989821788160
198822989951803392
198822989867925504
198822990262190080
198822990014713857
198822990840991744
198822990287343617
198822991453368321
198822991306567681
198822991910547459
198822992380301313
198822991583391745
198822992967516160
198822993043001344
198822993349189632
198822993487593474
198822994326462464
198822994674593793
198822993869283329
198822994951421952
198822995471499266
198822995081445377
198822995056263168
198822995433762817
198822996364886016
198822996209709056
198822996750778368
198822996360704001
198822996587188225
198822996687851521
198822998352998401
198822997870657537
198822998323630081
198822998608846848
198822998298468352
198822998961172480
198822999246372864
198822999892303873
198822999250567168
198822999565139968
198822999703560192
198822996759150594
198823000534032386
198823000651481089
198823000504672256
198823001498726402
198823002937360384
198823002522128385
198823002958340097
198823003285499904
198823004090810369
198823004334063618
198823004493447168
198823004573138944
198823004472479744
198823004627673088
198823005818863617
198823005030322176
198823005613342720
198823005479120896
198823006053744640
198823007660146688
198823007362363392
198823008092172288
198823007886643201
198823008553545729
198823008398348290
198823008733892609
198823007333003264
198823008855523328
198823008842944513
198823009971212288
198823009757306880
198823010008961024
198823010638106624
198823010852016131
198823009102991362
198823010776518656
198823010898157568
198823011229503488
198823009014906881
198823011804123136
198823012106117121
198823011787358210
198823011753791489
198823009346273281
198823012311633922
198823012169035776
198823012567482368
198823012601049088
198823012991115265
198823013179863041
198823013414748161
198823013276332032
198823012169039872
198823013725110272
198823013989363712
198823014962446336
198823014895325184
198823013171474432
198823014551388161
198823015411232770
198823014995992577
198823012101926912
198823016162009088
198823015843241985
198823015058907137
198823016468189184
198823016635961344
198823017227370498
198823017177038848
198823018024288259
198823018196242432
198823017671966722
198823018473078784
198823018745704449
198823019668443138
198823019257401344
198823019660050433
198823019416788992
198823019337101313
198823019773304833
198823019983028225
198823019492282368
198823019869777923
198823017743261696
198823020352122880
198823021773991936
198823021761404928
198823022046613504
198823022507982848
198823022189232128
198823022159855616
198823022390546432
198823022407327746
198823023053246464
198823023363637248
198823024424796161
198823024642887680
198823024282189824
198823024974249984
198823025011994624
198823021681717248
198823025485938688
198823025972486144
198823025792135168
198823026534522880
198823025993457664
198823027033640961
198823027503411200
198823027306270721
198823027771846656
198823027293700099
198823027700531203
198823028111589378
198823028463906816
198823028237418496
198823027675365376
198823028661030912
198823028510035969
198823030338764800
198823030229696513
198823030900789248
198823031454449664
198823030980493315
198823030850461696
198823031848710144
198823031903223809
198823031903232000
198823032490434561
198823032066818049
198823032410746881
198823032230395904
198823033073442818
198823032930836483
198823033371230208
198823033710968833
198823033916489728
198823033685803010
198823034537254913
198823034142982144
198823034742784001
198823034461757441
198823034843443200
198823034965069829
198823032544968704
198823035367727105
198823032444293121
198823035950731266
198823037083205632
198823034109427712
198823036626010112
198823037397766144
198823037821386752
198823037519405057
198823037771055105
198823037448110080
198823038362468352
198823037972381696
198823038454730752
198823038706388992
198823038874161154
198823038857379840
198823039297781760
198823039553650688
198823039989841922
198823039582994433
198823040715456512
198823040799350786
198823041122308097
198823041080365056
198823041130700800
198823041759850499
198823042120560641
198823042422554625
198823042103787520
198823042732924928
198823042959413248
198823043282386945
198823043475308544
198823043353677824
198823043592765443
198823045014630400
198823044892983297
198823046113542146
198823045517942784
198823046344212480
198823045895430144
198823045614411776
198823046293893121
198823045769609216
198823046340022272
198823046692347906
198823046595883010
198823047325687810
198823047162118144
198823047292141568
198823047992582146
198823048038719490
198823048646893568
198823048831442947
198823049066315777
198823049137618945
198823049540284416
198823050496573440
198823050978922496
198823050794385410
198823051041845249
198823050790178817
198823051402547202
198823051813601281
198823051691954176
198823051222200320
198823051981357059
198823051478044675
198823052321095681
198823052555976704
198823052010717184
198823052363051008
198823052908306434
198823053487112193
198823054174994432
198823054183366656
198823054644752384
198823054158217216
198823054682497024
198823054179180544
198823054510538752
198823055122898944
198823055437467649
198823055672356864
198823055613632514
198823056230199296
198823055647191040
198823056628645888
198823057186496512
198823057819844608
198823058151194624
198823057924694018
198823058042126336
198823058587389952
198823058025365504
198823058297982976
198823058750976000
198823060105740288
198823060692942848
198823060885868545
198823059724058624
198823061632454657
198823061569536000
198823061166899200
198823062840418304
198823063113048064
198823062857191426
198823063742201856
198823064383913985
198823064144842754
198823064325201921
198823064476196864
198823065629638657
198823066137145347
198823066355236865
198823066430738433
198823066439127042
198823067080863744
198823068116856832
198823069396123648
198823069211566080
198823069580673024
198823069765214209
198823069584859136
198823070297899010
198823071174496257
198823071161909248
198823071539404802
198823071837196288
198823072088866818
198823071732338689
198823071623282688
198823072432799746
198823071065452544
198823072776724484
198823072483115009
198823073368117248
198823072780922880
198823073737216001
198823073762385920
198823074227953665
198823074714492928
198823074341195777
198823074139873281
198823074991308801
198823075071008769
198823075867922433
198823076442554369
198823076694204417
198823077105246211
198823076752920576
198823076736143360
198823077562421250
198823077428211713
198823078736826370
198823078158024704
198823079139483648
198823079458254849
198823080246779905
198823080775266304
198823081530228736
198823080213221376
198823081194692608
198823080603299840
198823081580560385
198823081668640768
198823081672851456
198823082322964481
198823081962242049
198823082524286977
198823082348122113
198823083128258560
198823083304423425
198823084063604740
198823084805988352
198823084986347520
198823084524978178
198823084847931394
198823085019906051
198823085053456385
198823079965769729
198823085519024128
198823085628063744
198823085795852288
198823085972000768
198823085699371008
198823086374649857
198823086169128961
198823087175778305
198823086945087488
198823087670697984
198823086244642816
198823088048181248
198823088312418304
198823088568270849
198823087649726464
198823088429867008
198823088610217985
198823089319051269
198823089377775616
198823086236237824
198823088975134720
198823089113530368
198823089918844928
198823090464096256
198823090174693376
198823090598313984
198823090631868416
198823091328135170
198823091063894017
198823091416211456
198823092129251329
198823092334755840
198823092619980801
198823092791943168
198823093563686913
198823093785997312
198823094264135682
198823094356426752
198823094792634369
198823095035904000
198823094952017921
198823094637445120
198823095119777793
198823095602118657
198823095845392385
198823096055115776
198823095421763585
198823095597928448
198823096038338561
198823096076087296
198823095996383232
198823091571396608
198823095199481856
198823097174982656
198823097766391808
198823098248740865
198823097527312384
198823098521366529
198823098663976961
198823098676559872
198823098286481409
198823099154694144
198823099389583360
198823099188264961
198823098651377664
198823099175677954
198823099817410562
198823096608763905
198823100094218241
198823100303945728
198823101021171712
198823100698210305
198823101277016065
198823100324913152
198823101742583808
198823101419634690
198823102023598082
198823102694703105
198823103042826242
198823103072174080
198823103399333889
198823103479033856
198823103558717441
198823103021858817
198823103822958593
198823105160945664
198823105366466561
198823105114816513
198823105106427904
198823105634910208
198823105328709633
198823106213720064
198823106213720065
198823105714601984
198823107740442624
198823108122124288
198823108721909763
198823108235370496
198823108440891392
198823109040668674
198823109636272129
198823109883736066
198823110303170560
198823110693236736
198823111175569408
198823111586611203
198823112215756800
198823111980875776
198823112228339714
198823112714887171
198823113834766336
198823111280427008
198823113046241280
198823114560376833
198823114279362560
198823114728148994
198823114816229377
198823115709620226
198823115244060673
198823116112281600
198823115910942723
198823116573638658
198823117852901377
198823118226198529
