198832430084390912
198832430436720640
198832431053283331
198832430663217152
198832431065858048
198832432529670144
198832433133654016
198832432533876737
198832433645355008
198832434043826176
198832434199007233
198832434219974656
198832434266116096
198832435864154112
198832437306990592
198832436585574401
198832438175207428
198832437332156416
198832436514263042
198832438951157760
198832438976331776
198832438749827075
198832440356257792
198832441270611968
198832442495352832
198832442533097472
198832443120300032
198832442562457600
198832443753639936
198832443808165889
198832444210810880
198832444579917824
198832445112594432
198832445800448000
198832445964038144
198832446215696384
198832446752571392
198832447499153408
198832449046839298
198832449256570881
198832449059438593
198832449587904512
198832450137374720
198832449894092800
198832450724569089
198832451798319104
198832451638919168
198832452318396416
198832452289040384
198832452100292612
198832452008017920
198832453492813824
198832453484421120
198832454704963584
198832455149568001
198832455178928129
198832452565864448
198832455904534530
198832456273633283
198832456164585472
198832455862599681
198832456571437058
198832456336547840
198832456986664960
198832457632587776
198832458014277632
198832457137651713
198832458945404928
198832458509197313
198832459041878016
198832459419369475
198832459436142592
198832459759095808
198832459461308416
198832460182728704
198832459922673664
198832460430184448
198832461499731968
198832461088690177
198832461122240512
198832461776564224
198832462258905088
198832462695120899
198832462787395584
198832463420723201
198832463143911424
198832464423161856
198832464997793792
198832464758714368
198832465584992256
198832465706627072
198832465748557824
198832466310598656
198832466499338241
198832466344148992
198832467329818624
198832467149455360
198832467891851264
198832467925401601
198832467967344640
198832468390973440
198832468479053824
198832468667805697
198832470857232385
198832470307778560
198832470152589312
198832470827872256
198832471406673920
198832472119717889
198832472698535936
198832472996327424
198832473176674304
198832473587728385
198832473944227840
198832473541591041
198832474195890176
198832474296557569
198832475089281024
198832475022172160
198832475106062336
198832475915563008
198832476062363648
198832472916623360
198832476456615936
198832476699897856
198832477215801345
198832475374485504
198832477542957057
198832477484236800
198832476511158272
198832478444724224
198832479069679616
198832479073861632
198832477639413760
198832479824642048
198832480038563841
198832480135032832
198832480151810048
198832480365707264
198832480726425600
198832480864845824
198832481041002497
198832481452032001
198832481946972162
198832482194440194
198832481884057602
198832482462867456
198832482311864320
198832482181857280
198832482924236801
198832483146534913
198832483347869697
198832484245442561
198832484560027649
198832484727787520
198832484899762176
198832485184978945
198832485117857793
198832485218533376
198832484652302338
198832485784756224
198832486367772672
198832488242610176
198832488280375296
198832487722524673
198832488406188032
198832489538658304
198832489819672576
198832490377515010
198832489840648192
198832490067144704
198832491233165312
198832491610652673
198832492889903104
198832492264960001
198832492881518594
198832493091229697
198832493481295872
198832493489688580
198832493842018305
198832494764752896
198832494177554432
198832494815100929
198832494924144640
198832495481987072
198832495712669696
198832495398105088
198832495305834497
198832496874500096
198832497205854209
198832497423941632
198832497608499200
198832497805627392
198832497688190976
198832498522857473
198832498908733440
198832500011827202
198832500712275969
198832501123334144
198832500783591424
198832501165264896
198832502092214275
198832501798612993
198832502150926336
198832503035928576
198832503308550144
198832503451168769
198832503979646977
198832504441024512
198832505082748928
198832505493790721
198832505795784704
198832506395561984
198832506655612928
198832507905515520
198832507234426880
198832507221843969
198832505065963521
198832508392054785
198832508433997825
198832508438183938
198832508534669314
198832509197369344
198832509021196289
198832510526947330
198832510568890369
198832510128496641
198832511026081792
198832511042863104
198832511986569216
198832511856558080
198832513349718018
198832515090350080
198832515170058240
198832514851282945
198832515849527296
198832516239605760
198832517573378049
198832517468536832
198832517711806464
198832518982664192
198832519628591105
198832519737638912
198832519431462913
198832519410491392
198832520278712321
198832520173850625
198832520773644288
198832520849137664
198832520861720576
198832521503449088
198832522933710849
198832523185373184
198832523340550145
198832523692871681
198832524313640961
198832519699906561
198832524020027392
198832524317827073
198832524615622656
198832524275884032
198832524779204608
198832525064417281
198832525517402112
198832525458669568
198832525437714432
198832525962002433
198832525970391040
198832525613871104
198832526322708480
198832526704394240
198832526846996480
198832526347862017
198832527660683264
198832527769739264
198832528042373121
198832527899762688
198832528113668096
198832528235311105
198832529229365248
198832529325826048
198832529174839296
198832529359380480
198832530785435648
198832530894503936
198832529858498561
198832531196489728
198832531649462273
198832533725646848
198832533444628482
198832533281062913
198832533876654081
198832534149267457
198832535084613632
198832533683716098
198832534975545346
198832535315292162
198832535659225088
198832536414195712
198832536833622017
198832538221940738
198832538117079040
198832538603630592
198832538859479042
198832538607816704
198832538830114816
198832539778027520
198832539941613569
198832540096794624
198832539387953154
198832539413118976
198832539257933824
198832539887087616
198832540272955394
198832540323287040
198832540734328834
198832540679806977
198832541548036100
198832541631918080
198832541799694337
198832541929701376
198832542634352640
198832543028613120
198832543187996673
198832542919565312
198832544412745728
198832544869908481
198832545469706241
198832544450486273
198832546392440832
198832546644103172
198832546409218048
198832546904154112
198832547612987393
198832548145668096
198832547466194945
198832548787404803
198832548967747585
198832549802409986
198832549693370368
198832550016327680
198832550037307394
198832550632898560
198832551018758145
198832550821629953
198832551056523265
198832551538868224
198832551165558784
198832552067338241
198832551912161281
198832552079925248
198832551941509120
198832552704884738
198832552788766720
198832552130260994
198832553048805377
198832552696479746
198832552654540801
198832553254322176
198832550645469184
198832553812176896
198832553778626560
198832554592309248
198832555410194433
198832555858993153
198832556119048193
198832556236484609
198832556534272000
198832556672696321
198832557029195779
198832557616406528
198832557444440064
198832557943558144
198832557914198017
198832557939367936
198832558484635649
198832558841147393
198832559512240128
198832559747108866
198832560250433536
198832560908943361
198832561521299457
198832561580032001
198832562221748224
198832562280476672
198832561991069697
198832562699902978
198832562636988416
198832563081580546
198832563219996672
198832564067246081
198832564096606210
198832561429024768
198832563593297920
198832563735904257
198832564801253376
198832565501689856
198832565547831296
198832564193075200
198832565996634113
198832566608998400
198832566101483520
198832565791113217
198832566386696193
198832567368167425
198832567485612032
198832566474768385
198832567816945664
198832567686926336
198832567795978240
198832567993114625
198832568580313088
198832568676790272
198832568802623489
198832568836165632
198832568358027264
198832569146548224
198832569150738432
198832569154928641
198832569620500480
198832570165772291
198832570383867904
198832570887192577
198832571742818304
198832571856060416
198832571906392064
198832572984332288
198832573013704705
198832573722533889
198832573693177856
198832573869342720
198832574846615553
198832574733361152
198832575920357376
198832576188788736
198832576440446976
198832576792772609
198832577795207169
198832578101395456
198832578466299906
198832578952830977
198832579422584832
198832579753951232
198832580257267713
198832581150638080
198832581364563968
198832581398106112
198832582119534593
198832582870315009
198832583121973250
198832583117774848
198832584212492288
198832584367681536
198832584527052800
198832584975843328
198832584703217665
198832585370124290
198832585722445825
198832585374310400
198832587475652608
198832587836375041
198832587811201026
198832588482281472
198832588868173825
198832589300183041
198832589719605250
198832590633963520
198832590344556547
198832592445898753
198832592429137922
198832593582559232
198832593557405696
198832593918099457
198832594324946944
198832593880354816
198832593918099456
198832594211708928
198832595637776385
198832595771985920
198832595927175169
198832596027842563
198832595721658368
198832596283691008
198832596774424576
198832596308869120
198832597365833729
198832597344862208
198832597709750273
198832597881720832
198832597567148033
198832598431174656
198832599244877824
198832600125681665
198832599572033537
198832601379770368
198832601790820352
198832601828573184
198832601514000384
198832602994581504
198832603338514432
198832603632119808
198832603602751488
198832604814905344
198832605926391808
198832606756880384
198832607260196866
198832607427969024
198832607608315904
198832608401035264
198832608455573504
198832608984051712
198832609265061889
198832609114079233
198832609663533056
198832609902604289
198832611047649282
198832612603723776
198832613711036417
198832614025609216
198832613912350721
198832615871086592
198832616441516034
198832616181481472
198832616621871105
198832616898699264
198832617695621120
198832618320560129
198832618207326208
198832618890997763
198832619192979458
198832619713081344
198832620421914624
198832620514181122
198832618421235713
198832620660994048
198832620853927937
198832621374017538
198832621592121344
198832623181758464
198832623416647680
198832623118848002
198832624276471808
198832624259694593
198832624326807552
198832625085972480
198832627141197824
198832627011170304
198832627862614016
198832628437233665
198832628609187840
198832628785356800
198832628999274497
198832630098178048
198832629620023296
198832630563745792
198832631423574016
198832631624900609
198832632115638272
198832632191135744
198832632556036096
198832633151623169
198832633621381121
198832633613000705
198832634196008960
198832633856278529
198832634615447553
198832635336859648
198832635613683712
198832635672399873
198832635668201472
198832635387199488
198832636838416384
198832636695822336
198832636846800896
198832637362708480
198832637324967937
198832637538861056
198832637605986304
198832637551452161
198832638130257920
198832637899587587
198832637400449024
198832639375982592
198832639820566529
198832639422103552
198832639124320258
198832639929618432
198832639522783233
198832641489911809
198832641489903616
198832641779314688
198832642639147008
198832642169389056
198832643679330304
198832643595436032
198832643515744256
198832644799213570
198832645902311424
198832646355304448
198832646774718464
198832647567441921
198832647827501056
198832648758628352
198832649194848256
198832649463271424
198832649735901185
198832649375186944
198832650235023362
198832650318917634
198832650209853440
198832650943868928
198832651203903489
198832648322420736
198832651199713281
198832650792869888
198832651770142720
198832652088913920
198832652269256705
198832652466393090
198832652617383936
198832653129097216
198832654722932737
198832655062671360
198832655347892224
198832656224497664
198832655431770113
198832656060915712
198832656895582208
198832656941723649
198832657000443904
198832657814134785
198832657461821441
198832658074173440
198832658434883586
198832658690752513
198832658569105408
198832659319881728
198832659596705792
198832660100022275
198832659588317185
198832659986788352
198832660968259584
198832660636897280
198832660355891200
198832661224108033
198832661563834369
198832661840670722
198832661475753984
198832662641774594
198832663187046400
198832663937810432
198832664583749633
198832663942008833
198832666425032705
198832665804283907
198832666873823232
198832666542473217
198832666919960576
198832667234541568
198832666899005440
198832667372953600
198832668236988416
198832669608517635
198832669835005952
198832669583351809
198832669625298945
198832670371876864
198832670506094593
198832670631927809
198832670615154689
198832671365926912
198832671386894336
198832669252001793
198832671152025600
198832671198150656
198832672842317824
198832673056227328
198832673391788033
198832674301943810
198832675086278656
198832675237269505
198832675107241984
198832673932849153
198832674679431169
198832675434414081
198832675665100800
198832673656012800
198832677128896515
198832677166649344
198832677804191744
198832678303318016
198832678089400320
198832678764675072
198832679318335492
198832678513025024
198832679402221568
198832679750348800
198832681188995073
198832681021210624
