198796191755010050
198796192375783424
198796192400949248
198796193785069568
198796193743110144
198796194082848768
198796195051741185
198796195265658880
198796195731226624
198796195496329216
198796194590367745
198796196511358976
198796198075826177
198796197958389760
198796198583345154
198796199573192705
198796199845830656
198796201523556354
198796201984933889
198796202853138432
198796203377438721
198796204262440963
198796203926892545
198796205671714816
198796205352960000
198796205885620225
198796207777259520
198796207982776321
198796207953428482
198796208372846592
198796210012827648
198796209253650432
198796210973327360
198796210872651776
198796211468247040
198796211887669250
198796211816370177
198796212936253441
198796212655235072
198796212462288896
198796214563643392
198796215142461442
198796216505610243
198796216241369088
198796217940054016
198796218128797696
198796219168997376
198796220527947776
198796222767710208
198796222746730500
198796223514288129
198796222813843456
198796225036820480
198796225665957888
198796225808576512
198796226542579713
198796226831978496
198796227700207617
198796228916559873
198796229029797889
198796229847687169
198796230124515328
198796231227621376
198796231449903104
198796232003559426
198796233010188288
198796232955670528
198796233001795585
198796233949720577
198796233811300352
198796234218156034
198796234767597568
198796235698733059
198796234578857986
198796235904262144
198796237959475201
198796237003161600
198796237728792576
198796238743797760
198796239721070592
198796239893041154
198796240534777856
198796240526385152
198796240941613056
198796240794824706
198796241499471873
198796241788870656
198796242317352962
198796242535456771
198796242153775104
198796242220879872
198796244674560000
198796245081403392
198796245182070786
198796245999955968
198796246004154370
198796248382320642
198796249065992192
198796248654950400
198796248705273858
198796249758040065
198796250412363776
198796252132020224
198796252991856641
198796253591642112
198796253927182337
198796255420362752
198796254828957696
198796256150159361
198796252664700928
198796256087252994
198796256426995712
198796258478010370
198796260910698496
198796260399001600
198796261795704833
198796261598560256
198796262164799488
198796262424846336
198796262550679554
198796262605197314
198796263662170112
198796264207429632
198796264467480578
198796264501030912
198796265713176576
198796265776091137
198796265859989506
198796267705475072
198796268028432384
198796267973914624
198796268699529216
198796269148319745
198796269639057409
198796270188507137
198796270687625216
198796271698448387
198796272218546176
198796274030489603
198796274533797889
198796274798051330
198796275339116544
198796276597399555
198796277348188160
198796277910224898
198796278061207552
198796278480650241
198796278166061056
198796279168503808
198796279336280064
198796279902507011
198796279319498753
198796277750824961
198796276882608129
198796281961918464
198796282108719104
198796282469433344
198796282536542209
198796283115339776
198796283392180224
198796283853537280
198796280514887680
198796284398796803
198796284109402114
198796285074079744
198796284994396160
198796286542102528
198796286768582656
198796287422889985
198796287657779201
198796287750053890
198796288022683648
198796288731529216
198796288760889346
198796290073702401
198796289863983104
198796290048528384
198796293043261441
198796293743706112
198796293835993088
198796294016339968
198796293882134529
198796294687440896
198796294465126400
198796294662266883
198796294939095040
198796295308181504
198796295706652672
198796295513702400
198796296407097345
198796296809754625
198796297535373312
198796297057210370
198796298382622720
198796298206445569
198796299464736769
198796299905142785
198796299410219008
198796301775814657
198796301612224512
198796301763215361
198796302547562497
198796299829641216
198796302325252096
198796303885545472
198796303474495488
198796304615346179
198796305319997440
198796305437425664
198796306104336384
198796306028822528
198796306636996609
198796307496828930
198796307366821889
198796309027762176
198796309644324866
198796308260192259
198796311313653760
198796311590481920
198796312043466753
198796312068624386
198796311930208256
198796312433532928
198796312823595009
198796312274153473
198796314295812098
198796314866229248
198796315621195776
198796316342620161
198796315822530560
198796316913057793
198796317898711040
198796318422990849
198796318783717377
198796315772190721
198796318834032642
198796318368473088
198796318896955392
198796319559663617
198796319609982976
198796319203135489
198796319958106113
198796319920369666
198796320331403264
198796321182855168
198796321195429888
198796321698758656
198796321661001730
198796322315321344
198796322738929664
198796323804286976
198796323993042947
198796325817561092
198796325314232320
198796325398118400
198796326295715841
198796326857744385
198796324739612672
198796327671443456
198796328145399811
198796328933924866
198796329487581184
198796330049613824
198796330305458178
198796330913644544
198796332553617408
198796332629102597
198796332796870656
198796332712996864
198796335833550848
198796334587842561
198796336877940737
198796338291417088
198796338891198464
198796340753481729
198796341823012864
198796341349060608
198796342053715968
198796341969817600
198796343022592000
198796343043571712
198796343165194242
198796343421054976
198796343324585984
198796344746446848
198796345182662657
198796345644023810
198796345853743106
198796345404956672
198796346633879552
198796346529026050
198796347074285568
198796347422425089
198796350329077762
198796351172116483
198796351293767680
198796352778534916
198796353650966528
198796354569515009
198796354796003329
198796355081224192
198796355106390017
198796355450314752
198796356561809408
198796356553408513
198796356188512259
198796357258067968
198796356779913218
198796358457630721
198796359061610496
198796358545711104
198796359011270656
198796360131149824
198796360835809281
198796361313943552
198796361586577410
198796361439789056
198796362760986627
198796362794532864
198796363092328448
198796363826331648
198796363662761985
198796364270944256
198796363906035712
198796364526792704
198796364681986050
198796366108049408
198796366162571265
198796367605403648
198796367118864385
198796368175833088
198796368213573632
198796369924861952
198796368322625536
198796370591744001
198796370868580352
198796370558197760
198796370671435776
198796372324003840
198796372391112704
198796372470808577
198796375754948609
198796376434421760
198796375599751168
198796377520750592
198796378632237057
198796378971971585
198796381647933442
198796381916381184
198796382335807488
198796382532927488
198796382449045504
198796384244219904
198796385041133569
198796385993240576
198796385708032000
198796386014203904
198796386056151040
198796386639163394
198796386936946689
198796387217973248
198796387813572608
198796389877170176
198796390095269890
198796389763907585
198796390506311680
198796390791516161
198796391693295616
198796391609401344
198796391051575296
198796392695734272
198796393333276674
198796393211641857
198796393652043777
198796391739432961
198796393341652995
198796395480760322
198796395589812225
198796396189585408
198796397468844034
198796396177010689
198796398798438401
198796398840389632
198796399507292160
198796398987190272
198796399767339009
198796399977037825
198796400010592256
198796400069312512
198796400308404225
198796400752992256
198796401092730882
198796401466023936
198796401042395138
198796401327616000
198796401763827712
198796401633804288
198796401776406528
198796401822543873
198796403223445505
198796403428950016
198796403504459776
198796403131154432
198796404351700992
198796402594295808
198796404905345024
198796405249290241
198796405299625985
198796406042009600
198796407103160321
198796407421931520
198796406994124801
198796408076242944
198796407862337536
198796408374046721
198796409317769217
198796409548439553
198796409703628800
198796410341163008
198796410005622784
198796410299224064
198796410051756032
198796410857066496
198796410861268992
198796410336972801
198796411473629184
198796411893055488
198796412413161472
198796413180723200
198796414040539137
198796413868576768
198796414510309376
198796412320878593
198796415076536320
198796415261081600
198796416703938560
198796416364195840
198796417123368960
198796417408577537
198796418658484224
198796419061133313
198796417165299713
198796419321171971
198796420030021632
198796419887398912
198796421237968896
198796420755636224
198796422408175616
198796424782159874
198796426304692225
198796424081707008
198796425201586176
198796428468953090
198796428087263232
198796429123264513
198796428745773057
198796431727923200
198796431732121600
198796432898138112
198796433414029312
198796435385368576
198796435930611714
198796435909652483
198796436467482624
198796437495099392
198796436467494912
198796438820495361
198796439093125120
198796438589816832
198796439034404864
198796439382532096
198796440082980865
198796441714573312
