198816323625689089
198816324284203009
198816324305162240
198816323873161217
198816324397436928
198816324439392256
198816324464545793
198816324955291649
198816325500534784
198816325836091393
198816325869633537
198816326700109824
198816327509614592
198816327543173120
198816328214265856
198816328654667776
198816329422217216
198816328654663680
198816329359298561
198816330592423937
198816330688892930
198816331208998913
198816329686462464
198816330298818560
198816331796185090
198816331120902145
198816329942310912
198816332081397760
198816331284484096
198816331884273664
198816330609197056
198816331666178048
198816331246735360
198816333327106049
198816333956263937
198816334371504128
198816334732214274
198816334853844993
198816334858043392
198816335029997568
198816334455386112
198816335466209282
198816336384753668
198816336481234944
198816337789857792
198816337139728386
198816337978605570
198816337932455936
198816338079252481
198816338519654402
198816338569998337
198816338595151872
198816338737762304
198816338712596482
198816338028933120
198816339564040192
198816339555659777
198816339748601856
198816339526299648
198816340067368960
198816340017029120
198816340675534848
198816341023657984
198816341111742465
198816341631832064
198816341216604160
198816341585702912
198816341220794368
198816342038683648
198816342474883072
198816342990794752
198816342810439681
198816343565410304
198816343817068544
198816343972253697
198816343372468224
198816344282640384
198816344232296448
198816344395890688
198816344941146112
198816345553510400
198816345943588866
198816346291712002
198816346514010113
198816346740506624
198816347218644993
198816347378040832
198816347675836416
198816348019752961
198816347549990912
198816348867006465
198816349370327042
198816349752012800
198816349609402371
198816349798154240
198816350221762560
198816350074966017
198816350066573313
198816350276304897
198816350116909056
198816351022882816
198816351098376193
198816351228399618
198816351396179968
198816352356667392
198816352641875970
198816352709001216
198816353078087680
198816354609016832
198816354780987395
198816354936168449
198816354952941571
198816353715634176
198816355103940608
198816354764201985
198816354898411522
198816355250737152
198816355212992513
198816356127354880
198816355682762753
198816355049406464
198816356177686528
198816356827803649
198816356924260352
198816357079457792
198816356861345792
198816356953624576
198816357415006208
198816357171728384
198816357519851522
198816357561806848
198816357863796737
198816357805076481
198816358975287296
198816359935770624
198816360288096256
198816360640413696
198816360707530753
198816360837554176
198816360384565248
198816361122770945
198816361202454530
198816361600921601
198816361923878912
198816362255237120
198816362263621633
198816363257659392
198816363282825217
198816364113301505
198816363043753984
198816364058775554
198816364423688195
198816364943781889
198816365208010752
198816365338042368
198816365413535747
198816365740699648
198816365300289537
198816366483079168
198816366592135170
198816367460368386
198816367003172864
198816367879798784
198816367384862720
198816367904948224
198816368232112128
198816368357941248
198816368789950465
198816368840278016
198816369259708416
198816369255526400
198816370203443200
198816370270535680
198816371478511618
198816371528830978
198816372006993921
198816372636127234
198816372678078465
198816373231730689
198816373235924992
198816373818916864
198816372996849664
198816374309666816
198816371818250240
198816374611648513
198816375169495040
198816375173677056
198816375513415680
198816375907684353
198816376171925504
198816375949623296
198816375274356736
198816376180314113
198816376285175808
198816377652510720
198816377220509700
198816379011473410
198816379338625025
198816379971973121
198816380177481729
198816380819218432
198816380638855168
198816380747911170
198816381184118784
198816381364473856
198816381620322306
198816381280595970
198816382421442561
198816382794739712
198816382987681792
198816383205777410
198816382505332736
198816383520358403
198816382186569728
198816383721676800
198816383235141632
198816383981719554
198816383881064448
198816384464076800
198816383897829376
198816384753475584
198816384778637312
198816384782831616
198816384946409475
198816384820592640
198816385240018944
198816385705582593
198816386276012032
198816384984154112
198816387425239041
198816387580444673
198816388612231168
198816388771627008
198816388507385856
198816389300109313
198816389463670786
198816389090394112
198816389824380928
198816389451100160
198816389379796992
198816390419984384
198816390742945792
198816390885543936
198816391405633537
198816391695052801
198816391795716097
198816392349351937
198816388759035905
198816392961736705
198816393234362368
198816393146273792
198816394580725761
198816394761076736
198816394836582401
198816394752696321
198816393867694080
198816395679641600
198816394748493824
198816396031950848
198816395591553026
198816396413632512
198816396203921408
198816397177008128
198816397109886978
198816398296887296
198816398657589248
198816399152517123
198816399198662657
198816399379021824
198816399303524353
198816399991386113
198816400272392193
198816400138182656
198816400654073856
198816400733782018
198816399928463360
198816401216122880
198816400972845057
198816401497141248
198816401924952065
198816401891405824
198816401912365057
198816402386337792
198816403049025539
198816403975962625
198816404277956608
198816404693200896
198816404689006594
198816404991000577
198816404407984129
198816405443969025
198816405230063616
198816405766946820
198816405762744320
198816405796302848
198816405175541761
198816406396076032
198816406664523776
198816406500937729
198816407079763968
198816408736514048
198816409348874240
198816409848000512
198816410540048384
198816410309365761
198816410359693313
198816411404083201
198816412171632640
198816412310052865
198816411634769920
198816412368781313
198816412498800640
198816412322639872
198816412763037698
198816413434122240
198816413635461120
198816413836779522
198816414163931136
198816414197497856
198816414713397248
198816415178960896
198816415757766656
198816415967481856
198816416391102465
198816415820681218
198816415673888768
198816416617611265
198816416865062912
198816416978305024
198816417573896193
198816417561313281
198816417854922754
198816417548742657
198816418324688897
198816419222261760
198816419490697217
198816420010786817
198816420010790912
198816419599749120
198816420157595649
198816420333752321
198816420493148160
198816421160026112
198816421537513472
198816421512347649
198816421797572609
198816421768200192
198816422158282753
198816421650759680
198816422477037570
198816417523572736
198816422791618560
198816423177498624
198816422833565698
198816425073324032
198816425631154176
198816426100932608
198816426235133952
198816426222551041
198816425488547840
198816427170471936
198816427875123201
198816428642676737
198816429393453056
198816429431209986
198816429619953664
198816430060347392
198816430718857217
198816430714667011
198816430878228481
198816430819512321
198816432065216513
198816432266551296
198816432606294017
198816431784198144
198816432920858625
198816433432571904
198816433608724483
198816433495490560
198816432979591168
198816433948471297
198816434086887424
198816434112049152
198816434183344128
198816433680039936
198816434611167233
198816434644729856
198816433810059264
198816436037230592
198816436133707776
198816435462619137
198816436355997696
198816437131952128
198816437303910400
198816438427987969
198816438562197504
198816438948085760
198816438532845569
198816439434616832
198816440151842820
198816440369942528
198816440739041280
198816440801951744
198816440822939648
198816442383204354
198816443394039809
198816443201105920
198816444300001282
198816444652331009
198816446090969090
198816446107762688
198816446715932672
198816447294746625
198816447290552323
198816447374426112
198816447735148544
198816447970017280
198816448498511872
198816449664516096
198816449081511937
198816450096529408
198816450234945539
198816450771828736
198816450989924355
198816450541142016
198816451832971264
198816451979780096
198816452881559552
198816454043381760
198816454165008384
198816454412468226
198816454764797952
198816455666573312
198816456308293632
198816456547373056
198816457222664193
198816456912289793
198816457990221825
198816456924872707
198816458271240193
198816458019581952
198816458371907584
198816458598391808
198816459328196608
198816459651158016
198816459688910848
198816459059769345
198816460376776704
198816460641013760
198816459797954561
198816460943007744
198816461173694465
198816461152718848
198816460422909952
198816461383401473
198816461618282496
198816462662680576
198816462121607168
198816462742364160
198816463518302208
198816463665111042
198816463870627840
198816464311029761
198816465053417473
198816466252988416
198816466282348544
198816466538209280
198816467112837120
198816467469340672
198816467020558336
198816467012161536
198816467205099521
198816467637125121
198816469662961664
198816470581526529
198816470938030082
198816471370039296
198816472208904192
198816472422825984
198816472519286784
198816473341378561
198816473546891264
198816474201210882
198816474591268864
198816475006509056
198816475665014785
198816476457730048
198816476277379074
198816476776509441
198816477573427203
198816477103661056
198816477908959232
198816477665697794
198816478441648130
198816478563270656
198816477837656064
198816478739435520
198816479762857984
198816480010313728
198816479477628928
198816480266166272
198816480555581442
198816479947403265
198816480308109312
198816481256026112
198816480580743169
198816482619166721
198816482606596096
198816483072147456
198816483814539265
198816483583852544
198816484640829440
198816484728897537
198816485353865217
198816486830243840
198816487513931776
198816487337754625
198816487983681539
198816488650575872
198816489191649280
198816489460080641
198816489887903746
198816490080829440
198816491372675072
198816492224122881
198816492236701696
198816493054607360
198816493209780224
198816491699838976
198816492958126081
198816493704724480
198816494388383746
198816494627459074
198816495596347392
198816495214669824
198816496108060672
198816496347123715
198816496925937664
198816496888193024
198816496716230656
198816495143358464
198816497550901249
198816498423308288
198816498112933888
198816499232817152
198816499513831424
198816499941642243
198816500084256768
198816499765493760
198816500654678016
198816497139847170
198816501623558144
198816501090881537
198816501967495168
198816501669707777
198816502210772992
198816502219149313
198816502055571456
198816503280320512
198816505746563073
198816505230671872
198816506769981441
198816507038416897
198816507705307136
198816507709501443
198816507814363137
198816508397359105
198816508460285955
198816508657401857
198816508728713217
198816508451889152
198816506753191938
198816509102006273
198816509605318656
198816510276419584
198816510188326912
198816511132049408
198816510955896833
198816511362740224
198816511283048448
198816511924776961
198816511966711808
198816512012861440
198816512721682432
198816512683941888
198816513069817856
198816512461651968
198816513434730497
198816512725889024
198816513166286849
198816513971589120
198816515250855936
198816511249498112
198816516429463552
198816515607375872
198816516110688256
198816517444468736
198816517457063937
198816517385756673
198816516676923393
198816518077820930
198816518174294017
198816518123958273
198816519243829249
198816519780700160
198816519675850752
198816520086888448
198816519696809984
198816520367902721
198816520753774595
198816521483595777
198816521647169538
198816522079191040
198816521957548032
198816522481840128
198816523094200320
198816523291336704
198816523018715136
198816523480076289
198816523182276608
198816523580747778
198816525459800065
198816526177013760
198816526449655809
198816526663561217
198816526709690369
198816527053627392
198816527145893888
198816527317868544
198816528890728450
198816529406636033
198816530023190528
198816530283245569
198816532338450432
198816532221009921
198816533135360001
198816533164732416
198816534188134401
198816534284611586
198816534301384704
198816534334930945
198816534364307456
198816533961654274
198816534720811008
198816535287054337
198816534699843586
198816535303823360
198816535886831616
198816536247549952
198816537069617153
198816536914436096
198816537845563392
198816538185306113
198816539061919744
198816538663460864
198816538957053953
198816540089524225
198816539863027712
198816539665899520
198816540534116352
198816540899033088
198816541410729986
198816541985349633
198816542396395520
198816542656430080
198816543289774080
198816542492860419
198816543277199360
198816545143652353
198816545588264960
198816546104147968
198816546078982145
198816546448089090
198816547450527744
198816547496660992
198816547953844224
198816548272615426
198816548595576832
198816549711261698
198816550067777536
198816549883224065
198816550273298432
198816550956961794
198816551170871297
198816551229595649
198816551380582400
198816551401566208
198816551841955841
198816552009736193
198816552227840000
198816552756318211
198816553129619457
198816553741983744
198816554933157889
198816555537154048
198816555923030018
198816556036272128
198816555625234432
198816556145311744
198816556178878464
198816556279533568
198816556568952832
198816556229197824
198816556858347520
198816556837371905
198816557114204160
198816557114195969
198816557193900032
198816557558796288
198816557969833985
198816554505351168
198816558083096578
198816557361659904
198816557726564353
198816558045335553
198816558993256448
198816559316213760
198816559563685889
198816559089725442
198816560717111296
198816560746463232
198816561501442051
198816561933463552
198816561677611008
198816562977845248
198816563061723136
198816563548262401
198816563472769024
198816562919124993
198816563674091520
198816562969460737
198816564252901376
198816564349386753
198816564932386817
198816564441649152
198816564626206722
198816565418934273
198816564919808000
198816565624442880
198816565683175424
198816565804797953
198816566744334336
198816566631075840
198816567344107522
198816568195563521
198816567822270464
198816568489164801
198816568174575616
198816568619180033
198816568451403776
198816568887611393
198816568665317377
198816569281880064
198816570187857920
198816570137522177
198816570217218048
198816570414333953
198816570896683008
198816570225598464
198816570976387073
198816571769110528
198816572436004864
198816572305965057
198816572284993538
198816572821864448
198816572813488128
198816572775727105
198816572570222592
198816574130491392
198816574180831232
198816574252130304
198816574549929984
198816573992087552
198816574684135426
198816574990327808
