198842496321720320
198842496585961472
198842496489492482
198842496791494656
198842498058174464
198842499274518528
198842499073196032
198842500042076160
198842500184674305
198842500348264448
198842501128400896
198842501199704065
198842503007453185
198842503041003520
198842503678541824
198842505524027392
198842504848740352
198842505989599232
198842506283204608
198842506618748928
198842506639712256
198842508061589506
198842505339486209
198842507788951552
198842509672189952
198842510808850432
198842510779482112
198842510385233920
198842512251695105
198842512973107201
198842512859860992
198842513929404416
198842514449502210
198842515128991744
198842514449502208
198842515514855424
198842515858800640
198842516022366208
198842516559237120
198842516878008321
198842517435858947
198842517330989057
198842517893025792
198842518027247616
198842517591044097
198842518736080896
198842518635425792
198842519482667008
198842519721746433
198842520313151488
198842519755296768
198842519201644544
198842520824848384
198842520208277504
198842521172971520
198842521332367361
198842521328160769
198842521542078464
198842521672101888
198842521416245248
198842521240080384
198842522146062336
198842522305445888
198842522661953536
198842523941212160
198842524058664960
198842524448718848
198842524746522624
198842525140787200
198842524855574528
198842525652496384
198842526696869888
198842527112105984
198842527216967681
198842527514767361
198842530123612160
198842530253647872
198842530454978562
198842530538856448
198842531004424192
198842531537096704
198842531260280833
198842531067330560
198842531549691905
198842523110735872
198842532661178368
198842532237553664
198842533202239488
198842534200483840
198842534338891776
198842534515048448
198842534829633536
198842535022567424
198842535169359873
198842535811092481
198842536058552320
198842536482177024
198842537165852672
198842537140686849
198842537883074561
198842538319282177
198842538516422656
198842539246231553
198842539242045440
198842538851975168
198842541116895232
198842541834113024
198842542077386752
198842543046279168
198842542584889345
198842543629287424
198842543612502016
198842544476528640
198842544430387200
198842544736571392
198842545852260352
198842546695315456
198842546674335744
198842547085393921
198842547123130368
198842547324452865
198842548360458241
198842548536606721
198842548691800064
198842549056700416
198842549052518400
198842549522268161
198842549228666880
198842550377910272
198842550134648832
198842550474383360
198842551229358080
198842551116107776
198842551510376449
198842551669755905
198842551841722369
198842552055631873
198842552143708160
198842553028714496
198842552894504960
198842553091629057
198842552596705282
198842553267789824
198842549996240897
198842551300661248
198842553691410432
198842554123431937
198842554303774722
198842554026967040
198842554756759552
198842551220977666
198842555318808576
198842554060509184
198842554421219330
198842555830501376
198842555901816832
198842556124102656
198842556581281794
198842556757446656
198842557013307392
198842555293630465
198842556895858689
198842557684396033
198842557822795778
198842558313533440
198842558359683072
198842556308664320
198842558846205952
198842559265636352
198842559970291713
198842559605374977
198842559873818624
198842557948637185
198842560372932608
198842561509588992
198842561606066176
198842561476042752
198842561597669376
198842562151317504
198842562222632962
198842562046468096
198842562830811136
198842564030377984
198842563917135873
198842564462395392
198842564139425793
198842564600799233
198842566790225921
198842567327096832
198842566341435392
198842568719613952
198842568690253824
198842569239699456
198842568996438016
198842569508130817
198842569755607040
198842569843687424
198842569885618177
198842569768181762
198842570909024256
198842571257167872
198842571437522944
198842571718533120
198842572024721408
198842572288954368
198842572305735682
198842573350125568
198842573903761408
198842574453227520
198842575623430144
198842575845732352
198842575828959232
198842575933808641
198842576839782400
198842577573781504
198842577733160960
198842577502474240
198842577661861888
198842578727219200
198842578718818304
198842579167612928
198842578504908800
198842579733839872
198842580761456640
198842582745362432
198842582795694080
198842583554854912
198842583135436800
198842583311593472
198842584498577408
198842584569880576
198842585387769856
198842584842518529
198842585916260352
198842586692198400
198842589137469440
198842588789346304
198842590496440320
198842590823583745
198842591884750848
198842592010575872
198842592471957504
198842592459362304
198842590093774849
198842593625387008
198842594728493056
198842594921431040
198842595114356736
198842595378606081
198842596322312192
198842596490100736
198842597383487490
198842597958098944
198842598285262848
198842598465609728
198842599254130688
198842599673577472
198842600214638593
198842599946190849
198842601267404800
198842601619726336
198842601896558593
198842602336944130
198842603150651393
198842603771400192
198842603934973952
198842603473612800
198842604484431872
198842604702547969
198842604559929344
198842604828364800
198842604752863232
198842605113577472
198842606078279680
198842606032138240
198842606388654082
198842607219113984
198842607705669635
198842607462391808
198842608284471296
198842609010098176
198842609488240641
198842608833921026
198842609874112512
198842610163515392
198842610448740352
198842609886699521
198842610394210304
198842611744780288
198842611841236992
198842611543441408
198842612080316416
198842613409918976
198842613284085760
198842613313445889
198842614492041217
198842613963571200
198842614974390273
198842614986981376
198842615679025152
198842615347679232
198842615356076032
198842615758725120
198842616979267584
198842617495171072
198842617792958464
198842619663626240
198842619592327169
198842620364066816
198842621416833024
198842621710450688
198842621932736515
198842622318608385
198842623446884352
198842623207804928
198842623291691008
198842624596123649
198842624633876480
198842624071839745
198842624818429953
198842624344469504
198842624956833792
198842624751321088
198842625254625282
198842624935870464
198842625476935681
198842625116209153
198842626475180032
198842626701664256
198842626559049729
198842625929916418
198842627708301312
198842627846705152
198842628891090946
198842628974985216
198842630174543872
198842630560423937
198842629654450177
198842630803701760
198842630975660032
198842631051153408
198842631969714176
198842631978098689
198842632229761024
198842633047654400
198842633378992129
198842633475469313
198842633341243392
198842633223815168
198842633303494657
198842632439472129
198842633622269953
198842634247208960
198842634570182656
198842634792468481
198842634712788992
198842634817638401
198842635216097280
198842635417436161
198842635882987520
198842636239503360
198842629784469504
198842636340183040
198842637141282818
198842638168883201
198842638806429696
198842638592507904
198842639834034176
198842639251025920
198842640354131968
198842640987463681
198842640886792192
198842641570467840
198842642648412160
198842642266726401
198842643239804928
198842644057702402
198842644158361601
198842644191911936
198842643797643264
198842644623929344
198842645169184768
198842645366325248
198842645882224640
198842645341147136
198842646406512641
198842646242930688
198842647186644994
198842647534764032
198842646884659202
198842648080039936
198842648100999169
198842648105201664
198842648939855873
198842649116028928
198842649384468480
198842649619345408
198842649736790018
198842649615151107
198842650160410624
198842649862606848
198842650974097408
198842652622454785
198842653394210816
198842653452939264
198842653671038976
198842653880754176
198842654392467456
198842654224687104
198842654891585536
198842654824480768
198842654916739072
198842656107933696
198842656082755584
198842655604621312
198842656506384384
198842656699326464
198842656682545153
198842657097785344
198842657462689793
198842656414121985
198842656460247040
198842658351878144
198842659262054400
198842658800664577
198842659601793024
198842660054769664
198842661640220672
198842661740883968
198842661996728320
198842661958987776
198842663120809984
198842663607349248
198842664026783744
198842664207138817
198842664282636289
198842665884860417
198842665868070913
198842666207817728
198842666144890880
198842667717771264
198842668283998208
198842668330131457
198842668661481472
198842668690841600
198842669064130560
198842670091735040
198842671228403713
198842671282925568
198842674818711552
198842675296862209
198842676047650816
198842676135727104
198842676077002752
198842676685189120
198842675498192896
198842676823588864
198842677138165760
198842677700210688
198842677213671424
198842678417428480
198842678945918976
198842680720097280
198842681059848192
198842681047269376
198842681600905216
198842679159816192
198842682569789440
198842682892763136
198842682909528065
198842682800488448
198842683706445824
198842684092334080
198842684104916992
198842684201373696
198842685581312000
198842685715517440
198842682255228928
198842686264983552
198842686302715905
198842687401623552
198842687493902336
198842687623925760
198842687418408960
198842688165003264
198842687883976704
198842688831897600
198842689112907776
198842689884651520
198842690044039168
198842689926602752
198842691860172801
198842692820672512
198842693407866880
198842693676306432
198842694523551744
198842694850723841
198842695588921344
198842695857356801
198842696255815680
198842696255807488
198842696620707840
198842696205475840
198842696658452480
198842697560227840
198842697597992960
198842698277462016
198842697962885120
198842698562666496
198842698877243392
198842698889822208
198842698856271872
198842699221180416
198842699846123521
198842700517224448
198842700613681152
198842701418987520
198842701729366017
198842702119440384
198842702652121088
198842702383681536
198842702475968512
198842703335792640
198842703537123328
198842703386124289
198842704057208832
198842704686362624
198842705516838912
198842705424560128
198842706527653889
198842707316187136
198842704833167360
198842707131633664
198842708339593216
198842708578672640
198842708876472321
198842709820194816
198842709295890432
198842709887295488
198842710168305664
198842710516449281
198842710386417666
198842710839406593
198842710898126848
198842711065903105
198842711095246848
198842712143822848
198842711653089280
198842711527272449
198842712529715200
198842712974295041
198842713267908608
198842714303901696
198842715037892609
198842712366125057
198842715482488832
198842715612520448
198842715855781889
198842716707229696
198842717139243008
198842716694642689
198842716988252160
198842717927784450
198842718296879104
198842718372372480
198842719265751040
198842719290929152
198842719316082688
198842719362220033
198842720373047296
198842720737968129
198842721048330241
198842720972832768
198842721778147329
198842721941721088
198842723250348032
198842723241959424
198842723229376514
198842723862716418
198842724147924993
198842724282150912
198842724730941440
198842724827414528
198842725116805120
198842724017905664
198842718791802882
198842725951483904
198842726157000704
198842725813063680
198842726198935552
198842726584823808
198842726781956096
198842728333844480
198842728568733696
198842728568733698
198842720884764672
198842730795909120
198842730842034176
198842731240497152
198842731496345601
198842731689295872
198842731588632576
198842732419092480
198842732242944000
198842733354426369
198842733719339008
198842733685768192
198842734386233345
198842734545612800
198842734222639105
198842735329939456
198842735346724865
198842736076521472
198842736063946752
198842736483373056
198842736709873664
198842736969924608
198842736869253120
198842736877649920
198842736865054722
198842736974106626
198842737070571520
198842738358231042
198842739356479488
198842739880755200
198842740052738048
198842740837064704
198842742003073024
198842742175039489
198842742363795456
198842742569308160
198842742800007168
198842744121200640
198842744427384833
198842744502890496
198842744750346240
198842744909729793
198842745123651585
198842745975091200
198842746147057664
198842746201575426
198842746646183938
198842746583269376
198842746902036480
198842747103350785
198842747195633664
198842747434713088
