198838217833840640
198838218047762433
198838218056146945
198838217728983041
198838218202947584
198838217909338112
198838218437832704
198838218119061505
198838217745764352
198838218626580480
198838218584629248
198838218907594752
198838218559467521
198838218270056448
198838218874032129
198838218383310848
198838218853060608
198838219113119744
198838218634969090
198838218941136897
198838218915971072
198838219343790080
198838219658366976
198838219679350784
198838219733864448
198838219637391361
198838220119736320
198838219977129984
198838220052627456
198838220719538177
198838220589498368
198838220832780289
198838221004742657
198838220568526848
198838220560138241
198838220862144513
198838220929241088
198838221390610432
198838221801656321
198838221491281921
198838222023958528
198838221684211715
198838222086881280
198838221994606593
198838222556643328
198838222510501888
198838222585991168
198838222435000322
198838223240306689
198838223307415552
198838222409834497
198838223311613953
198838222284001281
198838223441641474
198838223034777600
198838217456361472
198838224456663041
198838223319994368
198838225001906177
198838225274535938
198838225622663168
198838225748496384
198838224808972288
198838225949827072
198838224821567488
198838226004348928
198838224938999808
198838226591563777
198838225660428288
198838225962401794
198838226075648000
198838226264408065
198838226901934080
198838227002597377
198838224699916289
198838227170373636
198838226369257475
198838223269675011
198838224653795328
198838226641895424
198838225509433345
198838224012050433
198838227363315712
198838227430412289
198838227728207876
198838226742554625
198838227208118273
198838228067950593
198838224616046593
198838227589795842
198838227879215105
198838228072136706
198838227610763264
198838228260888577
198838228386713600
198838228730658816
198838227824680960
198838228588048385
198838228667740163
198838228575461376
198838228898430978
198838228906819584
198838228961341441
198838228894236672
198838225618477056
198838228705488897
198838229301084160
198838221742931968
198838229783416832
198838229175255043
198838229762453505
198838224024633344
198838229695340545
198838229502406657
198838229389160449
198838229758259200
198838226088235009
198838225350033408
198838229670166529
198838229783420928
198838230475489281
198838230416752640
198838230483865601
198838230555176962
198838230685192192
198838230039273472
198838230756507649
198838230676811777
198838229863120897
198838231045914624
198838231125598209
198838230936854528
198838231175933953
198838230735523840
198838230974603264
198838230848778240
198838231318540288
198838231448567808
198838230823612416
198838231515664385
198838231528247296
198838230995574785
198838231293366272
198838231171743744
198838230563561473
198838231649882112
198838231712796672
198838231704416256
198838232224505857
198838233117892608
198838232446795776
198838233394716673
198838233134669824
198838233449234432
198838233449242625
198838233205977088
198838233822535681
198838234032254976
198838234204217344
198838234447491073
198838233919004672
198838233981927424
198838230408368128
198838233977716740
198838234158088192
198838234715914241
198838233214365696
198838234669789184
198838235131162624
198838235072434176
198838235315703808
198838234728505344
198838235407982592
198838235537997825
198838235517042688
198838235303116803
198838235546394624
198838234778845185
198838235454119936
198838235626094592
198838235391201281
198838235160522753
198838232128028672
198838236062289920
198838232446803968
198838235886129152
198838236594978818
198838236586586114
198838236565614592
198838236372668417
198838236276203520
198838236875984896
198838237119266816
198838237584830464
198838237735829506
198838238205579266
198838237823909888
198838237995859968
198838237463199745
198838238411112448
198838238390132736
198838237891014658
198838238335598593
198838238520160257
198838238683738112
198838238566293505
198838238931202048
198838238880866306
198838238713090048
198838239283511297
198838238813749248
198838239698763778
198838239124131840
198838239661010945
198838239530983426
198838239862325248
198838240063651840
198838239606472706
198838239971389442
198838240357269509
198838240537624576
198838240608911360
198838240319504385
198838239497437186
198838240155926529
198838240952860672
198838240998981632
198838241007370241
198838241108049920
198838240487280640
198838240655060993
198838241296785408
198838240910901249
198838241456168960
198838240877363200
198838241703624704
198838241762353152
198838241292591104
198838241980456960
198838242156609536
198838241628139520
198838242227924992
198838241980456962
198838242274062336
198838242219536385
198838242517323776
198838242643156993
198838242001432577
198838242794151937
198838242588626944
198838242609606657
198838242785763328
198838242617991168
198838243037413377
198838242836103168
198838243544928258
198838243163242496
198838243653976064
198838243444273154
198838243410722817
198838243989536769
198838243523956737
198838244115357696
198838244358627328
198838244253773824
198838244425740288
198838243960176641
198838244559945732
198838243909836801
198838244421537793
198838244484460546
198838244417355776
198838244937445378
198838244333457408
198838244442505217
198838245495291904
198838245570777089
198838245449154561
198838245281374208
198838245885349889
198838245243625473
198838245046501376
198838245868568577
198838245470109696
198838245415591938
198838245616922624
198838246359306240
198838245851803648
198838246543863808
198838246585806848
198838246141206529
198838246636130304
198838246095077380
198838246438998016
198838246770360320
198838245981831169
198838246275424259
198838246891995137
198838246397050880
198838246283808768
198838246514491394
198838246665490432
198838246980067328
198838246581612544
198838247118487553
198838246808104960
198838247214952449
198838246720020480
198838246552248320
198838247101693953
198838246833258496
198838247055556609
198838246946521089
198838247663747072
198838247898619905
198838247433052160
198838247437250562
198838248192221184
198838248263520256
198838247869255682
198838247940558850
198838247613399045
198838248389353473
198838248578105344
198838247965728768
198838248297086976
198838248322236416
198838249060446208
198838249219817472
198838250020945920
198838249878339584
198838249588920320
198838249781854210
198838249718951939
198838249920266241
198838250532642816
198838250301964289
198838250243231744
198838250884968449
198838250843029505
198838250478108673
198838251119853568
198838251090493443
198838251124047873
198838251560239104
198838250360672256
198838251556048897
198838250373255169
198838251732205568
198838251786743809
198838251904176129
198838251010797568
198838252000645120
198838251543461888
198838251879018496
198838251748982785
198838252369756160
198838252155846657
198838252457836544
198838252407496705
198838252764020738
198838252818538498
198838252340387840
198838253040836608
198838253086982145
198838253221183488
198838253271515136
198838253485428736
198838252675928064
198838253816786944
198838254026498048
198838254345261058
198838254261387265
198838254739533824
198838254659833856
198838254559174658
198838254445928449
198838255033126912
198838255255433219
198838254596923392
198838254810828801
198838255402237952
198838255280603136
198838255016353792
198838255725191168
198838255611940864
198838255607754754
198838255330934784
198838254890520576
198838255729381377
198838255880388608
198838256027176963
198838256488554496
198838256643735554
198838256366919682
198838256899604480
198838257239330816
198838256752803842
198838257365159937
198838257281269761
198838256811524099
198838257541328896
198838257797173248
198838256949936129
198838257134485504
198838257717485568
198838258266943489
198838258258550784
198838258694754304
198838258359218176
198838258631843840
198838259038695424
198838258497622016
198838258661208064
198838259252596737
198838258715729920
198838258556354560
198838259265175554
198838259458125828
198838259663642624
198838259508461568
198838259411976192
198838260108238849
198838259634290688
198838260364083200
198838260330528769
198838260473143296
198838260372475904
198838260615753729
198838260766748672
198838260284403713
198838260330536960
198838261106491392
198838260393443328
198838260951302144
198838261437825025
198838261383299072
198838260800290816
198838260850630657
198838260871602176
198838260959690753
198838261588824064
198838261114880000
198838261370728449
198838261697884161
198838261639159808
198838261676904448
198838261563666433
198838261332967424
198838261874049025
198838261936955392
198838261207154690
198838261639163907
198838262008254465
198838262071173122
198838262712897536
198838262696116224
198838261651750912
198838262733881345
198838263002304512
198838258749276162
198838262926807041
198838262989717504
198838262591258625
198838262410911744
198838263354626048
198838262767419393
198838263342039040
198838263434326016
198838263606292480
198838263627251714
198838263044251648
198838263136518145
198838263052644352
198838263841177600
198838263698558976
198838263203635200
198838263438524416
198838263883108352
198838264277385216
198838264503865347
198838264495489024
198838263891501056
198838264663244801
198838264747143168
198838265116229634
198838264633892864
198838265112051713
198838265145606144
198838265342734336
198838265242066944
198838265187540993
198838265451773952
198838264864587776
198838265586008064
198838265669877760
198838265250447362
198838266005438464
198838265921544192
198838265430810624
198838266248708096
198838265997037568
198838264868765697
198838265581805568
198838266693300224
198838266538098689
198838267074969602
198838267360182272
198838267456659458
198838266806534144
198838267393736704
198838266747817985
198838267502792705
198838267616034817
198838267263717376
198838267855126528
198838267959984128
198838267838332928
198838268148719616
198838267435679746
198838267657994242
198838268324880385
198838267947393024
198838267884482560
198838268580724737
198838268102586368
198838268748496896
198838268220026880
198838268383608832
198838268459098112
198838268580741123
198838268895309825
198838268387794946
198838269100818433
198838268480073728
198838268207439872
198838269243432960
198838269339893761
198838268366831617
198838269402816512
198838268001910784
198838269608341504
198838269260214272
198838269511876608
198838269436375040
198838270170382336
198838270237474817
198838270531076097
198838270661111808
198838270682075136
198838270942130177
198838270556250112
198838270644326400
198838270858240001
198838270640132096
198838270539472898
198838271311220739
198838270728216577
198838271051186177
198838271361556480
198838270711431169
198838271403491328
198838271508348928
198838271390916609
198838271311220738
198838271625789440
198838271604822016
198838271575465984
198838271470616577
198838271646769152
198838272556937216
198838272561131521
198838272259129344
198838272527572994
198838272552742912
198838272443695104
198838272879902720
198838272347226112
198838272905064451
198838273056063489
198838272582107137
198838273014104065
198838273181888512
198838273265774594
198838273286750210
198838272909254656
198838273517432832
198838273223827456
198838273622290433
198838273433542656
198838273261568001
198838273509044224
198838273517424640
198838274037526528
198838274087862273
198838274293366784
198838274637307904
198838274649882624
198838274935103488
198838274939293698
198838275035758593
198838274960261120
198838273819414528
198838275182559233
198838275140620289
198838274612137984
198838275237089281
198838275274833921
198838274901544960
198838275413250049
198838275518103554
198838275618775041
198838274725392385
198838275895603200
198838275874623488
198838275723632640
198838275618770945
198838276935790593
198838276398919680
198838277116141570
198838276424085504
198838277241978881
198838277535563779
198838276721881089
198838277581701120
198838277443305472
198838277506203648
198838277992759300
198838277342625792
198838277690761216
198838277862735872
198838278122778624
198838278684803073
198838277279719424
198838278332485632
198838278873546753
198838278579953664
198838278789664769
198838277883703298
198838278949052416
198838279121022976
198838277967585280
198838279192322049
198838279209091072
198838279116824576
198838279309766657
198838279473344514
198838279926325248
198838278819028992
198838279402041344
198838279972458497
198838280194760704
198838280131846144
198838280245092353
198838280228306945
198838279699828737
198838279875997696
198838279985053698
198838280459005953
198838280719056896
198838280614182912
198838280584835072
198838280563855361
198838280928755712
198838281381752833
198838281545322496
198838281704714241
198838281541136384
198838282015080451
198838282157690881
198838282107363328
198838282304491520
198838281780211712
198838282409361408
198838281616629760
198838282593902593
198838282350628864
198838282640048129
198838283088822272
198838282480652288
198838283206270977
198838283424378880
198838283252408320
198838283541811200
198838283650871297
198838282681991169
198838283625693186
198838282979770369
198838283810250753
198838283801870337
198838283948658688
198838283285954563
198838284292603906
198838284103860224
198838284753977344
198838284330352640
198838284368101376
198838284930121729
198838284825272322
198838285211148288
198838284808486914
198838285559279616
198838285391495168
198838285144035328
198838286041620481
198838285911601152
198838285915795456
198838285693501440
198838285827706882
198838286440083456
198838286393937920
198838286058401794
198838286108737536
198838286586888193
198838286352003073
198838286670766080
198838286674960385
198838281939595267
198838286263926785
198838286918238211
198838287027286018
198838286914043905
198838286716903424
198838287190863873
198838287123755008
198838287299911680
198838287530598400
198838287434137601
198838287295725568
198838287748706306
198838287929053185
198838287757090818
198838287497035776
198838285458620417
198838288201682946
198838288121987072
198838287522201601
198838288008749058
198838287681597440
198838288386240513
198838288537227264
198838288235233282
198838284250652672
198838288633704448
198838287773876224
198838288126197760
198838289002803200
198838289573224449
198838289678090244
198838289472552960
198838289833267200
198838289921359872
198838289875214337
198838290114293760
198838289422237696
198838289598386176
198838290248507393
198838289946513411
198838289652916225
198838290282070017
198838290613415937
198838290915393537
198838291016069120
198838290911199232
198838291062202368
198838290739232770
198838289531289600
198838290978308096
198838291523567617
198838291796201472
198838291766849536
198838291234177024
198838291997523971
198838292060450817
198838292395986944
198838292270161921
198838292106588160
198838292429545473
198838292970602496
198838292245004288
198838291993346048
198838293163544576
198838293113221121
198838293171933184
198838293461340162
198838292517621760
198838292991574017
198838293138386945
198838293138378753
198838293109018624
198838293306163200
198838293704613888
198838293897560065
198838293994012674
198838292643446784
198838292668628992
198838294455386113
198838294686085120
198838294660911105
198838294656712706
198838295017422848
198838295109709826
198838295239725056
198838294379892736
198838295399108608
198838295097114625
198838295575281664
198838295113891840
198838294597992448
198838295176806400
198838295143264259
198838295365566464
198838294463774721
198838295889842176
198838296544149505
198838296535764992
198838296154083328
198838296690962433
198838296384765953
198838296699338752
198838293578792960
198838296418320384
198838296493834240
198838296934219776
198838297097814018
198838296741289985
198838296883888128
198838297177505793
198838297617899520
198838297039077376
198838297861165057
198838297131364352
198838297118777344
198838297743720451
198838297630478336
198838298293186560
198838298351906816
198838298226065408
198838298217684992
198838298452570112
198838298687438848
198838298154762240
198838298347708418
198838298851016704
198838298779725824
198838298532257792
198838298628730882
198838298762952704
198838299111079936
198838299241103360
198838299283034113
198838298670673920
198838298821668867
198838299413053442
198838299522105345
198838298909753345
198838299744407553
198838299463397376
198838299840872448
198838299870232576
198838299652132864
198838299337572352
198838300197400577
198838299492757504
198838299543080960
198838300600049664
198838299354333184
198838300675555328
198838300784607232
198838300830740480
198838300902031361
198838300948185088
198838301187260416
198838301053042688
198838300369354753
198838301547970561
198838300864290816
198838301644423168
198838301644435457
198838301363408896
198838301170470914
198838301464072193
198838300889452545
198838301392773123
198838301501816832
198838302130978816
198838302135156737
198838302139351040
198838302235832320
198838302357454849
198838301933830144
198838302055464960
198838302143553536
198838302009327616
198838302680420353
198838302969839616
198838303041142784
198838303083081728
198838302877552641
198838303158575104
198838303343120384
198838303414423552
198838302604926977
198838303594778624
198838302940467200
198838303095652352
198838303859032064
198838303859027969
198838303649300481
198838303989043200
198838303435390976
198838304240713728
198838304567861250
198838304387497984
198838304572063744
198838304324583425
198838304093900800
198838304190373888
198838304840486912
198838304903405568
198838304144228352
198838304433635329
198838305436086272
198838305243136001
198838305507389440
198838304970518530
198838305629011969
198838305683546112
198838305876484096
198838305859715074
198838305931005953
198838305587077121
198838305939394560
198838305998123008
198838306061033474
198838306098790403
198838306069413889
198838306245586944
198838306195251200
198838306182664192
198838306589519875
198838306308505600
198838306467876866
198838306186854402
198838306769870849
198838307138977792
198838306891509760
198838306962808832
198838307411603456
198838306916671488
198838307239624704
198838307105415168
198838307348680705
198838307235442690
198838308032364544
198838307973627905
198838308028153856
198838307617116160
198838308200124416
198838308627951616
198838302470701059
198838308250451968
198838308774748162
198838307499683840
198838309420679168
198838308908957698
198838309668126720
198838309911400449
198838309965922306
198838309831708672
198838309626191872
198838310012076032
198838309202575360
198838309974310912
198838309462618112
198838310502805504
198838310301470720
198838310016262144
198838310737682432
198838310444085248
198838308946722819
198838310569910274
198838310561525760
198838311106789376
198838310616043520
198838311324889088
198838311069028352
198838311706570752
198838310767042561
198838311303913472
198838311459094528
198838311375212545
198838312037920768
198838312025333761
198838312314732544
198838312209887233
198838310288887810
198838312402817024
198838312415404033
198838311559761920
198838312746762241
198838312193114112
198838312058892289
198838312029528064
198838312562204673
198838312788697088
198838312486711296
198838312709013504
198838312289566722
198838312897757185
198838312943894529
198838313443000321
198838313061322753
198838313581412354
198838314005053440
198838313568845824
198838314046988288
198838313786949634
198838314667741184
198838314650963969
198838314403504129
198838314231533569
198838314818732033
198838314990710785
198838315271725056
198838315196223490
198838315267534848
198838314894229504
198838315422711808
198838315422715904
198838313145221121
198838314512564224
198838315229777922
198838314516758528
198838315565322240
198838315640815616
198838315854737411
198838315951198209
198838315531776001
198838315447881729
198838315796008960
198838316035084288
198838316450316289
198838316395794432
198838316223823872
198838316685205505
198838316743929856
198838316643258370
198838315959582720
198838316601323520
198838317213679617
198838317184323584
198838316982992896
198838317381464064
198838317062684672
198838317809274882
198838317356285954
198838317859610625
198838317570199552
198838318279041026
198838318371323904
198838317637320705
198838318165794816
198838318400667648
198838318530707456
198838318207733760
198838318597799936
198838318383898625
198838318765580288
198838319067561984
198838318639751169
198838318752993280
198838319109509121
198838318987870209
198838319415705600
198838318761385985
198838318346149888
198838319038210048
198838319424094209
198838319768014848
198838320330059776
198838320137125888
198838320430710784
198838320011280385
198838320497836032
198838320539779072
198838320942432256
198838320619454464
198838321085030400
198838321034698754
198838321038901248
198838320837558273
198838321236025345
198838320309075968
198838321860984835
198838321655451648
198838322020356096
198838321932279808
198838321886138370
198838321965826048
198838321932288001
198838322112643073
198838322301370369
198838321890328576
198838322687262721
198838322586595328
198838322511097856
198838322502709248
198838321844199425
198838322376880128
198838322112634882
198838323521929217
198838323026993152
198838323471585280
198838323509342208
198838323991678976
198838323572256768
198838323513536512
198838324113321985
198838323647746048
198838324197203968
198838324880883714
198838324851515392
198838324478218240
198838324486619136
198838325472276480
198838325279338496
198838325258354688
198838325933654016
198838325136728064
198838325728120832
198838325560344576
198838325992374274
198838326260797440
198838326353076224
198838326474702852
198838325782659072
198838325879128064
198838326642487296
198838326474715136
198838326210461697
198838326562799616
198838326894149632
198838326759927810
198838326927695873
198838326944477184
198838327527473152
198838327565230080
198838327183556611
198838327678484480
198838326885748736
198838327837855744
198838327535869953
198838327401644032
198838327867224064
198838327917559808
198838328202768384
198838327825276930
198838328173412352
198838328282456066
198838328269869059
198838328467005440
198838328269873153
198838328701878273
198838328408289281
198838328349569024
198838328840298496
198838329104531457
198838329213595648
198838329129709572
198838328668340224
198838329410727937
198838329473630209
198838328974524416
198838329876299776
198838329532358657
198838330182483971
198838329997934592
198838329066795008
198838329712717824
198838329855324161
198838330106978304
198838330434129920
198838330106978305
198838330199261184
198838331000360961
198838330039873536
198838330677411840
198838330639654913
198838331268792320
198838331126198272
198838331180728320
198838331533033472
198838331210080257
198838330832584704
198838331398823937
198838331826638848
198838331814064129
198838331952472067
198838332074110976
198838332023771137
198838332275433474
198838332359327744
198838332422234112
198838332577419265
198838332740993025
198838332803919873
198838332199944192
198838332925542400
198838332208316416
198838332921364480
198838332950712320
198838332715839488
198838333227544581
198838332892004352
198838333462429697
198838333424668672
198838333277876225
198838333131075586
198838333630185473
198838333252702209
198838333735043073
198838333017817088
198838333789577216
198838333164625921
198838333206568962
198838333923786753
198838334078988289
198838332724224000
198838333474996224
198838334393548801
198838334204817408
198838334477438977
198838334393565185
198838334490034177
198838334414536704
198838334599073792
198838334615863296
198838334242562051
198838334712332290
198838334322257920
198838334745870336
198838334087372800
198838334938820609
198838334091571204
198838335014309888
198838335039488000
198838334666182656
198838335152717824
198838334762659840
198838335085625345
198838335282753539
198838335500857345
198838334980763649
198838334062211072
198838334590697473
198838335429554177
198838336004173825
198838335689596928
198838335022710786
198838335714766848
198838334963974144
198838335240798209
198838336067080192
198838336285179904
198838336385843200
198838336155160579
198838336079675392
198838336708820993
198838336784314368
198838336784302080
198838337941938176
198838337941946368
198838337996464128
198838338147463168
198838338189398016
198838336541040641
198838334322249729
198838338445246465
198838338403311617
198838338550112256
198838338554310657
198838338759827457
198838338315231234
198838337757388800
198838339183448064
198838334464860160
198838338701115392
198838339057627136
198838339359608833
198838339376381952
198838339154100227
198838339028254721
198838339149901824
198838339753869314
198838339623858176
198838339690971136
198838339498029056
198838339946815489
198838339397353473
198838339309277184
198838339527385089
198838340156522496
198838340315906048
198838340261384192
198838340437544960
198838339963592704
198838340529819650
198838340232032258
198838338994708481
198838340802449408
198838340802449410
198838340546592768
198838340429152256
198838340420780033
198838341171552257
198838340731158528
198838340777295872
198838341259632640
198838341926535169
198838342027198466
198838342161403904
198838341683257344
198838341519687681
198838342689898496
198838342668910592
198838341943308289
198838342543089664
198838339745480704
198838343004467200
198838342710870017
198838343247740929
198838343490998272
198838343407108098
198838343314845697
198838342861864962
198838343574888448
198838343058997248
198838343453257728
198838344044650497
198838344015290370
198838343457452032
198838343994322944
198838343298072576
198838344153698304
198838344149499906
198838344556355584
198838344120143872
198838344493436929
198838344258564097
198838344602488832
198838344669597696
198838344824782848
198838344988368896
198838344862535680
198838343440674818
198838345156145152
198838345110003712
198838344514420739
198838345319714816
198838345739153408
198838345382641664
198838344199847939
198838346057924610
198838346116636672
198838345869172736
198838346313760768
198838346385076225
198838346527686657
198838346720616451
198838346133405698
198838346238271488
198838345781096449
198838347051966466
198838347026800640
198838347186176000
198838347278462976
198838347349770240
198838347475582976
198838347647561729
198838346921951232
198838347014217730
198838347903410177
198838347798560768
198838347949539329
198838347702091778
198838348272508928
198838347605614592
198838348310261762
198838347857272833
198838347819528192
198838348742279168
198838348339621889
198838348318638080
198838349044252672
198838348280901635
198838348851326978
198838348457050113
198838349010702336
198838349186859008
198838348624826368
198838348960366592
198838348981342210
198838349287538688
198838349396590593
198838349144915968
198838349228802048
198838349094596608
198838349266558976
198838349337853953
198838349610500096
198838345936281600
198838350168334336
198838350214479874
198838350315134976
198838350365462528
198838348478025729
198838350617124865
198838350688423936
198838350373859328
198838350973636608
198838350931701760
198838351321776128
198838351569223681
198838351455977473
198838350893957120
198838351762161664
198838351271444480
198838351762161666
198838351854452739
198838351908962304
198838351749586947
198838352357765120
198838351703457792
198838351414034432
198838352416489472
198838352361955330
198838351929933824
198838351825076224
198838352454234113
198838352022216704
198838352630386690
198838352831721473
198838352865263617
198838352835915777
198838352898818049
198838352806551553
198838353163067392
198838353171456001
198838353284706305
198838353557327872
198838353574100992
198838353632821248
198838353523769344
198838353506996227
198838353557331968
198838353574113280
198838353947402240
198838353754456065
198838354006118402
198838353788022785
198838353515384834
198838354278752257
198838354245197824
198838354404589569
198838353905459200
198838354362642433
198838354828206080
198838354639454209
198838353674768385
198838354853371904
198838354761089024
198838354744324096
198838354807230464
198838354995982337
198838355054702592
198838355079872512
198838355088257025
198838354475892736
198838354903707648
198838354622681088
198838355469934592
198838355633504257
198838355365085184
198838355746762752
198838352290643969
198838356346548225
198838356250066946
198838355700629504
198838356443013120
198838356065529856
198838354060648449
198838349732126720
198838355948093440
198838350759739393
198838355931316224
198838357118291969
198838356694667264
198838357344788482
198838357441257472
198838356539482113
198838357537734656
198838357638389760
198838357709697024
198838358024273921
198838358074605569
198838357160247296
198838358074589186
198838357927804928
198838358032662530
198838358364008448
198838358053621761
198838358590492673
198838357630005249
198838358171058176
198838358133321728
198838358896689152
198838359047667713
198838358892478464
198838357718073345
198838359752314880
198838359626485760
198838359488073728
198838359341268993
198838359731355650
198838359777492992
198838359630692355
198838359622287360
198838359911698432
198838360037535744
198838360154963968
198838359295135746
198838359886532609
198838360335327232
198838360561815553
198838360230469632
198838360305971201
198838359588732929
198838360859623425
198838360800894977
198838360960274432
198838360616345600
198838361174196224
198838361245495297
198838361010614273
198838360574410752
198838361149018112
198838361325174784
198838361702674434
198838361274859520
198838361157410817
198838361748811777
198838361241288704
198838361899794432
198838361526509569
198838362017243136
198838361719455744
198838361836888065
198838361937559553
198838362017234945
198838361513922562
198838361996267520
198838362356973569
198838362407317506
198838362092748802
198838362507972609
198838362235338752
198838363707555841
198838363875319809
198838363938238465
198838363858538498
198838363078402050
198838364017917952
198838364122779649
198838364013723648
198838364173115392
198838364156329985
198838364424781824
198838364022116353
198838363900485635
198838363606884352
198838363195846656
198838364508651520
198838364315725824
198838364428976128
198838364714180609
198838365062303745
198838364462526465
198838364265390080
198838365368492034
198838365557243905
198838365347512321
198838364869365760
198838365028745216
198838363594293249
198838365838249985
198838365313961986
198838365414621184
198838365913759744
198838365196533760
198838365305581568
198838365741789184
198838366408671232
198838365779529739
198838366702280706
198838366689705984
198838366769397763
198838366459002880
198838366723260416
198838366903615488
198838366911991808
198838366152822785
198838366446436352
198838366958133249
198838367083966466
198838367327223808
198838367264325633
198838367142674432
198838367218176000
198838367675363329
198838366840688640
198838367805386752
198838368111570944
198838368182878210
198838368270942211
198838367662780417
198838368237400064
198838367851520000
198838368572936193
198838368887517184
198838368539377664
198838369126592512
198838365137813504
198838369319530498
198838368963018754
198838369122398209
198838369093025792
198838369466331137
198838369411792897
198838369587965952
198838369667649537
198838369818640384
198838369638301696
198838369902534657
198838370015772672
198838370032562176
198838366991691776
198838370238083073
198838370271633408
198838369613131776
198838370162577408
198838370699448321
198838369818640385
198838369915113472
198838370959503360
198838370997243904
198838370112245763
198838371135668227
198838371148242945
198838370372288512
198838370628141056
198838371223732224
198838371345371136
198838371341185024
198838371328593920
198838371672539136
198838371785781248
198838371903213568
198838371773194241
198838371743842305
198838372138102784
198838372221992960
198838371911598080
198838372205203457
198838372196827136
198838372427513856
198838372666572800
198838372490412032
198838372213600256
198838372154871809
198838372834349056
198838373014716416
198838372935012352
198838373387997185
198838373761298432
198838373190868992
198838373752909824
198838374004555777
198838374205890560
198838374222675970
198838374252036096
198838374537236481
198838374432382978
198838374516277250
198838374516269056
198838374746959872
198838373991981056
198838374239444993
198838374046502912
198838374491095040
198838374855999489
198838374398836737
198838374788890625
198838374927310849
198838375434817538
198838375384485888
198838375480954880
198838375548076032
198838375585808386
198838375648727040
198838374201700353
198838375908777985
198838375774560256
198838375447396352
198838375837466626
198838375690678272
198838375908786177
198838376344993793
198838376193982464
198838375984267265
198838376340795394
198838375879426049
198838376961556481
198838376982523907
198838377095757825
198838377351618560
198838377787834368
198838377850744833
198838378089820160
198838377989152768
198838378400198656
198838378395992064
198838378135961601
198838378450518017
198838378052059136
198838378513436673
198838378114981889
198838378626691072
198838378647666688
198838378693787648
198838378635083776
198838378689601537
198838378769285121
198838379280994306
198838371693502465
198838378509242368
198838379595567104
198838379423608832
198838379390054400
198838379876593664
198838379989831680
198838379281002496
198838378286956545
198838380136632320
198838379985641473
198838380098887681
198838380203745282
198838380564447232
198838379733991424
198838379935305728
198838380845481984
198838380107272194
198838380862246912
198838380912590848
198838380316999681
198838380937744384
198838380950339584
198838381462028290
198838380375703553
198838381285867520
198838381319421952
198838382036660224
198838382095384577
198838382376394752
198838382871314432
198838382854549504
198838383244615680
198838383047491584
198838383127183361
198838381004857344
198838383261396992
198838383571775489
198838383827632128
198838383580151808
198838384041525249
198838383836012546
198838384112840705
198838383861182464
198838383903117314
198838383383019522
198838383953461248
198838382665793536
198838383466921984
198838383789871105
198838383764713473
198838384133812227
198838384041537536
198838384511299584
198838384498704385
198838384729391107
198838384729399296
198838384683253762
198838384939106304
198838384968470529
198838384892985344
198838384653910016
198838384641318913
198838384586792962
198838385056555008
198838385492758528
198838385463398401
198838385111072768
198838385329176576
198838385442439169
198838385681510400
198838385132056576
198838385601810432
198838385601822722
198838385199169538
198838385362731010
198838385966714880
198838386272903168
198838386042208256
198838386893660160
198838387401170944
198838386738470912
198838387384393729
198838387644432384
198838387736715265
198838387308892160
198838387912867840
198838387510218752
198838387568939008
198838387900289024
198838388059684864
198838388562989056
198838386386149376
198838388437168129
198838388642689025
198838388663664640
198838388634292225
198838388424589314
198838386239340544
198838388797870080
198838388550410241
198838386054803456
198838388441366529
198838389234089984
198838387766083585
198838389087281153
198838389322170368
198838389297004547
198838389389279232
198838388428767234
198838389552848897
198838389544460289
198838389783543808
198838389682864128
198838389280215040
198838390140055552
198838389670293505
198838390223945730
198838389729009665
198838390374936577
198838390408482818
198838389380882433
198838390123270147
198838390546894848
198838390576250880
198838390370742273
198838390668541953
198838390769192960
198838390983110657
198838391100551168
198838390345568256
198838389921947650
198838391620640768
198838391683555328
198838392119754752
198838392174280704
198838392027484160
198838392165904384
198838392056840192
198838392627273728
198838392258170880
198838392115564545
198838392593727490
198838392266563584
198838392925061122
198838392992174080
198838392404975616
198838392430141440
198838393059278848
198838393176731648
198838393122193408
198838393138982913
198838392711151617
198838392820211713
198838393390632961
198838393482911744
198838392996380672
198838393461936128
198838392912478209
198838393793294336
198838393151561729
198838393474531329
198838393587777539
198838393852002304
198838394078502913
198838390744031233
198838393692635136
198838394275639299
198838394401472512
198838393910722560
198838394422431746
198838394774765568
198838394120450049
198838394565042176
198838395114504193
198838395189989376
198838394879623170
198838395559092224
198838394913169408
198838395475202048
198838395932377088
198838395663945728
198838395286466560
198838396058222592
198838395944972288
198838396070797313
198838396066594816
198838396490235904
198838396746076161
198838396804804610
198838396179841025
198838397253586944
198838396871909376
198838397102592002
198838397643653120
198838397693988866
198838397555576832
198838397723357184
198838398419607552
198838398390255617
198838397991788544
198838397819826177
198838398247636992
198838399157813250
198838398780325888
198838399476568064
198838399115857920
198838399778570241
198838399547883520
198838399577235456
198838399887613952
198838399505924096
198838400458039297
198838400596451328
198838400583860224
198838400244121601
198838400084738051
198838400692924416
198838401036857345
198838401301102593
198838400906829824
198838401250770944
198838401389178881
198838401514999809
198838401544368129
198838401028472834
198838401670189057
198838401947017217
198838400852307969
198838401150103552
198838401825390592
198838402307727361
198838401879912448
198838402479689729
198838402605527040
198838402555183104
198838402701996032
198838402806841344
198838402915893248
198838402869760000
198838402446147584
198838402899120128
198838403171749888
198838403113029632
198838403238858752
198838403473752064
198838402936872960
198838403654094849
198838403062697984
198838402907521024
198838403872198656
198838403641507840
198838404203556864
198838404203560960
198838403855429632
198838404211949568
198838401473064962
198838404295835648
198838403624747008
198838404027400192
198838404555878401
198838403402436609
198838404383911936
198838404954337280
198838404757200897
198838404971110400
198838404589420544
198838405222776833
198838405344407553
198838404753010688
198838405411516416
198838405470224384
198838405566709760
198838405554126848
198838405768036352
198838405713506304
198838405868691457
198838406019690498
198838406107762690
198838404136443904
198838406166482944
198838406455894016
198838406430736384
198838405898047490
198838406703366144
198838406283919360
198838406120345601
198838406829182978
198838406715940864
198838407479308288
198838407407996929
198838406623657985
198838407684825088
198838407684829184
198838407634501632
198838407517044736
198838407810654208
198838407991009281
198838408083275776
198838408020373504
198838408028766209
198838407760318464
198838406392975364
198838408221696002
198838408238481409
198838408209121280
198838407923904517
198838408024563715
198838408427225088
198838408741789696
198838408792121345
198838408293007362
198838409010233344
198838408766955521
198838409144442880
198838408930529280
198838409194774529
198838409366740993
198838409324802048
198838409287053313
198838409559683072
198838409375137793
198838409702293504
198838408292990976
198838409832316929
198838410016866304
198838409572265986
198838409932963841
198838410079764481
198838410138492930
198838410000084992
198838409920393216
198838409840693253
198838410423709697
198838410729885697
198838410398547969
198838410927030273
198838411023486977
198838411094794240
198838410549526530
198838410608259072
198838411073818625
198838410629230592
198838411304501249
198838411136733186
198838411619074048
198838411585536000
198838410977349632
198838411661017088
198838411371610113
198838411707158529
198838411543592962
198838411862355968
198838411879133184
198838411958829057
198838411589718017
198838411505844224
198838412004966400
198838412399226883
198838412374056962
198838412533432320
198838412717981696
198838412281790464
198838412680241152
198838412386631680
198838413040947201
198838412801875968
198838413435211776
198838413435219968
198838412793487360
198838413678493696
198838413120651266
198838413745590274
198838413724614656
198838409337372672
198838413619757056
198838413502332930
198838413963689984
198838413678485504
198838413737197568
198838413682671618
198838414295048193
198838414454423553
198838414462824448
198838414336987136
198838414529929216
198838413858848768
198838413980479488
198838414227939331
198838414689304579
198838414689316865
198838415427506176
198838414534119424
198838414961934336
198838415742091265
198838415247151104
198838415872114692
198838415431712768
198838415968567296
198838416283140096
198838416098598913
198838415729508352
198838416371224576
198838415888879618
198838415997931521
198838416052453376
198838416559980544
198838416643854337
198838416606105600
198838415591084032
198838416836804608
198838416887128064
198838417042313217
198838416652238849
198838417084264448
198838417012961280
198838416752906241
198838417633722369
198838417579192322
198838417323343872
198838417696624640
198838417826643969
198838417604354048
198838417654685696
198838418036363265
198838418082496513
198838418095087616
198838418271248385
198838417793097728
198838418183172097
198838418392883202
198838418455797760
198838418074120192
198838418510319618
198838418610982912
198838418158002176
198838418195755008
198838418103472128
198838418111860741
198838418388688896
198838418715840514
198838419344994304
198838419349180417
198838418682294272
198838419378548737
198838419500171265
198838419097526272
198838419592458243
198838419609231360
198838419579867136
198838419571490816
198838419487588353
198838419206586368
198838420099960832
198838419567280128
198838420028661760
198838419923808257
198838420196433922
198838420347424768
198838420385177600
198838420372590593
198838420162879490
198838420523589632
198838420540375041
198838420221595648
198838420750077952
198838420875915266
198838421932871680
198838421303721986
198838422134202368
198838422318743552
198838421798662144
198838420821385216
198838422851420160
198838422301970433
198838423233110016
198838423191158785
198838423233101824
198838423375716352
198838423493152769
198838423719653377
198838423484776448
198838423971315715
198838420636827649
198838423459598336
198838423996465152
198838424394924033
198838424474624000
198838424176832512
198838424680136704
198838424143269891
198838424663359489
198838425087000576
198838424516562944
198838424533340160
198838425003114496
198838425393184768
198838425208635392
198838425682579456
198838425795821568
198838425841958914
198838425317679104
198838426395615232
198838426294947840
198838424407511041
198838426617905153
198838426294951936
198838426705993728
198838426743746560
198838426240425985
198838426995408896
198838426546610176
198838427381268480
198838427234480128
198838427301588992
198838427377082370
198838427016376320
198838426886348802
198838427402240001
198838426705989632
198838426886340608
198838427049934848
198838427586805762
198838427645509632
198838426961842176
198838427108638720
198838427775533057
198838427892973570
198838427297394689
198838427725213697
198838428429860864
198838428375330817
198838428698292224
198838428287246338
198838428668936192
198838428610211844
198838428220145666
198838428744417281
198838428073328644
198838427419033602
198838429029634049
198838428920586240
198838429520371712
198838424302665729
198838429700726785
198838429713305600
198838429511979009
198838429759447041
198838430145323008
198838430279536640
198838429985931268
198838430132731904
198838430527008768
198838430317289472
198838430195646465
198838430959009792
198838430896103424
198838430975799296
198838431059689472
198838430426333185
198838431122599937
198838430501834753
198838425586114562
198838431323930624
198838431164530690
198838431491686403
198838430778667008
198838431462330369
198838432011788289
198838432187953154
198838432171163648
198838431562993664
198838432330559488
198838431495884801
198838431026135040
198838431793680384
198838430111772672
198838432598990850
198838431709802497
198838432166977536
198838432775159808
198838432770953216
198838432712232962
198838432347328512
198838432305393666
198838432708046848
198838433026818048
198838432867422209
198838433211351040
198838432947118081
198838432410255362
198838433429467136
198838432712232961
198838433584648192
198838433446232066
198838433110700033
198838433295241217
198838433685311488
198838433039396864
198838434469646338
198838434176040960
198838434536755200
198838434889072640
198838434780037121
198838434968772609
198838435228823552
198838435094605824
198838435774087168
198838436042510336
198838435283353600
198838435719557121
198838435987984387
198838435757309952
198838436088655873
198838436101226497
198838435769876481
198838436201906176
198838436000579584
198838436747153409
198838436403220480
198838436248031232
198838436852019201
198838437036568577
198838437070110720
198838436369674242
198838436910743553
198838436860399616
198838437367906304
198838437313384449
198838433458814978
198838436696817666
198838437443407873
198838436860411904
198838437699256323
198838437774761985
198838437548265472
198838438101925888
198838437644742656
198838438089330688
198838438500368384
198838438143856640
198838438844301314
198838438546513921
198838438630391808
198838439410540546
198838439116943361
198838439003701248
198838438974337024
198838439653806081
198838439414730752
198838439385378816
198838439515406338
198838439221796864
198838439653814272
198838439662190593
198838439880306688
198838440077430784
198838439620263936
198838440098414593
198838439876112384
198838440090025985
198838440303923201
198838439926431744
198838440144543747
198838440454926337
198838440899518464
198838440459116544
198838441130209280
198838440995987456
198838441071489024
198838441209896960
198838441339924480
198838441281208320
198838440949854208
198838441688043521
198838441499303936
198838441478332417
198838441834856449
198838441969065984
198838441688051713
198838441604153344
198838442191364096
198838442329767937
198838442241691648
198838442501750785
198838442816307202
198838443005054976
198838443202199552
198838443307048962
198838443059576832
198838443453841409
198838443546124288
198838443634200576
198838443638407168
198838443072167938
198838443432869888
198838444078800896
198838443617419266
198838444166877185
198838444317876224
198838444322066432
198838444586307584
198838444481449985
198838444686966784
198838444812812288
198838444456296448
198838445026717696
198838444611485696
198838444645040128
198838444565344256
198838444955406336
198838445190283264
198838444397563906
198838445165129729
198838445039288322
198838445513261056
198838445114789889
198838445643284482
198838445362249729
198838445496471553
198838445223837696
198838446150787073
198838446092070913
198838445840404480
198838446020755458
198838446528278528
198838445978816512
198838446419222528
198838446662496256
198838446557638656
198838446566031360
198838446599581696
198838447077732352
198838447136440321
198838447325188098
198838447530721281
198838447547490305
198838447669133312
198838447698481152
198838447736233984
198838447765590018
198838447211954177
198838447803334656
198838447782375424
198838445819432962
198838447929180160
198838448042418177
198838447975305216
198838447560065025
198838447862063104
198838447912402944
198838448109531136
198838448273096706
198838446259838977
198838449023881218
198838449086791680
198838448252125185
198838449002913792
198838449153900544
198838448700932097
198838449686589440
198838449107771392
198838449900494849
198838449812414464
198838450085036033
198838450173128704
198838449753698304
198838450340904962
198838449917263873
198838449938251776
198838450353475584
198838450747736065
198838450097631234
198838450785492994
198838450873573377
198838451020369920
198838451104260096
198838451179757569
198838451100057601
198838450567393280
198838451276226562
198838451146199042
198838451641126912
198838450936479745
198838451578212352
198838451649527808
198838451456581632
198838451674689539
198838451125235713
198838451368509442
198838451976675329
198838451985068032
198838452219953153
198838451871817728
198838451817283585
198838452182192129
198838452303831040
198838452781989888
198838452547100672
198838452777787392
198838453306277888
198838453742469120
198838453230772224
198838453901856768
198838453616640001
198838454031880192
198838454489059328
198838453838954497
198838454707175424
198838454702968834
198838454845571073
198838455332118531
198838455399227392
198838455340511234
198838455164354561
198838455118213120
198838455726391298
198838455499882496
198838455323734016
198838455806078978
198838455793496064
198838456003211265
198838455416004608
198838455948689408
198838455743156225
198838456078696448
198838456393281539
198838456321970176
198838456485543937
198838456548458497
198838456053530624
198838456175177729
198838456439418880
198838456879816706
198838455617327104
198838456980484098
198838456598794240
198838457467027456
198838457504759812
198838457668345856
198838457190187008
198838457165033472
198838457920000000
198838458045825025
198838457332801536
198838457345388545
198838457735462913
198838458171658240
198838457479602176
198838458259734528
198838458406543362
198838458523979777
198838458599485440
198838458326855680
198838458700148736
198838459035680770
198838459178287104
198838459576754177
198838459211841537
198838459195068417
198838459245404160
198838458293288961
198838459379621888
198838459794866176
198838459996184576
198838460033929216
198838459014721537
198838460075880449
198838461048946689
198838460147179520
198838461187358721
198838461409673216
198838461497741312
198838461917167616
198838461497753600
198838461669703680
198838461556473857
198838461854265344
198838462214967297
198838461980086272
198838462424682496
198838461871046657
198838462609231872
198838462235938816
198838462852505602
198838462470815744
198838463024476161
198838463028666369
198838463334842368
198838463301296128
198838463271931905
198838463490048000
198838464026906624
198838464127569920
198838463548751872
198838463620067328
198838464345673728
198838463867535360
198838464467304448
198838454694592512
198838464484098048
198838461124452352
198838464341475328
198838464823836673
198838464786071555
198838464513458176
198838464651866112
198838465075490816
198838464802861056
198838465310359554
198838464853192704
198838462001065984
198838465406832642
198838465138409473
198838465742381056
198838465436196864
198838466279251968
198838466115682304
198838465989836800
198838466279260160
198838465687851009
198838466480574465
198838466581233664
198838465956294657
198838466673524736
198838466585440257
198838466757398530
198838466648342528
198838466098900992
198838466631573504
198838466589634561
198838466124062720
198838467134894080
198838466707062784
198838467344613378
198838467340419072
198838467562704896
198838467369775105
198838467520765953
198838467160051714
198838467738861568
198838467260710915
198838468355428353
198838468472868864
198838468141518850
198838468401577984
198838468791640064
198838468749688832
198838468741304321
198838467961167872
198838468837773312
198838468682579968
198838468921659392
198838469085245440
198838469110415360
198838469286572034
198838469366263809
198838469081042944
198838468800024577
198838468703563777
198838468988768257
198838469097828352
