198815820468592641
198815820552486913
198815820963520512
198815821114519553
198815821953368065
198815821835935744
198815822695763968
198815822205026305
198815820900597762
198815820531515392
198815823413002241
198815823513657344
198815824574820352
198815824469950464
198815825224937472
198815826143485953
198815826374176768
198815826378366976
198815824633528321
198815827200458752
198815827699564545
198815827770884096
198815824558039040
198815826500005888
198815828118999040
198815827359842305
198815827183681537
198815827565346816
198815828148359170
198815826982342657
198815828571987969
198815829180170240
198815829364715521
198815830044180481
198815829373104128
198815828282572800
198815830052569089
198815829654114304
198815830220349440
198815829314371584
198815831268917248
198815832262971393
198815832049070082
198815833491898368
198815833257029632
198815833974247424
198815833575800832
198815834506928129
198815833999425538
198815835316432897
198815835488399360
198815835849109505
198815836578918402
198815836650225664
198815836566331394
198815836033658881
198815838030147584
198815837824614400
198815837816225793
198815838021746688
198815838726397952
198815838537654272
198815838961278977
198815839179390976
198815839816912898
198815840030834689
198815840668360704
198815840823541760
198815841289109505
198815841716932608
198815842195087360
198815841159098368
198815842161524737
198815842291564544
198815843088470017
198815843629547522
198815843310768128
198815843273019392
198815843914760194
198815844673921025
198815845328224256
198815844799746048
198815845294678016
198815845063991297
198815845978341377
198815846083203072
198815846326472705
198815846544580608
198815846351650816
198815846032867328
198815847005954049
198815846309707776
198815847408611328
198815847458942976
198815847739953154
198815847958069248
198815847404417024
198815848465580033
198815848788537344
198815849329598464
198815849304428544
198815849665134594
198815849228939265
198815850097156096
198815850009067520
198815849992298496
198815850420121600
198815850478837760
198815850936016898
198815851175100416
198815851321901057
198815851577745408
198815851418365952
198815852232052738
198815851942645760
198815852697624577
198815852810878977
198815852726992897
198815853028982785
198815852265615361
198815852932513793
198815853641351170
198815854538932224
198815854765412352
198815852362076163
198815855038042112
198815854635397120
198815855461675010
198815855184850946
198815855621046274
198815854949974016
198815855537176577
198815855642025984
198815856904507392
198815856980004865
198815857349107713
198815856468295681
198815857474945024
198815857466540034
198815857609162753
198815858259263489
198815859068780545
198815859928608768
198815859765026818
198815860050247682
198815860561948674
198815861069451264
198815861270790147
198815861652455424
198815861677625345
198815861287567360
198815861652455425
198815862017363968
198815862269018113
198815861585362945
198815862667481089
198815862671675392
198815862164172800
198815863175004162
198815863057547264
198815863661531136
198815863678316546
198815863867052032
198815864382947331
198815864307453952
198815864773033986
198815864722702337
198815864252932097
198815864487817217
198815865012101121
198815865381195777
198815865850953728
198815866438172675
198815867264450561
198815867331543040
198815867486736385
198815868401106944
198815868719874048
198815869206401024
198815869252538368
198815869097345024
198815869227368448
198815870208843778
198815870619889666
198815870716358656
198815870254989312
198815871609741312
198815871681044480
198815872964509698
198815874067599360
198815874084384768
198815874881302528
198815875158114307
198815875611099136
198815875170713601
198815876231860226
198815878219964416
198815878274490368
198815878446456833
198815878584864768
198815879218200578
198815879461470208
198815879553748992
198815880145145856
198815880157741059
198815880090628097
198815880203878400
198815880568774656
198815881336332288
198815881315368960
198815881655095296
198815881923543040
198815882426843139
198815881650900992
198815882837884928
198815882825302016
198815883085365248
198815883907440641
198815884029071360
198815883597070338
198815884289130496
198815884716933120
198815884830183424
198815885207670785
198815885224443906
198815885568380929
198815879654412288
198815886935732224
198815887665537024
198815887384522753
198815888869294081
198815888579887104
198815889032884224
198815889414557696
198815890278580224
198815890547027970
198815890228252673
198815890639298560
198815890307944448
198815890135977984
198815891641737218
198815891373293569
198815891406860288
198815892249907201
198815890190503936
198815893021659136
198815893046824960
198815893998936065
198815894179282944
198815894703583233
198815894305116162
198815894783279106
198815895118815234
198815895261413376
198815895227871236
198815896289030144
198815897341804544
198815896762990594
198815897606045697
198815898348429312
198815898759462913
198815899501871105
198815899430563840
198815900231667713
198815900273614849
198815901561270272
198815901653536769
198815901888430080
198815902609850368
198815903679389697
198815903838773248
198815903947816962
198815903876513793
198815904149143552
198815904191094785
198815905134813184
198815905390657536
198815905197727747
198815905369698305
198815905411633154
198815905646510082
198815905659097088
198815905713627136
198815903289315329
198815905856225280
198815906099494912
198815905566822400
198815906569261056
198815906737045505
198815907492020224
198815907143884802
198815908582535170
198815908263755776
198815908343451650
198815909157150721
198815908800638977
198815908729335809
198815909375246336
198815909119406080
198815910558044160
198815911505952768
198815911560482817
198815911539519489
198815911837315072
198815912227389440
198815913728942080
198815913431150593
198815913288536064
198815913263366144
198815914282594304
198815914668466177
198815915897405442
198815916430065665
198815916606226432
198815917315063808
198815917478641664
198815918455926784
198815917621256194
198815918694989826
198815919294779392
198815919936512001
198815917944209408
198815920087511040
198815920028790785
198815919907147776
198815920393695234
198815920913776641
198815919831654401
198815921748451330
198815922075598849
198815922474070018
198815922708938752
198815923128385537
198815923308728320
198815923950469121
198815923937869825
198815924080480256
198815925015822336
198815924575408130
198815925603024897
198815926316048385
198815926395736065
198815926680948736
198815926198607872
198815926433488897
198815927486267392
198815927721140225
198815928056680448
198815928241233920
198815928719392769
198815928702599169
198815928895549440
198815929986068481
198815930510344193
198815929906368512
198815931043028992
198815931357597696
198815931894464515
198815932540403712
198815932091613184
198815932745908224
198815933127606272
198815933089841152
198815933404426243
198815933500899328
198815934025183232
198815933538631682
198815935044399105
198815935686115328
198815935665152000
198815935778394113
198815936462065664
198815936248168449
198815936462073857
198815937275760641
198815936730509314
198815938127216642
198815938185920512
198815938844438528
198815939683303424
198815939934945280
198815939603599360
198815940144668673
198815937217044480
198815939867848704
198815940471824384
198815940522164224
198815939536502787
198815941507821568
198815942338297856
198815942669631488
198815942514450432
198815942510252032
198815943156170755
198815943231680512
198815943181348865
198815943407833088
198815943604965376
198815944523513857
198815944489975808
198815944850669569
198815944750010368
198815945681145857
198815946264154113
198815946629066754
198815947312730113
198815947308539904
198815946947829760
198815947413405697
198815949003030528
198815948633935872
198815949053366273
198815950915645440
198815951410561024
198815951607697408
198815952324931584
198815952530456581
198815951976800256
198815952706613249
198815953830682625
198815953461592064
198815954413686784
198815954900234240
198815954887655424
198815955437109248
198815955567132672
198815955671982081
198815956083023873
198815955340636160
198815956099801089
198815956133347328
198815952941481985
198815955873304576
198815956720549890
198815956695384064
198815956376625152
198815956536000513
198815956917682178
198815958071128064
198815958368919552
198815958582824960
198815958624768000
198815958733828096
198815959069364224
198815958909988864
198815958792548352
198815959761424384
198815959656562688
198815960306696192
198815960344444928
198815960998756352
198815961074253824
198815961011322881
198815961397202944
198815961657262082
198815962219282432
198815961791479808
198815962588381184
198815962408034305
198815962940706816
198815963037179907
198815963129446402
198815963616002048
198815963972517888
198815964027027456
198815964542930945
198815964660383744
198815964891066370
198815964563906560
198815964551319552
198815965415350272
198815965813805056
198815965822201856
198815966187102209
198815965977378816
198815966161932288
198815966526844929
198815967344726019
198815969500594178
198815969517383681
198815969659977728
198815969546747905
198815969156669440
198815970234609665
198815970268160000
198815971392241664
198815971467726849
198815972579221504
198815972717633536
198815972767961088
198815972881211392
198815972868624384
198815973040599041
198815972684083200
198815973468405760
198815974605078528
198815974210813952
198815974655401984
198815972549861377
198815975062249472
198815975200665601
198815975615901698
198815975439736832
198815976152776704
198815975620083712
198815976723189760
198815976735780865
198815976303771648
198815977218129922
198815977654337537
198815977788542976
198815978367356928
198815978904231937
198815979810201601
198815979780841474
198815979420135425
198815980485484547
198815980791660544
198815980951056384
198815980858777600
198815981643104258
198815981802500096
198815982184173568
198815982461005824
198815981940908032
198815982100283393
198815983274688512
198815984000303104
198815984239390720
198815984189054977
198815984310693888
198815984944037888
198815984654630913
198815984440709120
198815985451532288
198815985640280064
198815985606729729
198815986177150976
198815987167014913
198815988106526720
198815988261720065
198815988626624513
198815988781821952
198815989083815937
198815989163491328
198815989708750848
198815989608099840
198815990648291329
198815991206129664
198815991147405312
198815991298396160
198815991826886656
198815992011436032
198815992632188928
198815992246308864
198815993374584833
198815993466847233
198815993798209537
198815993844350976
198815994217631744
198815994280550400
198815994880339968
198815995610140672
198815995777916928
198815995996024834
198815995715002368
198815996180578304
198815995912130560
198815996679684099
198815997455630337
198815997212364800
198815997925396483
198815997673746432
198815998957195265
198815999854776321
198816000412626945
198816001134034944
198816001494761474
198816001905795072
198816002304262144
198816001847066625
198816002602045440
198816002723692544
198816002904035328
198816002849505280
198816003092791296
198816002987933696
198816002937602048
198816004233629696
198816004472717312
198816004715986946
198816004384620546
198816004988600324
198816005626146816
198816005881995266
198816005722615811
198816006519529472
198816006926385152
198816007404523522
198816008419557378
198816008151117827
198816008553758721
198816008692183040
198816009103220736
198816009124196352
198816009703002112
198816010093080579
198816009539428353
198816010411839491
198816010369900545
198816010713829376
198816011066163200
198816011229724673
198816011263291392
198816012412526592
198816012488028160
198816012441886721
198816013687590913
198816013926678529
198816014383845377
198816016237740032
198816016564895745
198816016900435968
198816017101766656
198816017567334400
198816017621852160
198816017084981248
198816017487626241
198816017324052480
198816018095800320
198816016967536641
198816019320553474
198816019890966529
198816020352339969
198816017240166400
198816020444610560
198816020943732736
198816021501579264
198816023317712897
198816024160763904
198816024274022403
198816024513085440
198816025070931968
198816025138044929
198816026006274050
198816025947553792
198816026337615872
198816026601848833
198816026987737089
198816027361021954
198816027797241856
198816027683979264
198816027868536834
198816028812251136
198816029076488192
198816029575610368
198816029609172994
198816029961490433
198816029533675522
198816029978271746
198816030498361344
198816031207198721
198816031484035073
198816031324647424
198816032117366784
198816032230608896
198816032712953858
198816032603914240
198816033254019073
198816034566844416
198816034092888064
198816035011440640
198816035195990016
198816035778998272
198816036454281216
198816036508798979
198816036596883456
198816036911456259
198816036412338177
198816037217640448
198816037129560065
198816036873703424
198816037842599936
198816037016317953
198816038043910144
198816038081658880
198816038442377216
198816038698225664
198816038727593984
198816038572396544
198816038933118978
198816039050559488
198816039851655169
198816040656977922
198816040912826368
198816041206415360
198816041349021696
198816041575518210
198816040896045057
198816041533579265
198816042104004608
198816042909315074
198816042733146112
198816043559419904
198816042745737217
198816043697836032
198816043622342656
198816044230524928
198816044457005057
198816045073567744
198816044918382592
198816045073575938
198816045610446851
198816045493006338
198816045367169025
198816046076014592
198816046738710531
198816047162327041
198816046940033024
198816047736954881
198816048202518531
198816047707586561
198816048353525760
198816048873615360
198816049070743552
198816049251098626
198816049376923648
198816049527926784
198816050190626818
198816050249338880
198816050689748992
198816050878484480
198816050916245504
198816047711797248
198816051419545600
198816051650244611
198816051750899714
198816051398586369
198816051331481600
198816052023541761
198816052367466497
198816053554450432
198816053088886785
198816054301040644
198816054607216641
198816054888247297
198816055626432512
198816056180084736
198816056645648384
198816056721162240
198816057018945537
198816056918290432
198816057899757569
198816057463537664
198816056045879296
198816058382102528
198816060068200449
198816060122726401
198816060680568832
198816061297139712
198816061234225153
198816060693168128
198816061779488768
198816061783683072
198816061141958658
198816061829808128
198816062224089088
198816062471544833
198816062597382145
198816061842403328
198816062836449281
198816063037771776
198816063306203136
198816062991630336
198816063587225600
198816065210425345
198816065474658304
198816065533382656
198816065491443712
198816065881518080
198816065457889280
198816065885704192
198816065541783553
198816066347081728
198816066200272896
198816067047530497
198816067156578304
198816067643113472
198816067869618177
198816067076882432
198816067546648576
198816068381327361
198816068456824834
198816067978657794
198816067752173569
198816068259692544
198816068742037504
198816069148884992
198816068473585666
198816069253730304
198816068242903040
198816069710905344
198816070734327809
198816070872739840
198816070897909760
198816070918881280
198816071166345216
198816069845135360
198816071111802881
198816070814011392
198816071665467392
198816071724175360
198816071271194624
198816071753535489
