198781093380493313
198781092990435328
198781094882062336
198781095200833536
198781097054711808
198781097084059648
198781097625124865
198781099646779395
198781099571286017
198781099760025600
198781100070404096
198781100565344256
198781100619857920
198781101123182592
198781103346155521
198781104092741634
198781103375515650
198781105380405248
198781105594318848
198781105632051200
198781105187467269
198781106345095169
198781106949070850
198781107196538880
198781108731658241
198781108559691776
198781108878450688
198781109234966528
198781110170296320
198781109604069376
198781110598111232
198781107368509440
198781110577147904
198781111051108352
198781111613128704
198781111176937472
198781113550901248
198781113278283776
198781107490144256
198781114784030721
198781115228626945
198781115975213056
198781116738572289
198781117292216320
198781117388689409
198781116809875456
198781116902154240
198781118869286912
198781118630203392
198781119452299265
198781120970625025
198781121348120579
198781122648350720
198781122774171650
198781122849685504
198781124284129280
198781125022318593
198781124464476160
198781125349474304
198781125785681921
198781129501847553
198781127962537984
198781129317289984
198781130529447936
198781130294562817
198781132299452416
198781132945367040
198781133046022145
198781133050228738
198781130944675840
198781135206096897
198781134413373440
198781136351150080
198781137768808449
198781136997064707
198781139056476161
198781141447229442
198781141556273153
198781143338860545
198781144521646081
198781145469550592
198781145758965760
198781148774666240
198781148434923522
198781149017939969
198781149978443776
198781149693227008
198781150204932098
198781149714186240
198781153149333504
198781153375813633
198781153694593025
198781153728151552
198781154835435521
198781156311826432
198781156588654594
198781158878752769
198781159239458816
198781159923122177
198781160220917761
198781160569061378
198781161357578241
198781161739264000
198781162078998528
198781162343243776
198781162909470720
198781164549439488
198781165090512897
198781166688550913
198781166898266112
198781166915039232
198781167258972160
198781167099580416
198781167284137985
198781167351242752
198781169213521922
198781169297391617
198781168932487168
198781169498730496
198781170111102976
198781170681520128
198781170656362496
198781170023006209
198781171117735936
198781172040470528
198781172480880640
198781173156163585
198781174351540224
198781175173627906
198781174590611456
198781175517552641
198781175953756160
198781177010733057
198781177404989450
198781178155761664
198781179397283840
198781181381185536
198781181901275138
198781182136168449
198781182324912128
198781182492672000
198781183461560322
198781184036179969
198781183872602112
198781185638408192
198781185621630976
198781186963804161
198781187286765568
198781187110608897
198781188029165568
198781188721221634
198781188373086208
198781188779933697
198781189618810880
198781191892115456
198781192479309825
198781192609349632
198781194027012097
198781191300710400
198781194593239041
198781195201417216
198781195922841601
198781194953961473
198781196858163201
198781197374078978
198781196237410304
198781203225128962
198781203254480896
198781202382065666
198781203610996736
198781204307251200
198781204550533121
198781205192245248
198781206786088961
198781206538625025
198781206844805120
198781207541055488
198781208178593792
198781208350568448
198781208354750465
198781210145718273
198781211605352449
198781211244642305
198781212385480705
198781213387919360
198781214595887104
198781214331645953
198781214549741568
198781215237619713
198781215342473216
198781215438934021
198781217083105280
198781217657716738
198781217498337280
198781218106519552
198781219478044673
198781219645825024
198781219280916480
198781219280916481
198781219406749696
198781220446937091
198781220765696003
198781223592665088
198781224016281600
198781225085833216
198781225995997185
198781226012782595
198781226297991171
198781229196247040
198781229506629632
198781231863824384
198781233491218435
198781233919045632
198781235823255552
198781236506927104
198781237081554944
198781236880211970
198781236829880320
198781237454843904
198781237425475584
198781238914465793
198781239451332609
198781240013357056
198781240659292161
198781241028395009
198781240558616577
198781242592854017
198781243482050561
198781243649830913
198781243918266368
198781237341589504
198781244736159745
198781244979425282
198781245440794624
198781246422261761
198781246602616832
198781246040571904
198781247265325057
198781247735074816
198781247479226369
198781249572192256
198781250427822080
198781251736444928
198781251614801920
198781250885009409
198781252755656705
198781253384806400
198781254244638720
198781254521458688
198781257063219201
198781257436508162
198781259764346880
198781262998142976
198781263258189824
198781264264822787
198781264608768000
198781266965954560
198781267678994433
198781267658031105
198781267972603904
198781268970840064
198781268907929600
198781270124277760
198781270103293954
198781270250110976
198781269860028416
198781271613259778
198781272699580417
198781273056096256
198781273433583618
198781273773318144
198781273928511488
198781274528296961
198781276537368578
198781276617056256
198781277158121475
198781280828133376
198781280765231105
198781281302097920
198781283789324288
198781284628180992
198781284951142400
198781285949390848
198781286364614658
198781286431727617
198781286310100992
198781286146510848
198781287283167232
198781286855348226
198781288180752387
198781288256249856
198781288730214400
198781288113639424
198781288990244865
198781289556480000
198781291120951297
198781292303749122
198781292869984257
198781293327167488
198781294149255168
198781294497370113
198781296795856896
198781296405786625
198781297513074690
198781297869586432
198781298356137984
198781298028969984
198781299257901057
198781300386185216
198781291754291201
198781301338284032
198781300981772288
198781301887737856
198781303347347457
198781303863255040
198781300847558656
198781303485767680
198781300260347905
198781306430160896
198781307210301440
198781306681835522
198781307688468482
198781308019802112
198781308766388224
198781309886275584
198781310066634752
198781310557356032
198781310045650944
198781311534628864
198781312071512065
198781312482545665
198781314193817601
198781314416119808
198781316496498689
198781316660072449
198781316253237250
198781317230505985
198781317503135745
198781317515710464
198781317989662720
198781317637341185
198781320388808704
198781320804040705
198781320657252352
198781320925687808
198781322494349312
198781322813112320
198781323450662912
198781324075601922
198781323605852161
198781324948025344
198781325409398784
198781327158411265
198781327523319809
198781327967924225
198781328160858113
198781327980494848
198781329997971456
198781331382083584
198781332275462145
198781332686520321
198781332669734912
198781333667983360
198781333865107457
198781334028689410
198781334330675201
198781336771764225
198781335500881921
198781337983913985
198781338734702593
198781339128971265
198781339405783040
198781340408221696
198781340492120067
198781340840235010
198781341653942274
198781342262108160
198781342429872128
198781339951054849
