198851302288146432
198851304393682946
198851304733417473
198851305400307713
198851305626812416
198851307304525824
198851309858856960
198851309267464193
198851310580285441
198851309594607616
198851310865481728
198851309095497730
198851311624654848
198851311574331392
198851312962646017
198851314283839488
198851314355142656
198851314460016640
198851314644549632
198851315416313856
198851317471510529
198851317471514625
198851318536871936
198851319191191552
198851319157628928
198851320336228353
198851320801796096
198851320885673984
198851323242881025
198851322743750656
198851323641344000
198851324912218112
198851325637836801
198851326069833730
198851326136946688
198851326111780865
198851327189729280
198851329303658496
198851330129932288
198851330540965888
198851331170115585
198851331644076032
198851331912507393
198851332138995712
198851332352901120
198851333208555520
198851334240346113
198851334273896448
198851334626226176
198851335305699328
198851335687385088
198851336563982336
198851336354283520
198851336819843072
198851336748539904
198851338296238081
198851338929582080
198851340280139776
198851342230499329
198851343673339904
198851345694994432
198851347943133184
198851347615973376
198851348559704064
198851348425486336
198851348912013312
198851349780242436
198851350904311809
198851351965478913
198851351852224512
198851352263266304
198851354440114176
198851356453371904
198851357426454528
198851358814769152
198851359552978944
198851359863353344
198851359745908736
198851360278581248
198851360400220160
198851360840630272
198851361390075904
198851362501574656
198851362912616448
198851362849685504
198851360853200896
198851364187676672
198851364221231104
198851365773115392
198851365286580224
198851367564095490
198851367278886912
198851367744450560
198851368541372416
198851371481579520
198851371066339328
198851372962168832
198851373520007169
198851373465485313
198851376661536768
198851378012102656
198851377911447553
198851377907249155
198851380037943296
198851380398661632
198851383129153536
198851387059220480
198851387357007872
198851389986836480
198851391198990337
198851391907831808
198851394340536320
198851394105655296
198851394869018624
198851396165050368
198851396160860160
198851396643209217
198851396534149120
198851398534836225
198851398744543232
198851402313904128
198851402582339584
198851405589655552
198851407737139200
198851408643112960
198851408332726272
198851406713733121
198851409863647233
198851410606043137
198851410647986176
198851411214221312
198851411633643520
198851411440709633
198851413198127104
198851414380908544
198851414171189251
198851414552870912
198851415471439873
198851415421104128
198851416331268096
198851412636086272
198851419183382528
198851419061755905
198851420882079744
198851421100187649
198851421456695297
198851423822282753
198851424560496640
198851425688756226
198851426573758464
198851426582147072
198851427337125888
198851428624773120
198851429371359233
198851427731390464
198851429954359296
198851431527231488
198851432110243841
198851432160559105
198851432676470784
198851434236739584
198851437059518464
198851437416030208
198851437751582720
198851443103510528
198851443518742528
198851443942375425
198851444261134336
198851443715874817
198851444273713152
198851444756054016
198851444651204610
198851445578153984
198851445687193601
198851446723194880
198851446765137921
198851447897595904
198851450263187457
198851446614138881
198851449516601344
198851453920616448
198851455610925056
198851456445583360
198851456344920064
198851457590628354
198851459255771137
198851461956911105
198851462439251968
198851464528019457
198851465371074560
198851465782108161
198851466474172416
198851466532884480
198851468181250048
198851469540196353
198851469435351040
198851472056782848
198851473587707905
198851471113076738
198851477618425856
198851478306291712
198851477945585664
198851478973194240
198851479082254336
198851479740760067
198851479287771137
198851479300341760
198851481317814273
198851481682710529
198851482357993472
198851482752258048
198851484098629633
198851484413198336
198851483909885953
198851485465980929
198851486573281282
198851490117459969
198851494349512704
198851494995431425
198851494626332672
198851495322591232
198851495863664640
198851497797234688
198851498409603072
198851498338291712
198851500863270912
198851501102346240
198851503346298880
198851504571027456
198851511881699328
198851514389901313
198851514339561473
198851515040014336
198851515627208704
198851515371368450
198851514251476992
198851513119023104
198851520144474113
198851519863468032
198851521029476353
198851521234993152
198851522459746304
198851524124876801
198851524431052800
198851524049387521
198851525387362305
198851525412536322
198851525999722499
198851526092013568
198851527157354496
198851527937495042
198851528461795328
198851527987838976
198851531011932160
198851531385212932
198851532962283520
198851533377511427
198851533599801345
198851535738900480
198851536363855873
198851536363864065
198851535826993152
198851537806692352
198851538742026240
198851538393894912
198851538788155392
198851537701838849
198851539513769984
198851541539627010
198851541136973824
198851542185549824
198851542806310912
198851543309615104
198851544211390464
198851545318694912
198851542743384064
198851546371461120
198851549450084352
198851547969486849
198851552176386048
198851552176381953
198851552696475649
198851552616775681
198851554093170688
198851555460521984
