198811038802649088
198811038941061120
198811038873952257
198811039029137409
198811038693597184
198811039243055104
198811039243059201
198811039305961474
198811039335333890
198811038823612416
198811039389851649
198811039318556672
198811041533136898
198811041361166341
198811041398923265
198811041692528640
198811041558302720
198811041126293504
198811041738657793
198811041839329281
198811041336012800
198811041747054592
198811041881260032
198811041927409665
198811041872875521
198811041336004608
198811041956757504
198811041826746369
198811042044854272
198811041990328320
198811041365372929
198811041218560001
198811041902235649
198811041596047360
198811042325860353
198811042204229633
198811042493628416
198811042493636608
198811042619461633
198811042179055616
198811041038221312
198811042665598976
198811042174873601
198811042866937857
198811042866937859
198811042783039488
198811042497822721
198811042866937858
198811043043090432
198811043089223680
198811043110195200
198811043177304064
198811043194089472
198811043118587905
198811043177316352
198811043026321410
198811043328311297
198811043512860672
198811043588345858
198811043718369280
198811043806457856
198811043630301186
198811045622587392
198811044209115136
198811045672919040
198811045295431680
198811045777780736
198811045610000386
198811045769388034
198811044867616768
198811045777768449
198811044708229121
198811045215748097
198811044838256643
198811044053921792
198811046268518401
198811046385942529
198811046083956736
198811046482411521
198811046444666880
198811045224128514
198811045538693122
198811046578880512
198811046209794048
198811046813769728
198811045819719680
198811046755045379
198811046100742144
198811046989926400
198811046943784960
198811047241588736
198811047182872576
198811047338065923
198811047279345664
198811047476477952
198811047497445376
198811047476461568
198811047686184961
198811047820410880
198811047904288769
198811047711346688
198811047849766912
198811047648440322
198811048042696704
198811047346442240
198811048013348865
198811047912673280
198811048000765952
198811048072056833
198811048252407809
198811047988178944
198811046952181760
198811049850441730
198811049896583168
198811049468755968
198811049389064192
198811048986427392
198811049875611649
198811049770745856
198811050014031873
198811049548451841
198811048462123008
198811050022412289
198811050097905664
198811049997242368
198811050206969857
198811050223734785
198811049502322688
198811050039197696
198811050324402176
198811050458628096
198811050454429697
198811050487988224
198811050374733825
198811050714464256
198811050617995266
198811049904979968
198811050760609794
198811050236313602
198811050718674947
198811050785771520
198811050718658562
198811050676719616
198811050936778753
198811050651561986
198811050915790848
198811051062607874
198811050932580352
198811051083571200
198811051112927232
198811050764795904
198811051691745280
198811051238764546
198811051679170561
198811051691737091
198811051725295616
198811051788222464
198811051863707648
198811051993743360
198811052035670018
198811051234574337
198811051620442115
198811054032162816
198811054233485312
198811054132834306
198811054170578944
198811054216712194
198811054065729536
198811053625327617
198811054334164993
198811054535487488
198811054162190336
198811054598389761
198811054510317569
198811054648737792
198811054577426432
198811054619365377
198811054401265664
198811054384488450
198811054267043841
198811054774550529
198811054229299202
198811054854246401
198811054413848577
198811054921367552
198811054283821057
198811054833287169
198811055072362498
198811055105904641
198811055080742912
198811055135260672
198811055261093888
198811055219163136
198811055261106176
198811054904590337
198811055009431552
198811055026216960
198811055110094848
198811055659560962
198811055659548676
198811055621799936
198811055596634113
198811055844114434
198811055655362561
198811055768604673
198811055852490753
198811055902822400
198811056007688192
198811056217403393
198811056263528448
198811056339038210
198811056330641409
198811057861558272
198811058239057923
198811057492459523
198811057773494273
198811057505050624
198811058348105728
198811058142588928
198811057911889920
198811058641715203
198811058775924736
198811058738184192
198811058692038656
198811058914340864
198811058884968449
198811058301968384
198811059035979780
198811059090493445
198811059069534209
198811058985631745
198811059086311424
198811059216318464
198811059270844416
198811058704625665
198811059270844418
198811059405078529
198811059400871936
198811058343907329
198811059568656384
198811059165999104
198811059677700098
198811059669311491
198811059585433601
198811059786756097
198811059786752000
198811059879026690
198811060046790656
198811060034211840
198811060042596353
198811060134875136
198811059954520064
198811060134879232
198811060172619776
198811059644137473
198811060256514048
198811060231356418
198811060415889409
198811060524945408
198811060688535552
198811060080361472
198811060860497920
198811062647275520
198811062517248000
198811062714376193
198811062550802434
198811062613716993
198811062160719875
198811062869561344
198811062106210304
198811062768906242
198811062919897089
198811063028957188
198811062722764800
198811063112843265
198811063297392640
198811063385460740
198811063335137281
198811063347707905
198811062869573632
198811063431593984
198811063096057857
198811063435796480
198811063628734466
198811063494520832
198811063674871808
198811063603576832
198811063771344898
198811063779737600
198811063788126208
198811063318351873
198811063972675585
198811064081727488
198811063532261378
198811064312414208
198811064148836352
198811064006230018
198811064324993024
198811064442437632
198811064178188288
198811064572461057
198811064169807874
198811064622792705
198811063704231936
198811064656343040
198811063888777216
198811064148836355
198811064815730689
198811064815726592
198811064882831360
198811064467599361
198811064933171201
198811066564755456
198811066657017857
198811066761887744
198811066812215296
198811066522800128
198811066875121665
198811066959015936
198811066996760576
198811067198095361
198811066526994432
198811067189694464
198811066971586562
198811067290370049
198811067403603968
198811067353272322
198811066862542848
198811067487485953
198811066426327041
198811067567190016
198811067072253952
198811067747549184
198811067990814721
198811067902726144
198811067885944832
198811068045328385
198811067625897985
198811068074696704
198811067995013120
198811068078895105
198811067432960001
198811068099854337
198811068145999872
198811068225691648
198811068217298945
198811068154388480
198811068296998913
198811067911122944
198811067923705856
198811067554611202
198811068477341696
198811068435415041
198811068519292928
198811068351512576
198811067504271361
198811068536070145
198811068296994816
198811068301189120
198811067143565312
198811068498313217
198811068678676481
198811070884884480
198811070780026880
198811070830346241
198811070842941442
198811070889070593
198811070897455104
198811071111376897
198811069630791681
198811071027494912
198811070972956673
198811071220420608
198811071119753216
198811070956175360
198811071329468416
198811071237201920
198811071384010752
198811070817767425
198811071522414593
198811071602106368
198811071547576320
198811071602106369
198811071665029120
198811071652446209
198811071669219328
198811071748902912
198811071916687361
198811071702773761
198811072155762688
198811072021544961
198811072256417792
198811071702765569
198811072231247873
198811071920877568
198811072348692481
198811072378048513
198811072390635520
198811071929262080
198811072411615232
198811072491302912
198811072608735232
198811072612941824
198811072805867520
198811071723749378
198811072872980481
198811072927514626
198811072625524738
198811073015578627
198811073237876736
198811073195937792
198811072893960194
198811075058204672
198811074588459008
198811075146289152
198811073976078339
198811074835914754
198811075343433728
198811075255341056
198811075435704321
198811075557326849
198811075523776515
198811075301474306
198811075360194562
198811075842551812
198811075922247680
198811075746070528
198811075850932225
198811075825778689
198811075850940416
198811075855126528
198811076001931264
198811075532177408
198811076064849920
198811076161314816
198811076270366721
198811076232613888
198811076291338241
198811076438142976
198811076723351554
198811076597530624
198811076580749313
198811076513644545
198811076807237632
198811076270366720
198811076782071808
198811076475883522
198811076870152192
198811076798853120
198811076836601856
198811076903710720
198811076312313856
198811076941455362
198811076983394307
198811076899512320
198811076522033152
198811076375216128
198811077188911104
198811075527979009
198811077146972161
198811075335032832
198811075511197697
198811079420297216
198811079403520000
198811079520956417
198811079520944129
198811079705509888
198811079994912768
198811079990714369
198811079458045954
198811079978135553
198811079567093761
198811080171073537
198811079646785536
198811080137523200
198811080217214976
198811079353184256
198811080183644160
198811080380776448
198811080389181440
198811080435306496
198811080707932161
198811080607268866
198811080766668801
198811080699551745
198811080712138752
198811080775045121
198811081009926144
198811081215451138
198811080682770432
198811080993144834
198811080611479552
198811081009934336
198811080775057409
198811081286750208
198811081274175489
198811081211252736
198811081135763458
198811081181900802
198811081202860034
198811081307725824
198811081311920128
198811080724721664
198811081441935361
198811081286758400
198811081051881472
198811081081241600
198811081605521409
198811081630679042
198811081647456258
198811081530015745
198811081823629313
198811083358748673
198811083568459777
198811083115470848
198811083497160708
198811083639767041
198811083723640834
198811083505549312
198811083966906369
198811083396493313
198811083723636737
198811084038209536
198811083409063937
198811084117909504
198811084268904448
198811084176621568
198811084344393729
198811084088549376
198811084398923777
198811084440866816
198811084436676608
198811084382150659
198811084495392769
198811084356976641
198811084583485440
198811084713508865
198811084046610433
198811084612833280
198811084667367424
198811084667371520
198811084747063298
198811084784799746
198811084864495616
198811084877074433
198811084902248448
198811084919013376
198811084394725377
198811085036457985
198811085053247488
198811084994519040
198811085095186433
198811084981932032
198811084487016448
198811084189220865
198811085275541504
198811085149700096
198811085309083648
198811085216817153
198811085472669696
198811085363625984
198811085434929153
198811087565635584
198811087586594818
198811087615950848
198811087112634368
198811087943118848
198811087917940736
198811086936477696
198811087976669187
198811088110878721
198811088186392576
198811087615959040
198811088102502400
198811088177987584
198811088157024256
198811088438034433
198811088521928704
198811088580657155
198811088681316352
198811088626778112
198811088672923650
198811088630972416
198811088706482177
198811088559673344
198811088865853440
198811088744226817
198811088815521793
198811088123461632
198811088412868608
198811088060547072
198811088903618561
198811088924585984
198811088966516738
198811088702279680
198811088928772097
198811084671557632
198811089172054016
198811089100750848
198811089260130306
198811088584847361
198811089281101824
198811088492564481
198811089578885124
198811089654386688
198811089742479360
198811089650188291
198811089683746817
198811089780215809
198811089486626817
198811090145124353
198811090208047104
198811091759935489
198811090719735808
198811091818647552
198811091621519360
198811091944488961
198811091940290560
198811092003192833
198811092196130816
198811092284219392
198811091575377921
198811092284215296
198811091978035200
198811092338745344
198811091902529537
198811092389076994
198811092561047553
198811092485537794
198811092531683334
198811092577812480
198811092665909248
198811092712030208
198811092842053632
198811092842070016
198811092863029249
198811092355526656
198811092988870656
198811092921749505
198811093026619393
198811093076934656
198811092988862465
198811092317782016
198811092066111488
198811093051785216
198811093202767873
198811092816891904
198811093227941889
198811093240520704
198811093265682432
198811093395709952
198811093261496321
198811093576073217
198811092703641601
198811093513150464
198811093559287808
198811093706096640
198811093861273600
198811093915807745
198811093714472961
198811093907406848
198811094008074240
198811095937462275
198811095912284161
198811095358644225
198811096084262917
198811096063287296
198811096000372740
198811096075874305
198811096117817345
198811095828402176
198811096101036035
198811095497064448
198811096084250625
198811096189112322
198811095220236290
198811096252039168
198811096281391104
198811096302354432
198811096457555970
198811096461754369
198811096503689216
198811096772132865
198811096885379072
198811097006997504
198811097007013890
198811096403034112
198811097174777858
198811097065730048
198811097296416768
198811097153810432
198811097208332288
198811097371914240
198811097283829761
198811097350930432
198811097459986432
198811097237692416
198811097455804416
198811097476771841
198811097631965184
198811097535488000
198811097741008896
198811097648726018
198811097384493057
198811097556455425
198811097854263296
198811097598394369
198811097032163331
198811097397080065
198811097682284544
198811096621133826
198811097501941760
198811100127559680
198811100131766274
198811100056268801
198811100245004288
198811100089810946
198811100232425473
198811100203057152
198811100370829314
198811100450533377
198811099712323585
198811100341481473
198811100735746048
198811100303736832
198811100739932160
198811100878352384
198811100781875200
198811100677021696
198811101020962816
198811100198879232
198811100668637184
198811100962226176
198811101125816322
198811100991594496
198811101226467330
198811101146787840
198811101205495809
198811101150982145
198811101318758400
198811100769296384
198811101280993280
198811101306171392
198811101402632193
198811101457154048
198811101478137858
198811101440385025
198811101645897729
198811100735733760
198811101767544832
198811101671071744
198811101817864193
198811101771739138
198811101826260994
198811101956280322
198811101889175552
198811101943705600
198811101893365760
198811102048567296
198811102140837890
198811102124052480
198811102325374976
198811104422526976
198811104493842432
198811104657424388
198811104741294080
198811104279928832
198811104795832320
198811104846163968
198811104384782336
198811104678391809
198811104900681728
198811104254754816
198811105143955456
198811104787431424
198811105244618752
198811104925855744
198811105152335872
198811105269792768
198811105366253573
198811105324314627
198811105357860864
198811105273974784
198811105223655424
198811104527384579
198811105211064320
198811105445937152
198811105118781440
198811105697603584
198811105890541568
198811105836023808
198811105987014656
198811105966043136
198811106045722625
198811106037350400
198811106024759296
198811106012180481
198811104938430465
198811106158968832
198811106117025793
198811106125418496
198811106188333056
198811106188345345
198811106091872258
198811106263830529
198811106213511168
198811106255441921
198811105987006464
198811106557431809
198811106456768513
198811106641313793
198811106544861185
198811108642004993
198811108662972417
198811108562305025
198811108675551232
198811106653908993
198811108776218624
198811105370456065
198811105554989056
198811108855918592
198811107937353728
198811108969168896
198811108956577792
198811109141118976
198811109061427200
198811108612636672
198811109086593024
198811109149511681
198811108822351872
198811108063195136
198811107807330306
198811109225009152
198811108792995840
198811109409558530
198811109061431296
198811108881084417
198811109577342977
198811109560549376
198811109485064192
198811108558127107
198811109564747778
198811109577330688
198811109585719298
198811109401174016
198811109535391744
198811109367619585
198811109497643009
198811109719949312
198811109627674624
198811109707366400
198811109631860736
198811109677998080
198811109753495552
198811109657026562
198811109766086657
198811109824798722
198811109740912640
198811109879316480
198811109900288001
198811109942243328
198811112802750464
198811112710483970
198811112915996673
198811112815337472
198811112907616257
198811112135860225
198811112966332418
198811112744026112
198811112542699522
198811112651763713
198811113180246017
198811112752418816
198811113079586817
198811113075380224
198811113314467841
198811113167659008
198811113389961216
198811113272524802
198811113352200192
198811112760819714
198811113549340672
198811113557737472
198811113322852353
198811113532563456
198811113910059010
198811113960390656
198811113964568577
198811114031677441
198811114178478080
198811114228809728
198811114199453698
198811114136535041
198811114325278720
198811114329481216
198811114178478081
198811114220437504
198811114472083457
198811113985548288
198811114312708098
198811114576936961
198811114702782464
198811114530799616
198811114551787521
198811114711171072
198811114472091648
198811114946048001
198811114740531200
198811114870538242
198811114929274880
198811114287538176
198811116921565187
198811116929945600
198811116959305730
198811116237897728
198811116535681025
198811117022228480
198811117089341440
198811117089337344
198811117118689280
198811116783140864
198811117236142080
198811117257097217
198811116984483840
198811116015587329
198811116133023744
198811117366161408
198811117299040256
198811117638778882
198811117693304832
198811116929957888
198811117634584576
198811117743636480
198811117571678208
198811117592641537
198811117852696577
198811117722673152
198811117844312064
198811118167273472
198811118012084226
198811117642989568
198811118087581696
198811118108545024
198811117005455360
198811118314074112
198811118230179840
198811118314065921
198811117923991552
198811118280523777
198811117684920320
198811117697499137
198811117793968128
198811118494433282
198811118532165632
198811118473457664
198811117936574465
198811118389571587
198811118473445376
198811118586695680
198811118699937792
198811118653808640
198811121182978049
198811121166192640
198811121149419520
198811121120063488
198811121090707456
198811121187160064
198811120839036931
198811121350737920
198811121371717632
198811120742567936
198811121518518272
198811121401073664
198811121749196800
198811121732427776
198811121753407489
198811121862451200
198811121929568258
198811121975693313
198811121996660736
198811122005049344
198811122084745217
198811122265096192
198811122294472705
198811122239942658
198811122227359746
198811122172837888
198811122344792064
198811120591568899
198811122277683200
198811122307055617
198811122357370881
198811121732423680
198811121849864194
198811122550312960
198811122663555073
198811122130890752
198811122692915201
198811122663555072
198811122634194944
198811122877464576
198811122873282560
198811122902630402
198811122428686336
198811123036852227
198811123171065856
198811123296911360
198811123292708865
198811123338842113
198811123317874688
198811123296894978
198811125440188416
198811125100453891
198811125503115264
198811125016571904
198811125117235201
198811125540847616
198811125817683968
198811125754761217
198811125591195648
198811125918339072
198811125972873216
198811125020762112
198811125356306433
198811125951893506
198811125918334976
198811126044180481
198811125394046976
198811126195167232
198811126077730816
198811126358749185
198811126480379904
198811126438436866
198811126560067586
198811126790766593
198811126778183680
198811126606204928
198811126690086912
198811126920777728
198811127025635328
198811127050801153
198811127000469505
198811126966927360
198811126807543808
198811127235346433
198811127168245762
198811127302471682
198811127176634368
198811126740430848
198811127403126785
198811127470243840
198811127545729024
198811127499591681
198811127365386240
198811127679954945
198811127549931520
198811127751262209
198811127633805312
198811127034028032
198811125821882368
198811127772221440
198811129525452800
198811129563185152
198811129206673408
198811129756135425
198811129747742720
198811129756139520
198811129764519938
198811129265405954
198811129202487297
198811129789685763
198811129684828160
198811129479311360
198811129965854720
198811129282166784
198811130058113026
198811130116845569
198811129923911680
198811130255249408
198811130150404096
198811130204917761
198811128783048704
198811129630294016
198811130301390848
198811130511110146
198811130259443714
198811130309771264
198811130292994050
198811130049740801
198811130443997185
198811130574016512
198811130620149760
198811130653712384
198811130704044032
198811130750189570
198811130477547520
198811130955710464
198811130569830403
198811130888597505
198811130242678784
198811131110895616
198811130599190529
198811131177996289
198811131081527296
198811131186393088
198811131010224128
198811130754367488
198811131349958656
198811131169611777
198811131291242497
198811131316404226
198811133681995776
198811133648437248
198811133770088448
198811133103190017
198811133715562497
198811133786857473
198811133736529924
198811133761683456
198811134059479041
198811134218866689
198811134122397698
198811134109810688
198811134281777152
198811134231449600
198811134332116992
198811134365671424
198811134340505601
198811134378246148
198811134336303104
198811134483107842
198811134655082497
198811134550228995
198811134801870848
198811134713798658
198811134478925825
198811134793498625
198811134818648065
198811134822842368
198811135024177153
198811134608949248
198811135204532224
198811134927704064
198811135221301249
198811135099666432
198811135355518977
198811135443599361
198811135644925952
198811135691079682
198811135691079681
198811135816904704
198811135330357251
198811135791734784
198811135946932226
198811135976275968
198811135661707264
198811136076939264
198811136001458176
198811136081149952
198811136156631040
198811136211173378
198811137876295680
198811137960189953
198811137972764672
198811137985359872
198811137989550080
198811137989541888
198811138044084224
198811137310068736
198811137561739266
198811138111180800
198811138329284609
198811138295738369
198811137884692485
198811137540755459
198811138459320320
198811138534813701
198811138379628545
198811138266378241
198811137981153280
198811138580946945
198811138702577667
198811138706784257
198811138639667200
198811138727743490
198811138471886848
198811138908102657
198811138874552320
198811138367045632
198811138329284608
198811138878738432
198811138857779200
198811138912296961
198811138866155520
198811138673217538
198811138429952001
198811138958426112
198811139159760897
198811139159756800
198811139176529920
198811138769686529
198811139289784321
198811139411419136
198811139411427330
198811139390455808
198811139059093505
198811139419803648
198811139457552384
198811139486912514
198811139650486273
198811139587575809
198811142095769601
198811142154489856
198811141546319874
198811142229987328
198811139172352000
198811141193994240
198811141793779712
198811141961560066
198811142150299649
198811142452293634
198811142284509184
198811142494240769
198811141936394240
198811142544564224
198811142599090177
198811142280327168
198811142662000640
198811142804602882
198811142066409473
198811142833971200
198811142884306946
198811142943019009
198811142943014912
198811142989164544
198811142951415808
198811142997553155
198811143031099392
198811143031107586
198811143123382272
198811142729109505
198811143211450370
198811143270174723
198811143303729152
198811143395999745
198811143408586752
198811143375036417
198811143513452545
198811143635079169
198811143614107648
198811143660240896
198811142972387328
198811143672827904
198811143513448449
198811143878348800
198811143966429185
198811143932874752
198811143983214592
198811143828029441
198811143991590913
198811143861567490
198811146386550784
198811145795158017
198811146298470400
198811146348793859
198811146269110272
198811145832906753
198811146373959680
198811146428485632
198811146432684033
198811146155864064
198811146529153024
198811146508185601
198811145946144770
198811146252333056
198811146545922048
198811146235555840
198811145895804928
198811146558521345
198811146864705536
198811146894061568
198811147045052416
198811147133128704
198811147242188800
198811147300909057
198811147309293568
198811147317690368
198811147326066688
198811147258957825
198811147393175552
198811147468677121
198811147342843904
198811147397369858
198811147485462528
198811147498041347
198811147644846080
198811147636449281
198811147741302784
198811147858755588
198811147649036291
198811147909079040
198811148122980352
198811147997167616
198811148097826816
198811148064276480
198811147959418880
198811147338657793
198811147363823616
198811148236226560
198811147766464512
198811148349480961
198811150450819072
198811150136262657
198811150320799744
198811150488584193
198811150618607616
198811150492766209
198811150094303233
198811150597636096
198811150014623745
198811150668922880
198811150677327873
198811150908014592
198811150832517120
198811150949941248
198811151000272899
198811151025442816
198811150786379776
198811151075770368
198811150660542466
198811151155470336
198811150358556672
198811151117721601
198811151012859904
198811151340027904
198811151486824448
198811151386165248
198811151772028928
198811151805583362
198811151885287424
198811151952396288
198811152094986240
198811152141135872
198811151977558016
198811152308903937
198811152275353600
198811152384409601
198811152346652673
198811152359231489
198811152287936515
198811152644456448
198811152782860288
198811152896110594
198811152795451392
198811152975798277
198811151570710528
198811152464093186
198811152942243840
198811152896106496
198811153000964097
198811152506032128
198811154678677504
198811154875826177
198811154913562624
198811154921963521
198811154871631872
198811154208919553
198811155018428416
198811154892587008
198811154867437569
198811154989056000
198811155177811971
198811155278475265
198811154510905346
198811155328794627
198811155379126274
198811155421081601
198811155454631938
198811155379142659
198811155681124352
198811155697897472
198811155777585152
198811155207168000
198811155861471233
198811155723063298
198811155857276932
198811155890847747
198811155920203777
198811155374948352
198811155442044928
198811155479797761
198811155907612672
198811156054413314
198811156192821248
198811156268331008
198811155496566784
198811155811147776
198811156251553792
198811155819540480
198811156251557888
198811156226392064
198811156150882306
198811156398346240
198811155920195587
198811156499021825
198811156691959808
198811156503207936
198811156096352256
198811156763246592
198811156599685120
198811156163477505
198811158914936833
198811158608756736
198811158373875713
198811158935912450
198811158763937792
198811158789111808
198811158990434307
198811158898151425
198811158977851392
198811158944296963
198811158239649793
198811159128838145
198811159250477056
198811159162404865
198811159346950145
198811159258873856
198811159367921664
198811159200137217
198811158751346689
198811159166586880
198811157396602881
198811159648927744
198811159279841280
198811159737024514
198811159690870784
198811159535689728
198811159648944129
198811159829299201
198811159237885954
198811159804116992
198811159862849538
198811159992864768
198811159678287872
198811160173232130
198811160177414144
198811160131289088
198811160085147648
198811160064167937
198811160080949249
198811160215175168
198811160248729602
198811158822662145
198811160202575873
198811160324210688
198811160487788544
198811160693313536
198811160668151808
198811160722677760
198811160504573953
198811160533925888
198811163084070913
198811163092467713
198811163188928512
198811163314757634
198811163344113664
198811163495120898
198811163482521600
198811163562213377
198811163461558272
198811163537055745
198811163562221569
198811163713208322
198811163151171586
198811163910352897
198811163822276608
198811163742576640
198811163088273408
198811163939700737
198811164132655105
198811164141039617
198811161146294273
198811164128444416
198811163931316225
198811164212330497
198811163419615232
198811164237500417
198811164174589952
198811164241702912
198811164443017217
198811164463996928
198811164581433344
198811164585631746
198811164652740608
198811164761788416
198811164770185216
198811164916977665
198811164753399808
198811164170403840
198811164946350082
198811164925378560
198811164417851393
198811164912787456
198811164967305217
198811164677898240
198811164220735488
198811165084749827
198811164015202305
198811165265117184
198811165210578944
198811164719841280
198811167232241666
198811167211257858
198811167030915072
198811166682775552
198811167274180608
198811167337086976
198811167492288513
198811166846365696
198811167425183744
198811167571968001
198811167433568257
198811167597142017
198811167651676161
198811167618117632
198811167718785024
198811166842159104
198811167588753408
198811167509061633
198811167110602752
198811167722962945
198811167718768640
198811167752335360
198811167806857218
198811167697797121
198811167416778752
198811167811055616
198811167991410689
198811167928487936
198811167882346496
198811167978831873
198811168096272385
198811168108855297
198811167827820545
198811168142409729
198811167710392320
198811168255655936
198811168331141121
198811168335331330
198811168368889856
198811168385671170
198811168507310080
198811168431816704
198811168473743360
198811168545050625
198811167932686336
198811166456295424
198811168834465793
198811168918347776
198811167576170496
198811169245507584
198811171447504897
198811171552366594
198811171552362496
198811171585925120
198811171539795968
198811171636256768
198811171703357441
198811171728527361
198811171799842816
198811171783061507
198811171002912770
198811171988578304
198811171372011520
198811171682390016
198811171577532416
198811171103584256
198811171388792834
198811172093427712
198811172064075779
198811171569139713
198811171598503936
198811171413962753
198811171493646336
198811172290576385
198811172416397312
198811172361867264
198811172387041283
198811172340895747
198811172194099200
198811172529647619
198811172579983361
198811172697415680
198811172747743232
198811172789698560
198811173179768835
198811172244434944
198811173284614144
198811172886151169
198811173473366016
198811173154594817
198811173435617280
198811173423022080
198811173536272385
198811172374458368
198811173599195136
198811173624348675
198811173578227712
198811173662101505
198811173825675264
198811173720817665
198811175700529155
198811175708925954
198811175557931008
198811175625048064
198811175868313602
198811175935414273
198811175910256640
198811175977357316
198811176149336064
198811176111587329
198811176187084800
198811175738281987
198811176296120323
198811176296136706
198811176262565890
198811174903623681
198811176338063360
198811176501641218
198811176283545600
198811176505835520
198811176082219009
198811176564555776
198811176648454145
198811176006717440
198811176799444992
198811176774270976
198811176702980097
198811176799436800
198811176942055425
198811176912687105
198811176832999424
198811176740716544
198811176921079808
198811177051111426
198811176237404162
198811176803639298
198811177105625088
198811176598110208
198811177327931393
198811177487314947
198811177478922242
198811177629908992
198811177566998528
198811177676054528
198811177738977280
198811177814474752
198811177650880512
198811176484880384
198811177697021954
198811177843830784
198811179836125186
198811180050026496
198811179483791362
198811179861278720
198811179680940032
198811179710296066
198811180020674560
198811179504779264
198811179659964416
198811180201029632
198811180259749889
198811180410748929
198811180486242305
198811180410736642
198811180607868928
198811180515590144
198811180666585090
198811179823538177
198811180670795776
198811180763070464
198811180377190400
198811180842762242
198811181115392001
198811181115379714
198811181132156929
198811181178306560
198811181203456001
198811181232832514
198811181031497728
198811180821786624
198811181404782592
198811181408985090
198811180834369537
198811181396402176
198811181048274944
198811181656453120
198811181669027840
198811181543202816
198811181769699329
198811181828423680
198811181929082880
198811181396398080
198811181849382912
198811181476085761
198811181731954689
198811182147186690
198811181807435777
198811181908107264
198811181916487681
198811181648060416
198811184068173824
198811183569059840
198811184227549184
198811179508957184
198811184122703874
198811184454041603
198811183699083265
198811184508583936
198811184575680512
198811184596664320
198811184458252288
198811182952488962
198811182231060480
198811184168837120
198811184814768128
198811184730865665
198811180352028675
198811184382746624
198811184978329600
198811184923815936
198811185209028609
198811184470818817
198811184676347904
198811185192255488
198811184043012096
198811185125134337
198811184869294080
198811185271934978
198811184911224832
198811184495996928
198811185292914690
198811185351626752
198811185506816001
198811185401962496
198811185448099840
198811185649430529
198811185427132418
198811185741701120
198811185884311553
198811185804615680
198811185263554560
198811186026909697
198811186257592321
198811185963991042
198811186333093888
198811186106605568
198811186286968832
198811186471518208
198811185544560640
198811186362458112
198811188245696513
198811188392493056
198811187994042368
198811188463800323
198811188329590784
198811188388298752
198811188413472768
198811188379910144
198811188472193024
198811188509933573
198811188128268288
198811188606418946
198811188711260161
198811187922747392
198811188707069953
198811188270858241
198811189009072129
198811188572860416
198811188677713922
198811189160062977
198811189285888002
198811189227175936
198811189332025344
198811189361385475
198811189483028481
198811189604659201
198811189592068096
198811188946153474
198811189764046849
198811189772435456
198811189751447552
198811189873082368
198811190145716225
198811189634007041
198811189524971521
198811189835350016
198811190204448768
198811190288326656
198811190208643073
198811190317678592
198811190141526018
198811190305107968
198811189889863681
198811190330273792
198811190284140545
198811190368018433
198811190426730497
198811190527406081
198811190527397889
198811190498045953
198811192427413504
198811192448397312
198811192368701440
198811192498724864
198811192666505216
198811192687460352
198811192737792002
198811192385470464
198811191638888448
198811192939122689
198811192842665984
198811192880410624
198811192880414720
198811192410652672
198811193010429952
198811193153032193
198811192993648640
198811192586797056
198811193090117632
198811193144655872
198811193220145153
198811193283067907
198811193442443265
198811192544854017
198811193585053697
198811193580863488
198811193517936640
198811193639575553
198811193559875584
198811193090129920
198811193534717952
198811193744433152
198811193794772993
198811193480196096
198811194033840130
198811194134503427
198811194130300930
198811192620367872
198811194335838209
198811194486833152
198811194482634752
198811194419720193
198811194621038592
198811194553937921
198811194537148417
198811194419712002
198811194600071168
198811194558132225
198811193861873664
198811194772029440
198811196718202881
198811196772728832
198811196906946560
198811196885962752
198811196986626049
198811197024382976
198811197074710529
198811197099868161
198811197045346306
198811196588179459
198811197200543746
198811197162782723
198811197246668800
198811196781117441
198811197477359616
198811197343145984
198811197179572224
198811197519314944
198811197531885568
198811197120843776
198811197699653632
198811197980672000
198811196831440896
198811197800316929
198811197884215297
198811198093926400
198811198219763712
198811198177808385
198811198211358720
198811198479810562
198811198412685312
198811198211375105
198811197854859265
198811198324613124
198811198605627392
198811198169419776
198811198249123842
198811198421086208
198811198240718848
198811197368303617
198811198349770752
198811199025070080
198811198991503361
198811198936989696
198811198991499264
198811199067004928
198811199016669185
198811199104753664
198811199146692608
198811199268323329
198811200895717376
198811201059291137
198811201008971777
198811200480485376
198811200694394882
198811201076068352
198811201227067395
198811201101238273
198811201432584192
198811201466142721
198811201428393988
198811201159970816
198811201487110145
198811201604558850
198811201717813249
198811201118023680
198811202040758273
198811202133032961
198811202128855040
198811201554223104
198811201487110144
198811202271449090
198811201868800001
198811202099494912
198811201986244608
198811201856212992
198811202405662722
198811202611200000
198811202359529473
198811202669903872
198811202674106369
198811202174976001
198811202632155136
198811202627973121
198811202808320001
198811202904797185
198811203026423809
198811202435035138
198811203139674113
198811203152261121
198811203164844033
198811203261300739
198811203433283584
198811203437465601
198811203156447232
198811203118702592
198811203487805440
198811203437465602
198811203546529794
198811203634597888
198811205014536192
198811204406353920
198811205022920705
198811205073244161
198811205136154625
198811205341691904
198811205123584000
198811205425561600
198811205274566656
198811205538811905
198811205689819136
198811205719179264
198811205656260608
198811205735940097
198811205861785601
198811205945663488
198811205387812864
198811205958254592
198811206075695104
198811206033747968
198811206084079617
198811206096658432
198811206247653376
198811206084079616
198811206163759104
198811206432202753
198811206482526210
198811206667079680
198811204557352960
198811206444793856
198811206809694211
198811206750978048
198811206750969856
198811206889373696
198811206927126529
198811206927130624
198811205517852672
198811206839042049
198811207115878401
198811207128449025
198811207413665794
198811206646104065
198811207321399297
198811207589838849
198811207577243648
198811207606599680
198811207577255937
198811207514341377
198811207933767681
198811207896010752
198811209238183936
198811209108164608
198811209275940866
198811209305292800
198811209141719042
198811209166880768
198811209234001920
198811208869097473
198811209481465859
198811209447907328
198811209389195265
198811209800224768
198811209150107648
198811209758289920
198811209863135233
198811209804427266
198811209431126017
198811209875730433
198811210181914624
198811210198687744
198811209695367169
198811210236440577
198811210081243136
198811210236440580
198811210265804800
198811209120751616
198811209812819968
198811210043498496
198811210953658369
198811210823634944
198811211012382720
198811210928496640
198811210559397889
198811211075305473
198811211071102977
198811211272425473
198811211247263744
198811211213713409
198811210911711233
198811210429378560
198811211125624832
198811211305984001
198811211289210882
198811211352129537
198811211100463104
198811210559401984
198811211352129538
198811211280809984
198811211427618816
198811211335335940
198811213495406592
198811213512196098
198811213029842944
198811213638008834
198811213159862273
198811213487026177
198811213671563265
198811213700923393
198811213898055681
198811212849479680
198811213998735360
198811213835149314
198811214132944897
198811214007119874
198811214258765824
198811214422351873
198811214292320256
198811214422343681
198811213847736320
198811214455906304
198811214552383488
198811214392999936
198811214699184130
198811213935808512
198811214690783237
198811214061633538
198811214351048706
198811214963408896
198811214694977536
198811215139573761
198811215038914562
198811214950842372
198811215198289923
198811215227650048
198811215475113985
198811215651274752
198811215424790528
198811215814860801
198811215655481344
198811215881969664
198811215408005121
198811215944884224
198811215395426304
198811216175579136
198811216360116225
198811216418832384
198811216376889344
198811216406261763
198811216037167104
198811216125247490
198811217723265024
198811217022828545
198811217672945664
198811217538719745
198811217643585538
198811217744236544
198811217819746305
198811216913764355
198811217979117570
198811218012684289
198811218109153280
198811218071392256
198811218193035265
198811218310475777
198811218247548928
198811218415329282
198811217916215296
198811218545344512
198811218507599873
198811218469859328
198811216792137728
198811218591490048
198811218515988481
198811218771836931
198811218654400513
198811218788614144
198811218927034368
198811218625044481
198811219157725184
198811218520195072
198811218352418817
198811219224829953
198811219048665091
198811219136745472
198811219178696704
198811219216445440
198811219241611264
198811219384213504
198811219086409730
198811219556179970
198811219560374273
198811219627483136
198811219371626497
198811219493261313
198811219740737537
198811219824619520
198811219933675521
198811219963019264
198811220311154689
198811219451314176
198811221833687040
198811221858852867
198811221036761088
198811221959520256
198811221749792768
198811222353788928
198811222097928192
198811222454435841
198811222454435842
198811222366371840
198811222076948480
198811222580264960
198811222643191808
198811219514228736
198811222123089920
198811222181822465
198811222630600704
198811222525739008
198811222571876352
198811222311845889
198811222689333248
198811222752231425
198811222605430785
198811222542528514
198811222722871297
198811222894841857
198811222802563075
198811222940979200
198811222995517440
198811223083585536
198811222517350400
198811223146504192
198811222718689283
198811223234576384
198811223452696577
198811223314284544
198811223440101377
198811222945185793
198811223343632384
198811223414935556
198811223691755521
198811222999711744
198811223679184896
198811223817596931
198811223872118784
198811223905673218
198811223922450433
198811224136359937
198811224257994753
198811223926644736
198811226015404032
198811225453363201
198811225830854656
198811225772142592
198811225851826177
198811226271256577
198811226262872065
198811226418069507
198811226355146753
198811226543898625
198811226581635072
198811225344311297
198811226732630016
198811226770391040
198811226711670785
198811226908798976
198811226921373696
198811226824908800
198811227043016706
198811227022041088
198811227001073664
198811226908790786
198811227273699328
198811227512774657
198811227575685120
198811227676344320
198811227818950657
198811226854268928
198811227768619008
198811227856715776
198811227433091073
198811227907039234
198811227974156288
198811226581630976
198811228020289536
198811228146118656
198811227890270208
198811227630211073
198811228011888640
198811227907039232
198811228301312001
198811228368408579
198811228192247810
198811228267757570
198811228414541825
198811228439711745
198811228494237698
198811228196454401
198811228435521537
198811228552966145
198811230226481152
198811230117437440
198811230427807745
198811230406848513
198811230549450752
198811230549458944
198811230478139392
198811230482341888
198811230062919681
198811229786095616
198811230780129282
198811230213898240
198811230956302336
198811231157633024
198811230973075456
198811230977269760
198811231094714368
198811230750785537
198811231430250497
198811231476391937
198811231883243521
198811231367344129
198811231988088832
198811231354748928
198811231841304576
198811231870664705
198811232277504000
198811232298467330
198811231900020737
198811232369786880
198811231761596416
198811231845494784
198811232373977088
198811232332021760
198811232587890692
198811232285900800
198811232504000512
198811232944398336
198811232902463490
198811232965378048
198811232860516353
198811232587890688
198811233250574336
198811232814374912
198811233342861312
198811233338667008
198811232856326144
198811232852119552
198811232956985344
198811233665826819
198811234370453504
198811234240438273
198811234366259203
198811234362068993
198811233942634496
198811234651480065
198811234550812672
198811234609537024
198811234039111680
198811234856996864
198811234911526913
198811234961854464
198811235171569664
198811235200925698
198811235121250304
198811235075100673
198811235305783296
198811235423227904
198811235381280768
198811235561639937
198811235565846530
198811235624566784
198811235565842433
198811235750391808
198811235695853569
198811234450145281
198811235641344001
198811235771359232
198811235762962433
198811235981066240
198811235909767168
198811236077547521
198811236064964609
198811236115283968
198811235993665537
198811236182405120
198811236278870016
198811236106911746
198811235637141505
198811236207566848
198811236211757056
198811236358553600
198811236350164992
198811236379525120
198811236350177281
198811236585046018
198811236576669698
198811236526333952
198811236354375681
198811236622807042
198811238564773889
198811238745124865
198811238728351744
198811238812233729
198811238938058752
198811238862561280
198811238992584704
198811238652854273
198811238740918273
198811238405386241
198811239051313152
198811238732541953
198811238938050561
198811239143583745
198811239311360002
198811239273598976
198811239357489154
198811239487520769
198811239319732224
198811239479128065
198811239688835073
198811238967427073
198811239353294848
198811239802085376
198811239831445504
198811239701426176
198811239927914496
198811240036958208
198811239961464833
198811240146014211
198811240166998016
198811240267657216
198811239638515714
198811240355737600
198811240221519872
198811240448004096
198811240452198401
198811240598999040
198811240573829121
198811240687083520
198811240850657280
198811240129236993
198811240502530048
198811240800321536
198811240938749953
198811241119100929
198811240531902465
198811241358168065
198811241400107011
198811241412706304
198811242830376961
198811242943610881
198811242880708609
198811243220451328
198811243312713728
198811243295936512
198811243367243778
198811243375632384
198811243132370945
198811242754879488
198811243291746305
198811243602124800
198811243451121665
198811243560177665
198811243635683328
198811243593736192
198811243522428928
198811243648253954
198811243191091204
198811243673432064
198811243929288705
198811243874746371
198811243979616257
198811243996397570
198811244092850179
198811243971215362
198811244122226688
198811244323540993
198811244214501378
198811243581157376
198811243996397569
198811244852035585
198811243912495105
198811244969459713
198811245057548289
198811244885573633
198811244944306176
198811245049163777
198811244600365057
198811245275660289
198811245313400832
198811245351157761
198811244881391616
198811245518917633
198811245435031552
198811245518929920
198811245531512832
198811244956884992
198811245703479297
198811245657333760
198811247020478465
198811246949171200
198811247020474369
198811246500380673
198811247213428736
198811247234392065
198811247322480640
198811247263760385
198811246416506880
198811247427330049
198811247418941441
198811246965952514
198811247641231360
198811247628652544
198811247452495873
198811247381192704
198811246643003393
198811247335059456
198811247335047169
198811247637045249
198811248043896832
198811247972585472
198811248220049409
198811248232628226
198811248392028162
198811248383635457
198811248324902912
198811247741906944
198811248652070913
198811248748544001
198811248706592769
198811248656269313
198811248610119680
198811248362668032
198811248484286465
198811248958259200
198811249084080128
198811248958251012
198811248412983296
198811248832413697
198811249088274433
198811249109254144
198811249130221568
198811249205719041
198811249205710849
198811249339936768
198811248807260160
198811249310564352
198811249537069056
198811249562226688
198811251411910657
198811251290288129
198811251378368513
198811251369975808
198811251403534338
198811251340623872
198811251386757121
198811251650994177
198811251705528322
198811251772624896
198811251638419456
198811251902660608
198811251609042945
198811251546132480
198811251902660609
198811252003315712
198811252074622978
198811252049457152
198811251508396033
198811251382562818
198811247242788864
198811252515024898
198811252506640384
198811250094899203
198811252485668864
198811249721614337
198811252523409409
198811252384989185
198811252758290433
198811252716339200
198811252892516352
198811252875726849
198811252997373952
198811253085446146
198811252867342336
198811253051883522
198811253060288513
198811250107486208
198811253366468609
198811253395820544
198811253475516416
198811252062031872
198811253412593664
198811253530050561
198811253584560128
198811253630713856
198811252196261888
198811253710401536
198811253769113600
198811253857206272
198811255425871873
198811255421681664
198811255396503554
198811255371341827
198811255371350016
198811253920104448
198811255543304192
198811255732051968
198811255820132354
198811255694311424
198811255912415232
198811255996301312
198811255992098817
198811255136468992
198811255933378561
198811256025645056
198811256340226048
198811256176656385
198811255765598208
198811256726102017
198811256482824192
198811256851931136
198811256847732736
198811256856121344
198811256445087744
198811256986140673
198811257040678913
198811257036472320
198811256814182405
198811257279754241
198811257388793857
198811257439137793
198811257564971009
198811257653035010
198811257409781762
198811257573347328
198811257959219203
198811257950838784
198811257984385024
198811257984389120
198811258173136896
198811258110214144
198811258277986306
198811258391232512
198811258449956866
198811258382843905
198811258512883714
198811258064080896
198811258567401473
198811258177323011
198811259502735360
198811259620175872
198811259578236930
198811259586617344
198811259645341696
198811259544666112
198811259561455617
198811259725029376
198811259725037568
198811259372703744
198811259007803393
198811259892801537
198811259980886017
198811259511123968
198811260190593024
198811260299657216
198811260278669312
198811260240924675
198811260027011072
198811260203180032
198811260593242112
198811260601630720
198811260547117057
198811260417093632
198811260823941120
198811260777803776
198811261042049025
198811261159481344
198811261193035777
198811261251747841
198811261268541440
198811261293707266
198811261369188352
198811261385965569
198811261578903553
198811261637640192
198811261700550656
198811261780242434
198811261356617729
198811262111580161
198811262254186499
198811262262587392
198811261213999104
198811262291943424
198811262304522240
198811262434541573
198811262413582336
198811262463901696
198811262354857987
198811261620854784
198811263814467584
198811263705427969
198811263772532736
198811263244042241
198811263634112512
198811263915143168
198811263743172608
198811264233902080
198811264359739393
198811263655084033
198811264464601089
198811262992392192
198811264628166656
198811264523321344
198811264598818816
198811264074526720
198811264691081219
198811264640753664
198811264753999873
198811264846266371
198811264774971393
198811264879833090
198811264871444480
198811264867237889
198811264921763840
198811264904990721
198811265060188160
198811265353793537
198811265395732480
198811264602996736
198811265458638849
198811265433485313
198811265488011264
198811264993067008
198811265534140416
198811265399918592
198811265584467970
198811265647390722
198811266129727488
198811266133925888
198811265622228992
198811265878081536
198811266184265730
198811266360422401
198811266754682881
198811266570129410
198811266771464192
198811266637250561
198811266884698112
198811266788245505
198811268033945600
198811268042334208
198811268075896837
198811267987816448
198811268252053505
198811268235280385
198811268470157313
198811268369481729
198811268415623168
198811268491128832
198811268705042432
198811267824222208
198811268763746304
198811268809895936
198811268759568384
198811268935725057
198811268839256064
198811269007020032
198811268608569344
198811269107683328
198811269158023168
198811268717608960
198811269493567488
198811269518733313
198811269082521600
198811269703274497
198811268986048512
198811269883641856
198811269925576706
198811269967527938
198811269799747585
198811270235963392
198811270139478016
198811270353387520
198811270462443520
198811270386954241
198811270605049856
198811270466641920
198811270714097665
198811270424698881
198811270709915648
198811270881873920
198811270869299204
198811270651195392
198811270965764096
198811271162896384
198811271280336896
198811271397773312
198811271263551488
198811271230005250
198811272089829377
198811272005959681
198811271984971776
198811272190504961
198811272320520195
198811272156954624
198811271792033793
198811272513462272
198811272018526209
198811272538628096
198811272639287296
198811272718987266
198811272349892609
198811272823840771
198811272861581312
198811270307266560
198811271972392961
198811271427137536
198811272937091072
198811272962244608
198811272085643266
198811272643481602
198811273138413568
198811273050333184
198811272995799040
198811273184555008
198811272656060416
198811273415237634
198811273452990464
198811273587195906
198811273771753472
198811273721421824
198811273666899971
198811273763373057
198811273822093312
198811273809502209
198811273943715841
198811274061160449
198811274258292736
198811273331351552
198811273503318019
198811274484785154
198811274514153472
198811274442846208
198811274543505409
198811274778390528
198811274841309184
198811274828713984
198811274908401664
198811274820329472
198811276305121281
198811276267368448
198811276053463041
198811276430938113
198811276481282048
198811276628078592
198811276560973824
198811275835342849
198811276166701056
198811276829392897
198811276946845697
198811277013954560
198811277236248576
198811277328531457
198811277206892544
198811277018148864
198811277445967872
198811276992987136
198811277525655553
198811277622128642
198811277710213120
198811277747961856
198811277685047297
198811277676658688
198811277869596674
198811277877981184
198811277374664705
198811277970247680
198811277966065664
198811278037364736
198811277617926145
198811278234488833
198811278012186625
198811277504684032
198811278431629312
198811277894762496
198811277987024896
198811278297407488
198811278528102400
198811278586814464
198811278909771776
198811278528090115
198811278880423938
198811278993661953
198811278385491968
198811279027224576
198811279207567360
198811279383724033
198811279413096448
198811278934941696
198811280520396800
198811280017080320
198811280633638912
198811280579104770
198811280700747777
198811280893673473
198811279857684482
198811280813989889
198811280935624704
198811281048875009
198811281044672514
198811280843354112
198811281107587073
198811281107582976
198811281363435521
198811280843350017
198811281246011392
198811281283756033
198811280855932929
198811281552187392
198811280646217730
198811281581555712
198811281338269696
198811281732550656
198811281740939265
198811281921290240
198811281946443776
198811281837408256
198811281950654464
198811281967415296
198811281967427584
198811282110038016
198811282311360512
198811281682210819
198811282193920000
198811282542051329
198811282386845696
198811282592366592
198811282508488705
198811282714009601
198811282487525376
198811282701426688
198811283011796993
198811283024396289
198811283045355522
198811283087302656
198811283263467521
198811283208933377
198811283301216258
198811283242483712
198811284702117889
198811284731469824
198811284857298945
198811284974739457
198811285331259393
198811285377388544
198811284437860352
198811284999913472
198811285733904384
198811285691957250
198811285746495489
198811286035902464
198811285868130304
198811285792620544
198811285876506624
198811285192839168
198811286241419267
198811286258204672
198811286404993024
198811286119776258
198811286358859777
198811286497280001
198811286618898434
198811286551801856
198811286614716417
198811286769893378
198811286732148736
198811286820229120
198811286845394944
198811287042523137
198811286950248448
198811286887337985
198811287029956608
198811287021568000
198811287315156992
198811287310970883
198811286518251520
198811287646502912
198811287684268033
198811286690201601
198811287415824384
198811287604572160
198811288128864257
198811287919140865
198811287914950658
198811288481185792
198811288569262080
198811287847833600
198811288531517441
198811288799948801
198811288900608000
198811288959320064
198811288325992448
198811288938348545
198811287101243393
198811288946737153
198811289093537792
198811289240338434
198811289437470720
198811289051611136
198811289148076033
198811289353592833
198811289601048576
198811288900608001
198811289768837122
198811289705922560
198811289898844160
198811289915633664
198811290066620416
198811290075004928
198811290070822914
198811290238582784
198811289793994753
