198805502434619392
198805502518501376
198805503034396672
198805502908567553
198805503059566592
198805503395110912
198805503982321664
198805502807904256
198805503084736515
198805504376582146
198805504405938176
198805502707245056
198805504674381824
198805504737284096
198805504728903682
198805505228017664
198805505429348353
198805501457350656
198805506729586689
198805506469543936
198805506482114560
198805506305949696
198805507228704769
198805507497144320
198805507501334529
198805507719434240
198805506737971200
198805507203538945
198805508226953217
198805508080148480
198805506972844032
198805508461826049
198805508893847552
198805507388096512
198805508457644032
198805509191634944
198805508268883969
198805508000448513
198805508205985792
198805509996941312
198805509938225152
198805510462504960
198805509426520064
198805510525435904
198805510466703360
198805509455872000
198805510789660673
198805510068252672
198805510328291328
198805511058096128
198805511406231552
198805511771127809
198805511947296769
198805509917249536
198805512211529728
198805512404471808
198805512492560384
198805512479969280
198805512769380352
198805512412860416
198805513042018306
198805512966512641
198805513037811713
198805512052150273
198805513482416130
198805513268494336
198805513729875968
198805514191249408
198805514476466177
198805513700507648
198805514887503872
198805514950414337
198805515088834560
198805515147546624
198805515495673856
198805515030102018
198805515952848896
198805516145790976
198805516321959936
198805516187734017
198805516292603905
198805515906727936
198805516510707712
198805515369852929
198805516749778944
198805517144035329
198805516816879617
198805516963688448
198805516682657792
198805517034983424
198805517823512576
198805517253091329
198805517525721088
198805518356201472
198805519253778435
198805520067469312
198805520189100032
198805519815811072
198805520793088000
198805520843419648
198805520977633280
198805521439010816
198805521246072834
198805521434816514
198805522139463680
198805522512756737
198805521678077953
198805522575667201
198805522839908354
198805522886049793
198805518813376513
198805522818936832
198805523544539136
198805524077228032
198805522911203328
198805524244996096
198805524660224000
198805525352300546
198805525385854977
198805525591375872
198805525759139841
198805525880778752
198805525650079745
198805525935308800
198805526627360769
198805526837071872
198805527055175680
198805527281664001
198805527466217472
198805527684329473
198805527382327296
198805525180317697
198805522261090304
198805527193583617
198805527566884867
198805527973724161
198805527969546240
198805528493821952
198805528846143488
198805529064255489
198805528581914625
198805529307525123
198805529164914688
198805529236217857
198805528594497541
198805529785667584
198805529760514048
198805529844387840
198805529995390977
198805530825867265
198805530939101184
198805530570010624
198805529307525120
198805531425640450
198805532134477824
198805532176429056
198805531685695488
198805531694084098
198805532721680384
198805532784594944
198805532629405696
198805532600045568
198805533661204480
198805533581508610
198805533032062976
198805532809773056
198805533594103808
198805534214860800
198805534500073472
198805534718169089
198805534554591233
198805534932082688
198805535263428610
198805535477350401
198805535691247616
198805536534298625
198805536748220416
198805537096343552
198805537075372032
198805537444466688
198805538363027456
198805538677592065
198805539461922816
198805539759718400
198805539940077568
198805539138977792
198805540053323776
198805540162383872
198805540082688003
198805540158193664
198805540116242433
198805540401451009
198805540464361474
198805540250468353
198805540619567106
198805540720226304
198805541072551937
198805540153987074
198805541403897856
198805541412282371
198805540837658625
198805541227737088
198805541538119680
198805541496168448
198805542066601984
198805538665013248
198805541777190913
198805542339223553
198805542611857409
198805542406340608
198805542930628611
198805543085817858
198805543089999872
198805539013140481
198805543186477056
198805543228411905
198805542788018176
198805543144521728
198805543685586944
198805544327327745
198805544629317635
198805544214081536
198805544906129408
198805545027776516
198805545292005376
198805546130882560
198805546453831680
198805546424467461
198805546541924354
198805546294456320
198805546739056640
198805547175260162
198805547330453505
198805547229790209
198805547842150402
198805548681019392
198805548819415040
198805548882341888
198805549092048896
198805549079470080
198805549377273857
198805550140624897
198805549914128385
198805550400684032
198805550698475520
198805551071764481
198805551222759425
198805551537340417
198805551784796160
198805551847706625
198805552107753472
198805552279732225
198805551944175617
198805551013036033
198805552292306945
198805552971784193
198805553131171840
198805553051475968
198805553093414912
198805553286356992
198805553449926656
198805553479294976
198805553626087425
198805554410430465
198805554649513984
198805554943115267
198805555127656448
198805554641117185
198805554850840577
198805555433844736
198805556608253953
198805556499202048
198805555991674881
198805556893462528
198805556687937536
198805557249982466
198805557484863489
198805557849759745
198805557849751553
198805558223052802
198805558277570560
198805558889943041
198805559120633856
198805558705397760
198805559472963584
198805559569424385
198805559397457920
198805559674290177
198805559795920897
198805560311812096
198805560282464256
198805560001445892
198805560873857024
198805561515585536
198805561653993472
198805562106982400
198805562086010880
198805562245390337
198805562190856194
198805558923509760
198805562572537856
198805562824196096
198805562849361920
198805562601914369
198805563059077120
198805562723549184
198805564082499585
198805563952463872
198805564388679681
198805564703244289
198805565198184448
198805561767231489
198805565474996225
198805565588254720
198805566188036096
198805566150287360
198805566167064576
198805566401937409
198805566452281350
198805566511005696
198805566502617088
198805566414536705
198805566993350656
198805566943002625
198805567291142146
198805567496658945
198805567576346624
198805567706365954
198805566078984192
198805567479877634
198805567739932674
198805568436178944
198805568385859584
198805567861571584
198805568603963392
198805568767533056
198805569354743808
198805568994021376
198805569811922944
198805570256506881
198805570369765376
198805570491392002
198805567270166528
198805570604638208
198805570839515136
198805570000658432
198805571045031937
198805571430924288
198805571732901889
198805571363803137
198805571669995521
198805571774844931
198805572550791169
198805572890537984
198805572697595905
198805573813284864
198805574039773184
198805574283034624
198805574488563712
198805574299811840
198805574954131456
198805574589227008
198805575524552704
198805575797194752
198805575990128642
198805576187256834
198805576304689152
198805576308895745
198805576355020801
198805576409559040
198805576501829632
198805577521041409
198805577802055680
198805577906929668
198805577894342658
198805577202274304
198805578070491136
198805578171158532
198805578070495232
198805577999192067
198805578787717121
198805578863218688
198805578611560448
198805579412672514
198805579446231040
198805579454611458
198805579588841473
198805579421065216
198805579685302275
198805578611568641
198805580041830400
198805580217991168
198805580553535488
198805580096339968
198805579794354179
198805580817776641
198805580511584256
198805581891506177
198805581740507136
198805582067666947
198805582151548931
198805582289969154
198805582399012865
198805581669212161
198805582734561280
198805583128834048
198805583103655938
198805583149797377
198805583703445506
198805583892197376
198805581698568192
198805578330554370
198805584550699008
198805584068358145
198805584622006272
198805584387117056
198805584894631936
198805584768811009
198805585108549633
198805585293094912
198805585611862016
198805585632825344
198805585855135744
198805586371031040
198805586115170304
198805586215841793
198805586366824448
198805586664624128
198805587658674178
198805588178776064
198805587788701698
198805588388483072
198805588405260288
198805587755139072
198805588656914432
198805588908572672
198805588761772033
198805589462233089
198805589655166977
198805589701308416
198805590607278080
198805590481453057
198805591517446146
198805590494035968
198805591328698368
198805590997344256
198805591697784833
198805591517433857
198805591970414592
198805592272404481
198805592150773760
198805592595365889
198805592918327296
198805593102888960
198805593602002946
198805593337769984
198805593497145346
198805594164047872
198805594461843459
198805593803329536
198805594784800769
198805594583478272
198805594835124225
198805594822553600
198805594247938049
198805594851917824
198805595455881216
198805595778846720
198805595665596419
198805595447492608
198805596173107200
198805597267824640
198805597293002753
198805597204910080
198805597297184768
198805597636935680
198805593929162752
198805598182178817
198805597511102464
198805598534516737
198805597750177792
198805598190567424
198805597892775936
198805598614192129
198805598920388608
198805598463197184
198805599276904450
198805599734071296
198805599650189313
198805599943798785
198805600262569984
198805599687933952
198805600094785537
198805599989940225
198805599826358272
198805600656830465
198805600015106050
198805600065421313
198805600522600448
198805600803622912
198805601810255873
198805602124836865
198805601592147968
198805602380689408
198805601361473536
198805602569424897
198805602993045505
198805603462811650
198805603701899265
198805603894829056
198805603899031553
198805603785773057
198805603487977472
198805604297482241
198805604326846464
198805603655761920
198805604670775296
198805604003876864
198805604855328768
198805605572554755
198805604897271809
198805605882920961
198805606050693120
198805606436581376
198805605945847809
198805606830833664
198805606449160192
198805607082500096
198805607216713733
198805607124434944
198805608022028291
198805608449843201
198805607992659969
198805608470818817
198805608261107713
198805608743444481
198805608722477056
198805609020272640
198805609058013186
198805609259347969
198805609259352065
198805609410334721
198805609636831232
198805608927985664
198805609703931904
198805604909850624
198805609980755969
198805610932879361
198805610999975936
198805611062898688
198805610689597440
198805611083857921
198805611507490816
198805611494907904
198805612342157312
198805612480573440
198805613260709888
198805613633994753
198805612744814593
198805612887416834
198805614288310272
198805614372196353
198805614292516866
198805614573522947
198805614858731520
198805615265591296
198805614992953345
198805615282372608
198805615324299265
198805615244619777
198805615387213825
198805616104452096
198805616456777728
198805616595181568
198805616679071744
198805616930725888
198805617299816448
198805617807335424
198805618235162626
198805618277097472
198805617551474688
198805619011096577
198805617014620160
198805619384397827
198805619547971584
198805619615080448
198805619648638978
198805619204046849
198805619845767168
198805619854159873
198805619933851648
198805620323913728
198805620315529217
198805620701401088
198805617492758529
198805620944683008
198805619522805760
198805620604940288
198805620265197569
198805621162774529
198805617807327233
198805621439610880
198805618033836032
198805622156820480
198805622463004673
198805622446243841
198805621414440961
198805623276707841
198805623993942016
198805624073625600
198805623666774018
198805623553527809
198805623968776193
198805624191062016
198805623553536000
198805624459497473
198805625159958528
198805624673406976
198805625327718403
198805624698580993
198805625554214912
198805626116259840
198805626376290305
198805626376290306
198805626506317824
198805626602799105
198805626657312768
198805626929942528
198805626888007681
198805626942525441
198805626648924161
198805627785580546
198805627663945728
198805628674785280
198805628616065024
198805628922241025
198805627844296706
198805629542993920
198805629513641984
198805630025338881
198805630004379650
198805629035483137
198805629840785408
198805630335721474
198805631069716480
198805630763548672
198805631623372801
198805631967305728
198805631900192769
198805632088932354
198805632135077888
198805631656931328
198805632051187713
198805632139272193
198805632516767745
198805632638386176
198805633653407744
198805633846358016
198805631036166145
198805634165121024
198805633217208320
198805634521636867
198805633703743488
198805634752319488
198805634819440641
198805634681024512
198805634760708098
198805635796709378
198805636035788801
198805636023205888
198805636463595520
198805636899799040
198805636388106241
198805637977735168
198805637617037312
198805637256318976
198805638111952896
198805637797384193
198805638434930688
198805638581727232
198805639311540225
198805638099378177
198805639567388673
198805637214384128
198805639915507712
198805640234278913
198805639978426369
198805641031192577
198805641127657473
198805640997646336
198805641467400192
198805641060556800
198805642113327105
198805642075586561
198805642197217281
198805642364985347
198805642666971136
198805642297880576
198805642901848064
198805643103186946
198805643547779074
198805643682000896
198805643489058816
198805643979796480
198805643325480960
198805644743147520
198805644554420224
198805644004954112
198805644726374400
198805645225508864
198805645431025666
198805645670096897
198805645368098816
198805646097911808
198805645359710213
198805645787541504
198805646764810240
198805646106308608
198805646672543745
198805646974533633
198805647763054595
198805647066800129
198805648933273601
198805648132153344
198805649046503425
198805648870342656
198805649373667329
198805649767927808
198805649713405952
198805650111868929
198805650011197442
198805650367717377
198805650803924992
198805650795528194
198805650745208834
198805651571478529
198805651655368706
198805652351619072
198805652603281411
198805652271931394
198805652968185856
198805652724920321
198805652099973120
198805652993351681
198805653026906112
198805653911904256
198805654176145408
198805654356492291
198805654562025472
198805654620733440
198805654276800512
198805654360702976
198805654964674560
198805654981455873
198805655304404993
198805654931111936
198805655958720514
198805656050999297
198805655912587265
198805656344596480
198805657057640451
198805657149915136
198805656797577216
198805657770672131
198805657523204096
198805657963593728
198805658676625409
198805658999590912
198805659414827008
198805659062501379
198805658978627585
198805659477753857
198805659683262464
198805660576657409
198805660777984000
198805660924772352
198805660736040961
198805661012852736
198805661163847680
198805661465849857
198805661398728706
198805661230972928
198805661344206849
198805662057242624
198805662422151169
198805662698967040
198805662812225536
198805663294570496
198805663370063874
198805663386841088
198805663533629441
198805664070516736
198805664154402816
198805663718195203
198805663923703808
198805664334757888
198805664968081408
198805664464773120
198805664900988929
198805664884203520
198805665312018433
198805664942923777
198805665555292161
198805665496571905
198805666062811136
198805666314461185
198805666385768448
198805667040083970
198805666561916928
198805667652452352
198805667769880578
198805667992186880
198805668491304961
198805669246271490
198805669346951168
198805669334360064
198805669128843265
198805669489541120
198805669481164800
198805669938348032
198805669984477184
198805670148050944
198805670500376576
198805670768820224
198805667623084032
198805670894649347
198805671112749056
198805671087579137
198805671427325952
198805667442728960
198805671095975938
198805671678984193
198805671972585472
198805671855128577
198805672656244736
198805673277014016
198805673704820736
198805673948102656
198805674862452736
198805674942152705
198805675151859713
198805675248324608
198805675139272705
198805675588059136
198805675365765120
198805675906830336
198805676275929088
198805675701321728
198805676473057282
198805676158500866
198805676972191744
198805676984762368
198805677412585472
198805677915906050
198805677953646593
198805678599573507
198805678159179776
198805678972874752
198805679404875776
198805679262285824
198805679606206464
198805679744618497
198805680264724480
198805679979507714
198805680390553602
198805680340217856
198805680776421376
198805680919035904
198805680403136512
198805681669808128
198805681728524289
198805681304907776
198805681858555904
198805681921466368
198805682139566083
198805682554814465
198805682617724928
198805682374459392
198805683313983489
198805683620159488
198805683569831937
198805684417077248
198805684488372224
198805683687260160
198805684580659201
198805685209796608
198805685650198529
198805685566320641
198805686057046017
198805686254182400
198805686354837505
198805686421946369
198805686988185602
198805686921072640
198805686535200768
198805687432773635
198805686728130560
198805687898345473
198805687432773634
198805688368115714
198805689076957186
198805688930140161
198805689777401856
198805688540069889
198805687898345472
198805690339438592
198805690658201601
198805690750484480
198805691035680769
198805690796613633
198805690930827266
198805691186683904
198805691278958593
198805691002126336
198805691736129536
198805692478537729
198805692684042241
198805691748716545
198805692201697280
198805693606789121
198805693699080192
198805693963317248
198805694336610305
198805695561338880
198805695544557569
198805696060473344
198805692113616896
198805695892697088
198805696253394946
198805696500871168
198805696979013632
198805696895139840
198805694508568578
198805696442155009
198805697146785792
198805697033551872
198805697775927297
198805697402646529
198805698015014912
198805698061148160
198805698430246912
198805697419411456
198805698707075072
198805698191179778
198805699189411840
198805699575296000
198805699680149504
198805699273306112
198805699877273600
198805699822751745
198805699772420096
198805700372205570
198805700275740672
198805701068472320
198805701215272960
198805699994730496
198805701521457153
198805701676630016
198805702117044224
198805702297391106
198805702632939520
198805702834270208
198805703299825667
198805704163864578
198805704327446529
198805704373579776
198805704100941824
198805705292120064
198805704931426304
198805705636057088
198805705837383681
198805705422159872
198805705849970688
198805705615089665
198805706240032769
198805706021933057
198805706453954561
198805706617528321
198805706906939392
198805707884212224
198805707926151170
198805706453950464
198805708274274305
198805708567871489
198805708316225536
198805709016666112
198805708920209409
198805709226389504
198805709280903168
198805709264130049
198805709238964224
198805709327052800
198805709490634752
198805709427703808
198805709482229760
198805709666779137
198805709947797504
198805710157520896
198805710027497472
198805709901668353
198805710153334784
198805710463713280
198805710694387712
198805710975410176
198805711646490624
198805711638106112
198805711763947520
198805712313397249
198805713118703619
198805713202593794
198805712216928256
198805713143857154
198805713550721025
198805713299058688
198805713953370115
198805713970135040
198805714406346752
198805714536366080
198805711889760256
198805714397962240
198805714754486273
198805714741899264
198805714574114816
198805714813198336
198805715681427456
198805715433959424
198805715664642048
198805716084064258
198805716314767360
198805716037935104
198805716209901569
198805716599971840
198805717761789952
198805717984096256
198805717845688320
198805718269308930
198805718701309953
198805717388505088
198805717883420674
198805718533537794
198805719091380225
198805719607279616
198805719829577730
198805719057829888
198805720274182144
198805720722972673
198805720798474240
198805720400003073
198805717807931393
198805720781684736
198805720995610624
198805720626507776
198805720983019520
198805721259851776
198805722035789824
198805722027405313
198805722081931264
198805721796706305
198805723369582593
198805723214393346
198805722883047424
198805723730292738
198805724451713024
198805724543987712
198805724594323458
198805724963409920
198805724955029505
198805724225216512
198805724564959232
198805725290577920
198805725659672578
198805725760323585
198805726104272896
198805725575782402
198805726301401090
198805726670491648
198805726687281152
198805726649528320
198805727589048321
198805727060557826
198805727719067648
198805727962337280
198805727899418624
198805728306274304
198805728633421824
198805728998334464
198805728927027200
198805728419520513
198805729166110720
198805729157713921
198805729535205376
198805730558611456
198805730004975616
198805730772516865
198805730357284864
198805731233894400
198805731372314625
198805731439411200
198805731393290240
198805731472982016
198805731854655488
198805731376500736
198805731712049153
198805732085334017
198805732337004544
198805732236333056
198805732982919171
198805731686891520
198805733691764736
198805733800816640
198805733888888834
198805733624651776
198805733796618240
198805733712728065
198805733553356802
198805733976973313
198805727412891649
198805734643859457
198805734316720128
198805735210094592
198805735579197440
198805735767941120
198805735625330688
198805735163957248
198805735897968642
198805736107683840
198805736191557632
198805736120254464
198805736178974721
198805736103485441
198805736959119360
198805737126903809
198805737118511105
198805737181429760
198805737445666817
198805737869283328
198805738255171586
198805738469068802
198805738955616256
198805739014340608
198805738867539968
198805739425382401
198805739639287810
198805739354062849
198805739077251072
198805739454734336
198805739807059968
198805739735760896
198805738804621313
198805740046139392
198805740524277762
198805740662685697
198805741199568896
198805741442838528
198805741564461056
198805741593837568
198805741660946432
198805741669330944
198805741908402177
198805741908398080
198805741304426496
198805743116369921
198805743397371905
198805743099584512
198805743368019968
198805743573549057
198805743741313024
198805743695175682
198805740641722368
198805744194289664
198805744542416897
198805744454348800
198805744672444417
198805744752132098
198805745058324483
198805745481945090
198805745851047936
198805746211753985
198805746270478336
198805746727661568
198805746715070465
198805747218391041
198805747268714496
198805747327438850
198805747977568257
198805748115980288
198805748195667968
198805748178890752
198805748631879680
198805748971601920
198805749026127872
198805749269409793
198805749114208256
198805749286182912
198805749579792384
198805746262097920
198805750422839296
198805751047798784
198805749604954112
198805750959714304
198805751341387777
198805751765024768
198805751840514048
198805751911809024
198805751995703296
198805752293502976
198805752637435905
198805753027502080
198805753002332160
198805753186881537
198805753191088128
198805753102991360
198805753237209088
198805750259257344
198805753589538816
198805753291735040
198805753400791040
