198806257216393216
198806257740693504
198806257308667904
198806258118180864
198806257379975168
198806258868961282
198806258696986624
198806258965422081
198806259145777153
198806259036733440
198806259279990784
198806259162562560
198806259598766080
198806259720400896
198806260047556609
198806260274040833
198806260156608512
198806260303400960
198806260831887360
198806260886413312
198806260878024704
198806261062574082
198806261112913920
198806261389729792
198806260072710144
198806260643143680
198806261742047233
198806261750439940
198806261733654529
198806261939179520
198806262111158272
198806262098563072
198806262241181697
198806261884665858
198806261704306688
198806262601879552
198806262748692480
198806262958407680
198806262341840896
198806262966796289
198806263264591873
198806263239421953
198806263797252097
198806263059062786
198806262887104513
198806264090865664
198806263252000771
198806264300580866
198806264342528001
198806264640311297
198806264996835330
198806263843389441
198806262396358657
198806262652211200
198806265328189440
198806265504337920
198806265139445761
198806266167037953
198806266078953472
198806265139441664
198806266716491777
198806266452250624
198806266750046209
198806266699722752
198806266896846850
198806267190456320
198806264032137218
198806266640994305
198806266922016768
198806267408551937
198806267509223424
198806267412750336
198806267605696512
198806267731513347
198806267983175680
198806268188696576
198806268406804480
198806268339695618
198806268402610176
198806268524236800
198806268687814657
198806267811217409
198806269392465920
198806269438599168
198806269556043777
198806269707034624
198806269585391616
198806269853843456
198806269790924800
198806269912551424
198806270050963456
198806269509894145
198806270155833344
198806270151626754
198806270294228992
198806269996437505
198806270319398915
198806270520725506
198806270629789696
198806270776578049
198806270445232128
198806269950304256
198806270160023553
198806270986289152
198806271145672706
198806271296684032
198806270621388801
198806270503960577
198806270973710336
198806270927568896
198806271141478400
198806271510593538
198806271858704385
198806272093593600
198806272164904963
198806272303312896
198806272336855041
198806271762239488
198806272420749312
198806272563363840
198806272668209152
198806272840175616
198806269442801664
198806273096040450
198806272949227520
198806273867792384
198806273892941825
198806270399086593
198806274446589953
198806274463383552
198806274450796544
198806274698256384
198806274702454784
198806274958295041
198806274861838339
198806275071557632
198806275268681728
198806275285458945
198806275566469120
198806275717476353
198806275792973824
198806275876851714
198806275977519106
198806276027850754
198806276069785601
198806276627628032
198806276896079873
198806276958978048
198806277143539713
198806276673777665
198806277072232448
198806277269356544
198806277445529600
198806277550379008
198806277533609984
198806276497608705
198806277416161280
198806277864964096
198806277751717890
198806277982388225
198806277772677120
198806278124998656
198806278590570497
198806277999169536
198806279534292993
198806278276005889
198806279710441473
198806279198748672
198806279819501569
198806280075345921
198806280054378498
198806280087932928
198806280582856704
198806280914223104
198806280889057280
198806281098764288
198806280838725632
198806280108904449
198806281237168128
198806281241370624
198806281593696258
198806280188596225
198806281803399170
198806281094569984
198806281891483648
198806281866313731
198806278989021187
198806282117980161
198806281232990210
198806282273165315
198806282554191872
198806282369630209
198806282520629248
198806282759700481
198806282952642560
198806283082670084
198806283120410625
198806283258826753
198806283632115712
198806283984437248
198806284047360000
198806283682447360
198806283825061889
198806284408070144
198806284340965378
198806283544047616
198806284571648001
198806284768784384
198806284231909378
198806284680691713
198806284131246080
198806283812474880
198806284936544256
198806285095931906
198806284756193281
198806285355986944
198806285028827140
198806285653774336
198806285179826176
198806285817356290
198806285922217986
198806285481816064
198806286127738881
198806286140321793
198806286282928128
198806286312284162
198806286408744960
198806286618464257
198806286719139840
198806286635241472
198806286828179456
198806287004348416
198806287058870272
198806287033696256
198806287390220288
198806287423774722
198806286987571200
198806287704788992
198806286748495872
198806287927095297
198806288061317123
198806288199729152
198806288212295680
198806288203907075
198806288392663040
198806288564621313
198806288724004864
198806288837251072
198806288841453568
198806288271015936
198806289210556418
198806288405241856
198806289294442496
198806289395093504
198806289973907456
198806290141679617
198806290611449857
198806290644996097
198806290506592256
198806290305269760
198806290905047041
198806290829541378
198806291043459072
198806291471278080
198806290745659392
198806292050100224
198806292163330050
198806292301746179
198806292423393280
198806293035757568
198806293409042433
198806293622947840
198806294105292800
198806293962694656
198806294348578817
198806294252101633
198806293975277571
198806294705094656
198806294679928833
198806294025609216
198806294809948160
198806294461820928
198806294956736512
198806295057399811
198806295359389696
198806295397150720
198806295418126339
198806294960939008
198806295418126338
198806295862706180
198806296399581185
198806296294731778
198806296382816258
198806296487669760
198806296596725760
198806296537993217
198806296743510016
198806296772874240
198806296802242561
198806296793845761
198806296949043202
198806297330724865
198806297225859072
198806296978391041
198806296705761280
198806297452363776
198806297741766656
198806298006003713
198806297796292608
198806297850822659
198806298551271425
198806298903584769
198806298878410754
198806298983268353
198806298987474944
198806298635157505
198806299406901248
198806299373350912
198806299549503489
198806299708891136
198806298526097408
198806299750834176
198806297699827714
198806300270923776
198806299641786368
198806299654369280
198806300006694912
198806300438695936
198806300413538304
198806300694556672
198806300677767168
198806300627451905
198806301139148800
198806299885060097
198806301168508930
198806301281746944
198806301382422528
198806301323706368
198806301470490625
198806301667635200
198806301290139651
198806301831213057
198806302015754240
198806301982208004
198806302129008644
198806302116421632
198806302279999488
198806301961228290
198806302477127682
198806302577786880
198806301998977024
198806302682644480
198806302904954880
198806302003179520
198806303135629312
198806303018201088
198806303391485953
198806301839593473
198806303441825793
198806303659921408
198806303785758720
198806303789953026
198806304003866626
198806303940952064
198806304259715073
198806304461041665
198806304561696768
198806304540721152
198806304893050880
198806305006305280
198806305199230976
198806305438302208
198806305199235072
198806305434107905
198806305790631936
198806305807405056
198806305778057218
198806305761275905
198806306017132544
198806306352672768
198806306516242432
198806306814046208
198806306579165184
198806306935668739
198806306977628162
198806307027943424
198806307774529536
198806307556438017
198806307883593729
198806307908763649
198806308076535808
198806308072333314
198806307724201984
198806308508536832
198806308563058688
198806308865052672
198806308139450368
198806308638564352
198806308785373185
198806308881829888
198806308659539969
198806308546293760
198806308567261186
198806309498392576
198806308881842176
198806309800394752
198806309473234944
198806309976543232
198806310316290049
198806310588923906
198806310555361280
198806310639239169
198806309934596096
198806310366609408
198806310551166976
198806310769270784
198806310869938176
198806311176118272
198806311155138560
198806311524241408
198806311008337923
198806311494889473
198806310924460032
198806311654273024
198806311847215105
198806311742353409
198806311838810112
198806311922712577
198806312023375875
198806312312774656
198806312539271168
198806312421830657
198806312644116480
198806312774152192
198806312363114496
198806313344573441
198806313180995585
198806313315213314
198806312753168385
198806313466212352
198806313801756672
198806314032435200
198806314300866561
198806314279903232
198806313889824768
198806314737082368
198806314875490304
198806314560913410
198806315110371329
198806315051646977
198806315202654208
198806314179244032
198806315315900416
198806315013906434
198806315496247297
198806315974406144
198806315777273856
198806316205080576
198806315726938112
198806316377051136
198806316343504896
198806316712599555
198806316737773568
198806316767117312
198806316792291329
198806316762931202
198806316767129600
198806316683247617
198806317283033089
198806317429829632
198806317832470529
198806318008647680
198806317845069824
198806317912170496
198806318583267329
198806318662955008
198806318503563264
198806318897840128
198806318847492097
198806319497613313
198806319371792385
198806319493423104
198806319489232897
198806319543762944
198806319992541184
198806320227434496
198806319279509505
198806315869552640
198806319828975618
198806320609107968
198806320491663363
198806320894324737
198806320906903552
198806320705581056
198806321879986178
198806321905143808
198806321775132673
198806321921933312
198806322022580225
198806322295209984
198806322358140928
198806322362327040
198806322400079873
198806322588827649
198806322668515329
198806321875783681
198806322697879553
198806322643353602
198806322832089088
198806323343802368
198806323079544833
198806323536723968
198806323578683393
198806323616428033
198806323855495169
198806324069400577
198806324891484161
198806315835985920
198806325289955328
198806324123934720
198806325466120193
198806325860384768
198806325738737665
198806325898125312
198806326040723458
198806325906505728
198806326095257602
198806326439186432
198806326367891456
198806326548242432
198806326648913920
198806326221086720
198806326539853824
198806326342729729
198806327047364610
198806327009611776
198806327005425664
198806327374516225
198806326565027840
198806327538089987
198806327324196866
198806327584235523
198806327567462401
198806328221773824
198806328335015936
198806328544727040
198806328687337473
198806328666365952
198806327743623168
198806328922222592
198806328687333376
198806329203240960
198806329119354881
198806327118667778
198806330247614464
198806330461519872
198806330541228032
198806330528641025
198806330633502720
198806330608328706
198806330998394880
198806331220692992
198806331136815105
198806330834817024
198806331069702144
198806331111641088
198806331271036928
198806331564625922
198806331493322755
198806331480739840
198806331849842688
198806331208122368
198806331627540481
198806331157774336
198806331401043969
198806331250061313
198806331501715456
198806332395094016
198806332667723778
198806332713877504
198806332407693312
198806331782729730
198806332374122496
198806332663529473
198806332504145922
198806332910993408
198806333011656705
198806333426900992
198806333800194048
198806333787607040
198806333686943745
198806334383194112
198806334345461762
198806334907482112
198806335326928897
198806335280783360
198806335331110912
198806335360471042
198806335146557441
198806335515668482
198806335087841280
198806335029116928
198806335641485312
198806335905730562
198806336153194496
198806336279019520
198806336299991040
198806335838629889
198806336241270785
198806336237080577
198806336903970817
198806336878813185
198806336958500864
198806336329367553
198806336870424576
198806337386315776
198806337336000512
198806337495384064
198806337788973057
198806337885446145
198806337407287298
198806337486979072
198806338422325248
198806338443296768
198806338447482880
198806338430709760
198806338690756608
198806338237771777
198806339147923457
198806339043069952
198806339231817728
198806339475087362
198806339554787328
198806339655438338
198806339550588928
198806339747725312
198806339760308225
198806340028735488
198806339915493376
198806340179722241
198806340376866816
198806339445735424
198806340599156736
198806340783706114
198806340947292161
198806340989227009
198806340947279873
198806340590776320
198806341018599425
198806341333168128
198806341446406145
198806341781950466
198806341714841600
198806341521911809
198806342352375808
198806342541115392
198806342524342272
198806342687932416
198806342570483713
198806342088130562
198806342931193856
198806343199625217
198806343379984384
198806343379980288
198806343514206208
198806343744884736
198806343774244865
198806344025903105
198806344059457538
198806344529219584
198806344738930688
198806344705388544
198806344378228736
198806344449536000
198806344206270464
198806345154174977
198806344969625600
198806345397448706
198806345598775296
198806345649106944
198806345896558593
198806345850429440
198806346051751936
198806345514885120
198806346311802881
198806346521522176
198806346748002305
198806346236301315
198806346987085824
198806347033214976
198806347368759296
198806347385536512
198806347305848832
198806347356192768
198806347683340288
198806347821760512
198806346693476352
198806347914027008
198806347985321985
198806348035657730
198806348216016898
198806348216020993
198806348207628289
198806348337659904
198806348329271297
198806348593512448
198806348044042240
198806348597694464
198806348920659970
198806348761284610
198806348819992578
198806348958404608
198806348933251072
198806348543168514
198806347276500992
198806348576727040
198806349004550144
198806349340094465
198806349562392577
198806349667246080
198806349805654016
198806349704986626
198806346081120256
198806350074093569
198806350296391681
198806350443200514
198806350569017345
198806350585802752
198806351009427456
198806351055568901
198806351042981889
198806351193980929
198806351193968640
198806351185592322
198806347771416576
198806351185584129
198806351571456001
198806351764393985
198806351953133569
198806352355803136
198806352330620932
198806352376758272
198806351995092992
198806352993329152
198806352922025988
198806353224011776
198806349625298945
198806353064628225
198806353618272257
198806353773461504
198806354109005824
198806354096422914
198806354465529856
198806354536837122
198806354612326401
198806353911881729
198806354905927682
198806354901741568
198806354528452611
198806355186954240
198806355514101760
198806355556040704
198806355950309376
198806355916754947
198806356067749890
198806355946115072
198806356415873024
198806356411678720
198806356487188481
198806356717862913
198806356894027777
198806356810149888
198806356487188480
198806356973719552
198806357544157185
198806357602873344
198806357867110400
198806357867102209
198806358395592704
198806358517219328
198806358596911104
198806358273961985
198806358705971203
198806358743719938
198806358244589569
198806359276392448
198806359255420929
198806359553220608
198806359607746560
198806358664019969
198806359905538048
198806359943290882
198806359444164609
198806360220119041
198806359771332608
198806360694071296
198806360245276674
198806360677285888
198806360903778305
198806360949923840
198806361516158976
198806361151258625
198806361407098880
198806360983478274
198806361675542528
198806362115944449
198806362019479552
198806362128527361
198806362174652418
198806362417930240
198806362313064449
198806362367606784
198806361734266881
198806362682163200
198806362778644480
198806362757660672
198806363105796097
198806363575558146
198806363000946688
198806363449733120
198806364057894912
198806363491667968
198806364296978433
198806364380860416
198806364426993664
198806364741582848
198806364682854401
198806364540239872
198806364905156609
198806365186174976
198806365370724352
198806365207138304
198806365521719297
198806365488156673
198806365706260481
198806365777575937
198806365773369345
198806365832085504
198806365970505728
198806365936943106
198806366205394944
198806366339608576
198806366335406080
198806366704517120
198806366931009537
198806367069417473
198806367056826368
198806367262343171
198806367279132675
198806367363010560
198806367555944448
198806367488835584
198806367891505152
198806367883108352
198806367325261824
198806368025718784
198806367660802050
198806368046678018
198806368151539712
198806368529031170
198806368541618178
198806368092823553
198806368281563136
198806367321063425
198806369082675200
198806369019760640
198806368872972288
198806369346924544
198806369107845120
198806369497907201
198806369778929664
198806369636331520
198806369124614144
198806369896366082
198806369711820801
198806369493712896
198806369451769858
198806370223534080
198806369460166657
198806370034794496
198806370408087552
198806367333662721
198806370538098691
198806370689089538
198806370890428416
198806370366128129
198806370886221825
198806368717770753
198806370819117056
198806371251142656
198806371104337925
198806371536338945
198806371523764224
198806371448262658
198806371603460098
198806371876081665
198806371892867072
198806371825762304
198806372131938306
198806372127735810
198806372391981057
198806372354228224
198806372568150016
198806372089987073
198806372199038979
198806372882726912
198806372974997504
198806373088247812
198806373092425728
198806372974989314
198806372966596609
198806373440552960
198806373541216256
198806373222461441
198806373646082048
198806373859995652
198806373725773824
198806373688029184
198806373872578560
198806374333956096
198806374455574529
198806374929543169
198806374937919490
198806374459772928
198806374912757760
198806375139250176
198806375353171969
198806372987568128
198806374141018112
198806375726452736
198806376192028672
198806376129105920
198806375873261569
198806376414314496
198806377009917953
198806376418525184
198806376871493634
198806377102196738
198806377228021761
198806377114767363
198806377228009474
198806377244803075
198806377316093953
198806377387405312
198806377630670850
198806377588723713
198806375432855553
198806377584537600
198806378016546816
198806377832001537
198806378247241729
198806378238840833
198806378108821505
198806378293374976
198806378217865217
198806378280796162
198806378477924353
198806378469539840
198806377802645506
198806378440175616
198806378557620225
198806378943496192
198806378939285505
198806379060920320
198806378964459520
198806379299995649
198806379450994688
198806379652325377
198806379752980481
198806379899789312
198806379857846272
198806379669102594
198806379920756737
198806379962712064
198806379929145344
198806380235341824
198806380784795648
198806380856082432
198806380977721345
198806381099352065
198806381078388737
198806381262929922
198806380583460864
198806381195829250
198806381644627968
198806381363601408
198806381611061249
198806380772204546
198806381833359360
198806381028057088
198806378373070849
198806381896282114
198806381892079616
198806381673979904
198806382445731840
198806381845942272
198806382798049281
198806383129411584
198806383481724928
198806383548825600
198806382999375873
198806383699824640
198806383636910080
198806383615934464
198806384035377152
198806384316383232
198806384295419904
198806384123453441
198806384412864514
198806383632723969
198806384735817729
198806384798736384
198806385004261376
198806384802938882
198806385717284865
198806385184608256
198806385893449730
198806385931206658
198806385604034560
198806386052837376
198806386216415232
198806385541124098
198806386635833344
198806386937827329
198806387533418496
198806387541815299
198806387520843776
198806387655049216
198806386333851648
198806387759910912
198806387873161218
198806387952848896
198806388384858112
198806388661682176
198806388720406530
198806388749778944
198806388703629313
198806388762357760
198806389651554305
198806389731237888
198806389739622400
198806390679146499
198806390733684736
198806391257956355
198806391266349056
198806391383785473
198806391320875009
198806391446712320
198806391538974722
198806391799021569
198806390976946176
198806391970988032
198806391887101952
198806391954227200
198806392197492736
198806392361070598
198806392453349376
198806392721776640
198806392595947520
198806392587550721
198806393292210177
198806392583368706
198806392151359488
198806390960160768
198806393640321024
198806393841651713
198806392486891520
198806393875214336
198806393761964032
198806394101694464
198806394353360898
198806393640337408
198806394709876736
198806394760204288
198806394730844160
198806394844098560
198806394353364994
198806395313860609
198806389714460672
198806395695538178
198806392730161153
198806395787808770
198806395905245184
198806395498414080
198806396358234113
198806395867504640
198806396630867968
198806396559560704
198806396681199618
198806396748308480
198806397067079681
198806397037711361
198806396597313536
198806397406806018
198806397431988229
198806397159342080
198806397742354434
198806397385846786
198806397884956672
198806398266654721
198806398358913024
198806398308597760
198806398279233539
198806397708808194
198806398803525635
198806398954516480
198806398790926336
198806399243919360
198806399575265280
198806399654965249
198806399885651968
198806400112148480
198806400179249153
198806400363802624
198806400460267520
198806397608136706
198806401001340929
198806401613705218
198806401617891328
198806402016354304
198806402729381888
198806402616135683
198806403488555008
198806403647930368
198806404000256000
198806403329163267
198806404163829760
198806404172222466
198806404591656962
198806404017037313
198806404570689537
198806404746838016
198806404130287616
198806405094973441
198806404629413889
198806404558102528
198806405355012097
198806405195644929
198806405300498432
198806402205102080
198806405392760833
198806405568933888
198806405757673472
198806405849939970
198806405954805762
198806403488550913
198806406034501632
198806406365839360
198806403748597760
198806406600732674
198806403169783809
198806407062110208
198806407171162112
198806407125024768
198806406953050115
198806406953050112
198806407619948544
198806408043565058
198806408312004608
198806408282640384
198806408324591616
198806408332972033
198806407645106176
198806408429441024
198806408542695425
198806408291037185
198806408148418560
198806408693686272
198806408781762561
198806406441340928
198806408572051456
198806408903393280
198806409197010944
198806409306046464
198806409519955969
198806409465434113
198806409595461633
198806409620627457
198806409931001856
198806407108247552
198806410119757824
198806410283335680
198806407129210881
198806410534993920
198806410899881985
198806411076059136
198806411264802819
198806411550003201
198806411654873088
198806410736312320
198806411717787648
198806411952664576
198806411109605376
198806412275630080
198806412523077633
198806412871221248
198806413026406400
198806412997038080
198806413227724800
198806413097713664
198806413504561152
198806413642960901
198806413739442176
198806413701677056
198806413819125760
198806413806534656
198806414020456450
198806413374525440
198806414469246978
198806414985134081
198806415081615361
198806415056437249
198806415098384384
198806415513616385
198806414775435264
198806415664623618
198806415526199298
198806415635259392
198806415933050880
198806416084041728
198806415991779329
198806416209883136
198806416251830273
198806416386031616
198806416650272771
198806415194857474
198806416918716418
198806416750944256
198806416696422400
198806417166176257
198806417401053185
198806416805466112
198806417279426561
198806417556246528
198806417627557888
198806417719828481
198806417422041089
198806417786945538
198806418135056384
198806418315411456
198806416067280897
198806418328010754
198806416918716417
198806418571272192
198806418592251905
198806418634178560
198806418936176640
198806419095560194
198806418839699456
198806419972169728
198806419926024192
198806419926036480
198806419921829888
198806420278349825
198806420198670336
198806420290928640
198806420500643841
198806420391608320
198806420651642881
198806420706164736
198806421297565697
198806420806844416
198806421108834304
198806421620523010
198806421817655296
198806421549236225
198806419640811520
198806422149017601
198806421402423296
198806421813465088
198806422648127489
198806422622965760
198806422895603712
198806423034003456
198806422929162241
198806423419887616
198806423449243648
198806423377944576
198806423860281344
198806423646380032
198806424049037312
198806423755427840
198806424191635456
198806423440859137
198806424367808513
198806424581701633
198806424883699713
198806424988565504
198806425005326336
198806424774656000
198806421180129280
198806425361858561
198806425340870657
198806425001144320
198806425726758912
198806425848389632
198806425588342784
198806425496072195
198806425936474112
198806425328287747
198806426154573824
198806426624335872
198806423801573376
198806426272022529
198806426896957440
198806427240898561
198806427278655491
198806427534503936
198806427589021696
198806427433828352
198806427102490626
198806428092342272
198806428138479617
198806425944854531
198806428130099200
198806427651944448
198806428385951744
198806428499189760
198806428050399232
198806427895209985
198806429048643585
198806429107363840
198806429346443266
198806428578881537
198806429119938561
198806429761683456
198806429887512576
198806430025912321
198806422488760320
198806430076248064
198806430193688578
198806430155943936
198806430290157568
198806429887496192
198806430613110785
198806430709587968
198806430810251264
198806430852202496
198806430650875904
198806430445342720
198806431103856640
198806423063379968
198806429153492992
198806431066095616
198806431007391747
198806431418429440
198806431414239232
198806431963676672
198806432244699136
198806432546684928
198806432722853888
198806432865456129
198806433117122562
198806433091956736
198806432982900737
198806433213595650
198806433301667840
198806433599455233
198806433901457409
198806433779810304
198806433934999552
198806434320883714
198806433813381120
198806434387996676
198806434652233728
198806434358628352
198806434715148288
198806433951793152
198806435201691648
198806435226861569
198806435650469889
198806435302359041
198806436132831232
198806435738562561
198806436132814850
198806434115371009
198806436862631938
198806436707446784
198806437307232256
198806437315612672
198806436548050947
198806437642776577
198806437818929152
198806437848301568
198806437932171265
198806437437251584
198806436959096832
198806439073034240
198806438955597824
198806437454024705
198806439878332417
198806439412776963
198806437533724674
198806440058699777
198806440293576704
198806439534399488
198806440025133056
198806440440365056
198806440679448577
198806441065332738
198806441266647040
198806441258262528
198806441224712192
198806441283432448
198806441438625793
198806441409261569
198806441740599296
198806441853857793
198806441992261634
198806441958703104
198806442034212864
198806442071953408
198806441665114112
198806441774153728
198806441543479296
198806442063564800
198806441874821120
198806442529136640
198806442717872130
198806442696904704
198806442864680960
198806442822729732
198806442843701249
198806443061809152
198806442998898688
198806443451887617
198806443548344320
198806443732897793
198806443355406338
198806443812593664
198806443997134849
198806444156518401
198806444345262083
198806444378832899
198806444341071872
198806444554989568
198806444827623424
198806444924080130
198806444961832960
198806444529823744
198806444810842112
198806445062488064
198806445163163649
198806442306830337
198806445452574720
198806445582581762
198806445985234944
198806446064930818
198806446190759937
198806446169788416
198806446522105856
198806446492745728
198806443959394306
198806446576635906
198806446920581121
198806446295625729
198806447021244416
198806447134482433
198806447532937216
198806447730073601
198806447755243520
198806447260315652
198806448384380928
198806448526995457
198806448615079936
198806448917069828
198806449076445185
198806449189683201
198806449424576512
198806449370046465
198806449302929410
198806449525231616
198806449692999681
198806449600724993
198806449617518593
198806449776902144
198806449978220544
198806450045337601
198806450062106625
198806450083082240
198806449722376193
198806450259247104
198806450305376256
198806450234068996
198806450557042689
198806450431205376
198806451089719296
198806451408474112
198806451613990912
198806451655942144
198806450217295874
198806451857260545
198806451844677632
198806452104724480
198806452356399108
198806452394131456
198806452297678849
198806452805173248
198806452775829504
198806452859703296
198806453094596611
198806452876484608
198806453123940352
198806453287522305
198806453467873282
198806453635661826
198806453979582464
198806453472075780
198806453870534659
198806454214471681
198806454583574528
198806454810066944
198806454164131840
198806454608732160
198806455728611328
198806455724421120
198806455405645824
198806456286453762
198806456248709120
198806456353570817
198806456441643009
198806456617807872
198806456563273728
198806456651354112
198806453866348545
198806453883125760
198806456454230016
198806457083367425
198806457007865856
198806456936562690
198806457246949378
198806457301467136
198806457356009473
198806457712517122
198806457897058306
198806457775423489
198806458131939328
198806457871896577
198806457871904769
198806458031288320
198806458496860161
198806458551373825
198806458299715584
198806458563952640
198806458673004544
198806458815627264
198806458970812416
198806458891120640
198806459247628288
198806459176321025
198806459335720961
198806459532853248
198806458337476608
198806460027777025
198806460157792257
198806460405264384
198806460107468800
198806460593999874
198806460510109697
198806460824690690
198806460854050818
198806460375908353
198806461160230914
198806460384296960
198806461227347968
198806461122478080
198806461109899264
198806461470621696
198806461458034688
198806461063770112
198806461705486336
198806461273473024
198806461952966657
198806461898440706
198806462242373634
198806462082973696
198806462393352192
198806461781000193
198806462334640130
198806458991775744
198806462452088832
198806462489821185
198806462162677762
198806462686953473
198806462569525248
198806462858924032
198806462926036993
198806463425159168
198806463538401281
198806462997340163
198806462913462272
198806463211241473
198806463865565185
198806463295131648
198806463366438912
198806464071086080
198806464326926339
198806464993828866
198806465153212416
198806465287434240
198806465388101632
198806465463586816
198806465530695681
198806465513922561
198806465673297920
198806465702666240
198806464620535808
198806464842838016
198806465849470977
198806465841078273
198806465241284608
198806466436673536
198806466403115008
198806465933344772
198806465610391552
198806466629615618
198806466231144449
198806466747043841
198806466780610562
198806467032268802
198806467082600448
198806467120340992
198806467216801792
198806467078393856
198806467539779584
198806467623665664
198806466960953344
198806468131172352
198806467959201792
198806468529627136
198806468626100225
198806468588343297
198806468361846785
198806468953260032
198806469209100288
198806468638670848
198806469146181634
198806469150380033
198806469414617090
198806468768710656
198806469662085120
198806469762748416
198806470006030338
198806470165413889
198806470173790211
198806470484168704
198806469678874624
198806467774660608
198806470773587968
198806470614196224
198806470362533888
198806470647746561
198806471142674432
198806471360774144
198806471864094720
198806471918624768
198806472182870016
198806471742459904
198806472400961536
198806472396775424
198806472359030786
198806472514224128
198806472887513088
198806473168523264
198806473441157120
198806473621516289
198806473596350465
198806473231446018
198806473571176449
198806473755734016
198806473780891649
198806473759932417
198806471398539266
198806473902534657
198806473478909952
198806474095472640
198806474036756480
198806474506514434
198806474707836929
198806474946916352
198806475219542016
198806473659256832
198806475303432193
198806475324399617
198806474787536896
198806475622199296
198806475731251200
198806475823513600
198806475764801536
198806476003885057
198806476486213632
198806476431691777
198806476754657281
198806476226183169
198806476779823105
198806476943409152
198806476981153793
198806476985344000
198806476700123136
198806477610287104
198806477375418368
198806477790658560
198806478008750080
198806478340112386
198806478071664640
198806477815816193
198806478482702336
198806478700818432
198806478793084928
198806479183167488
198806479334150146
198806479367712769
198806477178290176
198806479178969088
198806479233486850
198806479829073921
198806477740318721
198806478914727936
198806480223350785
198806480110092288
198806480286265344
198806480135266305
198806480319807489
198806480940568576
198806481351614464
198806480596643842
198806479426428929
198806481443897346
198806481632641026
198806481456476160
198806481229987840
198806482215641088
198806481645207553
198806482471493633
198806482580553729
198806482618298370
198806483054501888
198806483075473408
198806482437943296
198806483046121472
198806483478118400
198806483851415553
198806483155156992
198806484379901953
198806484556058624
198806484719648768
198806484832890880
198806484749000705
198806484774162434
198806479405461504
198806484509917185
198806480990900225
198806485122285568
198806484673495040
198806485298454529
198806485382348801
198806484962902016
198806485659160577
198806485684338688
198806485071958017
198806485713698816
198806485898240000
198806486045040642
198806485973737472
198806485986324481
198806486435102721
198806486263152641
198806486779039745
198806486623858688
198806486963589120
198806486988754944
198806487286550529
198806487441735680
198806485399113729
198806487836016640
198806487815041025
198806488444178432
198806488700030976
198806489404682241
198806489471791107
198806489656328193
198806490042204160
198806490155450369
198806490289676288
198806490331623424
198806490436481025
198806489350160384
198806490994315264
198806488322543619
198806491199848451
198806491447312385
198806491862548480
198806491938037760
198806488519671809
198806491556364291
198806491510214656
198806492013527042
198806492277784577
198806492370046976
198806492466511872
198806492512665600
198806492688822272
198806492760125440
198806493234077697
198806493661900800
198806493817085952
198806493758365698
198806494001643521
198806494228123648
198806493695455232
198806494546886657
198806493842243585
198806494605606914
198806494219747329
198806493649321989
198806494693695489
198806494349754368
198806495171842048
198806493959700481
198806495192821762
198806490012844033
198806495419318274
198806495788400641
198806495880675329
198806495884873728
198806496094597121
198806494970511361
198806496392388608
198806496568541184
198806495951978496
198806496824410113
198806497143160833
198806496593707008
198806495838740480
198806496824410112
198806497554206720
198806497092833281
198806497961058306
198806497944289282
198806497579372545
198806498632138752
198806498829275137
198806498850246656
198806498892193792
198806499043180544
198806498678284289
198806499722661889
198806499928178688
198806500221779968
198806500276314113
198806499416481793
198806500272115712
198806500418924546
198806500548939777
198806501060644865
198806501039669248
198806500779634689
198806500691558400
198806501211639810
198806500658003968
198806501547188224
198806501299720193
198806501714964480
198806501308104704
198806502000181249
198806502109233153
198806502239240193
198806501685604352
198806502025347073
198806502809665540
198806502352498688
198806503145213952
198806496199442432
198806503447207936
198806500561534976
198806503510126592
198806504009236480
198806504038596608
198806503602393089
198806504265105408
198806504688717825
198806501488463875
198806504369954816
198806504944578561
198806504986509314
198806504965550080
198806505175269376
198806505053634560
198806505645023232
198806505988952066
198806505993146368
198806503698874368
198806506542604288
198806506769100801
198806506819432448
198806506987208705
198806506630676480
198806506966233089
198806507243053056
198806507473739776
198806507305963522
198806503765966848
198806507901554688
198806508048355329
198806508060934144
198806508404879360
198806508459393026
198806508392300544
198806508128055296
