198832933379911680
198832933518315520
198832933711249408
198832933845479424
198832933845483520
198832933178580992
198832933593812992
198832934348791808
198832934965362688
198832935896494080
198832935531581440
198832936299147264
198832936307539968
198832936496279555
198832936093630464
198832938207555588
198832937997828097
198832939000279040
198832939692326913
198832939847528448
198832940921266176
198832939860107265
198832941202276352
198832939889471488
198832942397661184
198832944217989120
198832944406740992
198832944293482497
198832945010720768
198832945128148992
198832945719545857
198832945878937600
198832946348691456
198832947246284801
198832947531493377
198832948290650113
198832948638789632
198832950790463488
198832951142776832
198832951608352769
198832952900202496
198832953348988929
198832953424494592
198832952925368321
198832953592266753
198832953952960512
198832954032652288
198832954242371584
198832955332898816
198832955920101376
198832955974615040
198832955953659904
198832956163362816
198832954200432641
198832956649914369
198832956926722049
198832957417472001
198832957509730305
198832959258767361
198832959376195585
198832959128748033
198832960303153152
198832960806453248
198832960894541824
198832957656543233
198832961599184896
198832962014420992
198832962261876736
198832962249293824
198832962526134274
198832962706472961
198832962710671361
198832962756816897
198832963297882112
198832963415318528
198832963796996098
198832964111572994
198832965311139840
198832965327921153
198832966141607937
198832966326157313
198832966472957955
198832966653329408
198832966825287680
198832966921760768
198832967295049728
198832967508955136
198832967534120961
198832967840309248
198832967785783296
198832968087773184
198832968255553537
198832968523984896
198832968536563713
198832968935018496
198832969228632064
198832970608545792
198832970671456257
198832970755350528
198832970692440064
198832970931507201
198832970918920192
198832970981847040
198832971107667969
198832971585818625
198832971606786048
198832970168139776
198832972059779072
198832972256915457
198832972462436354
198832972911226880
198832973108355072
198832973074792449
198832972667961345
198832973913665536
198832974010134529
198832974081433601
198832973989163009
198832974173708288
198832974588944384
198832974697988097
198832974748327938
198832974798651393
198832975243251712
198832975473934336
198832975671078912
198832976157609985
198832976870649857
198832977076174848
198832977168449536
198832977344610305
198832977369772032
198832978070212608
198832978149908480
198832978225401857
198832978430918656
198832978741309440
198832978879713280
198832978913267712
198832977768218624
198832978665811968
198832979060068352
198832979462721537
198832979890548736
198832980020559872
198832980477755395
198832980888780800
198832980930723840
198832980381282304
198832981505347584
198832981576663040
198832982121922561
198832982256123906
198832982465851394
198832982444867585
198832982516170754
198832982574907392
198832983153709057
198832982818160640
198832982847537152
198832983556374529
198832983887724545
198832983761883136
198832983959023616
198832984051294208
198832984181309441
198832984583962625
198832985162780673
198832985158590464
198832985250873344
198832985452199936
198832985565429760
198832985691262976
198832985812910080
198832985846448128
198832986332987392
198832986584657922
198832986609823744
198832986794377218
198832987025059841
198832987159269378
198832988027486208
198832988421758976
198832988476276737
198832988534996992
198832988404985857
198832988946051074
198832988904112128
198832988853772288
198832989390635008
198832989545836544
198832990325964800
198832989990420480
198832990359523328
198832990690873344
198832990753792000
198832990846062593
198832990808326145
198832991001251840
198832990745411585
198832991441653760
198832991546511361
198832991957553153
198832992196636672
198832992842551297
198832992985165824
198832993392001024
198832993660448768
198832993765298176
198832993786277888
198832994113437696
198832993857581056
198832994465755137
198832994734182400
198832994927128576
198832994465742848
198832995233308674
198832995610804224
198832995820515330
198832996420300800
198832996797779968
198832996684546049
198832997217218562
198832997737304064
198832998106406912
198832997993168896
198832998588743682
198832998609715201
198832999066898434
198832998983024641
198832999020773376
198832999515697152
198832999524085762
198832999649902592
198832999733788673
198832999792513024
198832999503106050
198833000358739968
198833000971108352
198833000409075712
198833000669118465
198833001700933634
198833002090987522
198833002212634626
198833002418155520
198833002736918528
198833002850172929
198833003672244224
198833003894550528
198833003894546433
198833004024578048
198833004234285056
198833004301389824
198833004414631938
198833004704051200
198833004590809088
198833004762775552
198833004699856896
198833005161230336
198833005043793920
198833005391904768
198833005572259840
198833004645335040
198833005832314881
198833005949763585
198833006650212353
198833006658592769
198833007480680449
198833007669420032
198833008357285888
198833008298573824
198833008516669441
198833008587980801
198833008822853632
198833009158397952
198833009275834369
198833009401675776
198833009644933124
198833009808519168
198833009942732800
198833009967906816
198833010240520193
198833010236325888
198833010341195776
198833010525749249
198833009942724611
198833010295046145
198833010592854017
198833011075198976
198833011154890755
198833010840305664
198833011150688257
198833011477839872
198833010907414528
198833011486240768
198833011066798081
198833011503022080
198833011725303808
198833011880509442
198833011930836992
198833011859521536
198833012119584769
198833012669026305
198833012975222785
198833013302374400
198833013646307328
198833013793107969
198833014791356418
198833014879424513
198833015546331136
198833015764418560
198833015495991296
198833015865081856
198833015852498946
198833015655378946
198833016481648641
198833016536170496
198833016389378049
198833016766865410
198833017328902144
198833017450536960
198833017605734402
198833017857376256
198833018004189184
198833017991602176
198833018201317376
198833017773490176
198833018624950272
198833018645913600
198833018838855680
198833019228917760
198833019463806977
198833019904212992
198833019946151936
198833020495601664
198833020638212098
198833020764041217
198833021066027008
198833021120557056
198833020432691201
198833021258973184
198833021972000768
198833022609526785
198833022554996736
198833021951021058
198833023326748675
198833023284817921
198833022949273601
198833023532277760
198833023628754944
198833023741992960
198833024144650240
198833024245313536
198833024337584131
198833024803151872
198833024706674688
198833024979316737
198833023775551488
198833025222574080
198833025285496833
198833025583300608
198833025914638337
198833026313097216
198833026485059585
198833026594127872
198833026724147201
198833026283745280
198833027114217472
198833026883530754
198833027386839042
198833027416207360
198833027588165632
198833028485754881
198833028603183104
198833029182005248
198833029349781505
198833029504958465
198833029572071425
198833029806948352
198833030134108162
198833030775836672
198833031644053505
198833033359540226
198833033346957312
198833033556656129
198833033938341888
198833034160644096
198833034403913729
198833034416504832
198833034462638082
198833033971904513
198833034638794752
198833035276320768
198833035695763456
198833036010340353
198833036572368896
198833036559777793
198833036824027138
198833036878561280
198833037646110722
198833038212349952
198833039076376577
198833039785201665
198833040548564993
198833040900894720
198833041391624192
198833041622310912
198833041697812480
198833041081241601
198833042318569474
198833042574413828
198833042620547074
198833043379728385
198833043656544257
198833044617048064
198833041320329216
198833044252143616
198833044738682880
198833045132935168
198833045510422529
198833045770473472
198833045569155072
198833045971804162
198833046198300672
198833046542225408
198833048140251136
198833049130123265
198833049083973632
198833049125928961
198833049784426496
198833049797005313
198833049759252482
198833049943814147
198833050661044224
198833049507610624
198833050623295488
198833052011610112
198833052477165569
198833052766568449
198833044608659459
198833053186002945
198833053232152578
198833053282476033
198833053324414976
198833053689323520
198833053789982722
198833053974544384
198833053701910529
198833054112956417
198833053701898242
198833054284922880
198833054549159936
198833054599491584
198833054758875138
198833054893080576
198833055010525184
198833054888898561
198833055027310596
198833055077634049
198833056084279296
198833055367045123
198833056356909056
198833056491114496
198833056621133824
198833056906350592
198833056847642624
198833057602617345
198833057631961090
198833057808134145
198833058122706945
198833058143666176
198833058479214593
198833058374356992
198833059183865858
198833059267756034
198833059662016512
198833059821404160
198833059980779520
198833058697330689
198833058407907328
198833060131782657
198833060555403266
198833060630888448
198833060945469440
198833060878356482
198833061239066624
198833061369090048
198833061448777728
198833061704634368
198833061746589696
198833061855625216
198833062031794176
198833062145036289
198833062400901122
198833062409277442
198833063432683521
198833064284143616
198833064527400960
198833064984576001
198833065026535424
198833065135579137
198833065219461120
198833065433370624
198833065429188608
198833065559195648
198833065370464257
198833065928310784
198833065714388992
198833066129620994
198833067241127936
198833068126113792
198833068105142273
198833067660550147
198833068662996992
198833068654596096
198833069187284993
198833069363429376
198833069887733760
198833070227456002
198833070198099968
198833068944015362
198833070512672770
198833070906941440
198833070915338240
198833071066333184
198833070986637313
198833070613348354
198833071909376000
198833072026828800
198833073192828928
198833073440309248
198833073536774145
198833073905864704
198833074107191296
198833074224635904
198833074363039746
198833074539204610
198833074581151744
198833075118014465
198833075973660673
198833075780726788
198833075831046144
198833075868794881
198833075889766400
198833076095303681
198833076472791041
198833076636360705
198833076908998657
198833076950933504
198833077328424960
198833077336813569
198833077638791169
198833077785600000
198833077462642688
198833078242779138
198833078381199360
198833078515400704
198833078687379456
198833079127781377
198833079366856704
198833079618502657
198833080360910848
198833080348327936
198833080478339073
198833080516096000
198833081132650496
198833081124274176
198833081103286272
198833081195565056
198833082223173633
198833082223173637
198833082235760641
198833082315440130
198833082562904064
198833082764247041
198833082139279360
198833083527593984
198833082957168640
198833083510816768
198833083854749696
198833083959611392
198833083586330624
198833084253208576
198833085041750016
198833085289218048
198833085297606659
198833085398265857
198833085301784578
198833085767356416
198833085633142784
198833085717020672
198833086845296641
198833086807543808
198833086811742208
198833087235366914
198833087264735233
198833087281512448
198833087407325184
198833087558324224
198833088841789440
198833089131184128
198833089202499586
198833089177333760
198833089651281920
198833089848422402
198833089819049985
198833090041352193
198833090645336064
198833090737610752
198833090603388928
198833090410455040
198833091261898753
198833091693920257
198833092008480768
198833092234981376
198833092323057664
198833092692164609
198833092746690561
198833093191282688
198833094004973568
198833094122405888
198833094340526082
198833094327930880
198833094386655234
198833094374080512
198833094042730497
198833094881587201
198833094734774273
198833095204540416
198833095464587264
198833095712063488
198833095879827456
198833095665917952
198833096047599619
198833096093741056
198833096311848960
198833095980490752
198833096831930370
198833096886452226
198833096357978112
198833096928399360
198833097033269249
198833097112948738
198833097289117698
198833096890662913
198833097788239873
198833097440104448
198833098169917441
198833098136354817
198833098429964289
198833098610315264
198833098820034561
198833098845204480
198833099495317504
198833099285602304
198833098933280770
198833099667288064
198833100590039040
198833101034622976
198833101084958720
198833100942356480
198833101173047298
198833101311442944
198833101609238528
198833101844127746
198833101957378050
198833101957378049
198833102255161344
198833101911236608
198833102452297728
198833102750101504
198833103257608192
198833103387631616
198833103756734466
198833103756734464
198833104792723456
198833104683679746
198833104847253507
198833105040179200
198833105170202624
198833105405087744
198833105094717440
198833105442844672
198833105619009536
198833106051010561
198833105585438720
198833107007307776
198833107372216320
198833107233816576
198833107330277377
198833107397386240
198833107158310912
198833107657437184
198833107758100480
198833107967815681
198833108009750528
198833108391444481
198833107657428993
198833108114612224
198833108945080320
198833109066723329
198833109330952192
198833109838475265
198833108915720192
198833110220152832
198833109884612608
198833110585053186
198833110715084800
198833111243563008
198833111356809216
198833111730094080
198833111809785857
198833111923040257
198833111755268096
198833112317300737
198833112468295681
198833112694784004
198833112774492160
198833112300523520
198833112745132032
198833112925483009
198833112581554176
198833113479122944
198833113810477057
198833113940508672
198833114041163777
198833113072275456
198833114158608384
198833113739165696
198833113944702977
198833114502537216
198833114473172992
198833113961480192
198833114666115072
198833114821304320
198833115106508800
198833115312029696
198833113290379265
198833115697909760
198833115601444864
198833115786002432
198833115626606592
198833116041850881
198833115957968897
198833114418647041
198833116238987266
198833116243173378
198833116410945536
198833116561936385
198833116859744258
198833117065256960
198833117107208192
198833117316923392
198833116792623104
198833117530820608
198833117656645632
198833117715374081
198833117748920321
198833118440984578
198833119166599169
198833119204356096
198833119510540289
198833119250497536
198833119816712192
198833120252923904
198833120194211840
198833119929974785
198833120110313473
198833120387153922
198833120525557761
198833120697520132
198833121158901760
198833121226006528
198833121293115392
198833121473474560
198833121402175488
198833121507028993
198833121695768576
198833121838366720
198833121918070784
198833121897103360
198833121951625216
198833122392031233
198833122412994561
198833122433957890
198833122597552128
198833122794684416
198833122832429057
198833123209920512
198833123155390464
198833123599982592
198833123646128129
198833123746783232
198833123625144321
198833122811461632
198833124099108864
198833124090720256
198833124333989888
198833124292042754
198833124510142465
198833124589842432
198833124732436481
198833124749221888
198833124870860801
198833125097357312
198833125260918786
198833125248335872
198833125139300352
198833125269319681
198833125558714368
198833125525172224
198833125495799808
198833126154309633
198833126171099136
198833126305312769
198833126087204866
198833126473072641
198833126489858050
198833126494044160
198833126561169409
198833126787649538
198833127030931456
198833127098040320
198833127077060608
198833127253225472
198833127752339457
198833127798480896
198833127882366976
198833127999799298
198833128113053696
198833128104673280
198833128138227713
198833128469565440
198833128503132160
198833128519905280
198833128578617345
198833128364720128
198833128649932802
198833128134033408
198833129035796480
198833129014829056
198833128993849344
198833129274875904
198833129262284800
198833129484587009
198833129467817984
198833129568485378
198833129568481280
198833129782390785
198833129945956352
198833129883041793
198833129660743680
198833129987899392
198833130000482306
198833130151489537
198833130310877184
198833130570919936
198833130457669635
198833130776428545
198833131049074689
198833131191676931
198833131296526336
198833131317497857
198833131594334208
198833131690790913
198833131774685185
198833131816624128
198833131829198848
198833131825012736
198833130856124419
198833132093456384
198833132005376000
198833132290572289
198833132345102338
198833132496105473
198833132693241857
198833132387045378
198833132802277376
198833132835831808
198833133217513472
198833132559007745
198833133251076096
198833133309796352
198833133372702720
198833133506936832
198833133435621377
198833133569843201
198833133636943876
198833133775368192
198833133225910273
198833134308032512
198833134622605312
198833134635188224
198833134773600256
198833135096578049
198833135029452800
198833135163678722
198833135419535361
198833134970732544
198833135436304385
198833135604076546
198833135486644224
198833135717330944
198833135809593345
198833135801204736
198833135314669568
198833136220639232
198833136312909826
198833136250011649
198833136363253761
198833136354869249
198833136795254784
198833137223077888
198833137277612033
198833136556187648
198833137554440194
198833137592184833
198833137587978240
198833137554423808
198833136610713603
198833137801904128
198833137202118656
198833137961271297
198833138166804480
198833138418458624
198833138808524801
198833138770784257
198833138938552320
198833138703667202
198833139186020354
198833139215384576
198833138313592833
198833139483803648
198833139588673536
198833138745618432
198833140222009344
198833140284915714
198833140347834369
198833140427526145
198833140171677696
198833140163289089
198833140410757123
198833140586909696
198833140511408128
198833140679180291
198833140679180292
198833140742094849
198833140758880258
198833140649824256
198833140733718528
198833140842766336
198833141006352384
198833141207670784
198833141438361600
198833141392228352
198833141446742018
198833141648072705
198833141086035970
198833141702594560
198833141996195840
198833141882953731
198833142101049345
198833142352723968
198833143271268353
198833143359356929
198833143413882881
198833143346757633
198833143338381314
198833143472590850
198833143569059840
198833143875256320
198833142583410688
198833143925575680
198833142432399360
198833144005279745
198833144332431360
198833144269504516
198833144407928832
198833144886083585
198833144940601344
198833144059797505
198833145066422275
198833145204846593
198833145313894402
198833145196457984
198833145418747904
198833145494249473
198833145720745984
198833145821409280
198833146182111232
198833146198896640
198833146303758336
198833146458939392
198833141564194817
198833146547015680
198833147398463488
198833147562041345
198833147486552064
198833147549454338
198833147587198976
198833147767566336
198833147864023040
198833148031803392
198833148145041408
198833144143683584
198833146660257792
198833148237320192
198833148317007873
198833148308635648
198833148476399616
198833147901784065
198833148698697728
198833148799356928
198833148522541056
198833149357207552
198833149348818944
198833149466263552
198833149541756930
198833149793411072
198833150007316480
198833150099591169
198833149613064192
198833150292541442
198833149986349056
198833150045077504
198833150737125376
198833150703583232
198833150783266816
198833151047512064
198833151068471296
198833151429193728
198833151479517184
198833150472892417
198833151735382017
198833151739568129
198833151580192768
198833152066715649
198833152200933376
198833152112857088
198833152226099200
198833152444211200
198833152486146048
198833152700055552
198833152637153280
198833152851062785
198833152876232704
198833153396310016
198833153589264385
198833153685729281
198833153769619456
198833153819942913
198833153945763840
198833154138718209
198833154323263488
198833153777991682
198833150678417409
198833154277113856
198833154658799617
198833154797207553
198833154780438528
198833154776236032
198833154805604354
198833154881097728
198833154843348995
198833154952400896
198833155048865792
198833155095003136
198833155166318593
198833155262775296
198833155296346112
198833155338280960
198833155686412289
198833155766104064
198833155849986048
198833155053064192
198833155933872128
198833156193927169
198833156277813248
198833155749330944
198833156391051265
198833156437188608
198833156709826560
198833156634324992
198833156764348418
198833156546248704
198833156416225280
198833156940513283
198833157074714624
198833157116669952
198833157192167425
198833157187973120
198833157284438017
198833157523513344
198833157603213314
198833157754208256
198833155204071424
198833157712252928
198833157783568384
198833158412701696
198833157653544960
198833158597263364
198833158702116865
198833158731464705
198833158723080192
198833159197036544
198833159201230848
198833158806970369
198833159276724226
198833159289319427
198833159339638785
198833158601453569
198833159394168832
198833159469678594
198833159616471040
198833159851347970
198833159801016322
198833160014938113
198833160094617600
198833160073658368
198833160132366336
198833160216260608
198833160497266689
198833160593739776
198833160522448896
198833161222889473
198833161193537539
198833161478750209
198833161478733824
198833160828624896
198833161839448065
198833161856229379
198833161889783808
198833160895741952
198833162116276224
198833162229514240
198833162351157248
198833162456010752
198833162430857219
198833162443427840
198833162577649664
198833162615402497
198833162581843968
198833162791567360
198833163076771840
198833163005472768
198833163072577536
198833163194220544
198833163215192064
198833163471032321
198833163152273409
198833163798192128
198833163789811713
198833163781414912
198833164377010176
198833164548972544
198833164704169984
198833164880330752
198833164829986816
198833164850962432
198833164905492480
198833165014544384
198833165048094720
198833165006151680
198833165257805824
198833165236842497
198833165282983937
198833164834193409
198833165396213761
198833165400408068
198833166042144768
198833165547212801
198833166230896641
198833165660459011
198833166205718528
198833165635297280
198833166251851776
198833166314770433
198833166419632128
198833166503518208
198833166516105217
198833166562230273
198833166671282176
198833166675480577
198833166524481536
198833166943916034
198833167162032129
198833167212347392
198833167153635328
198833166562230272
198833167514349568
198833167816343553
198833167820533760
198833167921192961
198833167937970176
198833168252538882
198833168202203136
198833168286089216
198833168512589824
198833168508395522
198833165467521025
198833168407732224
198833168818769920
198833168940408832
198833168902656000
198833168323842049
198833168541941763
198833169234006016
198833168932028416
198833169309503489
198833169099792384
198833169389199360
198833169468895232
198833169624088576
198833169749905408
198833169607294976
198833169775083520
198833169347264513
198833169988993024
198833169858961408
198833170093838336
198833168818778112
198833166977470466
198833170286772224
198833169821220864
198833167170412545
198833170567794688
198833170525851648
198833170571984898
198833170836226048
198833170899140608
198833170907529218
198833170710396928
198833170957873154
198833171104677888
198833171570229248
198833171612180480
198833171784142849
198833171335364609
198833172031602688
198833171951910913
198833172228743169
198833172232933377
198833165643689984
198833172341997568
198833173096964097
198833172425867264
198833172530728960
198833173231190016
198833173474447360
198833172920803328
198833173579300865
198833173537357824
198833173516398592
198833173575110656
198833173487042561
198833173965176832
198833174015508481
198833172413288449
198833174015524864
198833174111977475
198833174019715072
198833174510436352
198833174606905344
198833174527221762
198833174560772098
198833174703374337
198833174732746752
198833174917300227
198833174850179073
198833174925688832
198833175160561665
198833175135391745
198833175236063232
198833175466754048
198833175651303424
198833175626137600
198833175714205698
198833175819071489
198833176003612672
198833176146214913
198833176301404161
198833176477569024
198833176519520257
198833176787947520
198833176880222210
198833176871829504
198833177131884545
198833177240936448
198833177240944641
198833177060585472
198833177333207041
198833177601654784
198833177689735170
198833177631002625
198833177433874433
198833177844916224
198833177916215296
198833177870077954
198833178406957058
198833178461483008
198833178482458624
198833178528579584
198833178583105539
198833178704744448
198833178608275456
198833178792824833
198833178792833024
198833178935439361
198833179023507457
198833179069648896
198833179296141312
198833179480694786
198833179434553344
198833179459731456
198833179543617540
198833179682017280
198833179753324544
198833179778482176
198833179262595072
198833179912708097
198833179933687808
198833179958841346
198833180265021441
198833180197916673
198833179937878016
198833179845599234
198833180390862848
198833180336328704
198833180357308416
198833180353118209
198833180327948290
198833180797698049
198833180869001217
198833180973862914
198833180554440704
198833180986441729
198833181057761280
198833180915138560
198833180827062273
198833181116477440
198833181208756227
198833181162606592
198833181238112257
198833181347151872
198833181414268928
198833180881584128
198833181573644288
198833181603004416
198833181821108226
198833181716250626
198833181909200897
198833181879832576
198833181233905665
198833182131499008
198833182093750274
198833182144077824
198833182118907904
198833183205240832
198833183226200065
198833183301713920
198833183280742400
198833183255564289
198833183326863362
198833183377207297
198833183347851264
198833183339458562
198833183406571521
198833183687589888
198833183314296832
198833183897305090
198833183800819715
198833183825997824
198833183964405760
198833184073449473
198833184140566530
198833184304136193
198833183658213377
198833184526450688
198833184501284865
