198776564081635329
198776564123566081
198776564614316032
198776565205712897
198776565725794304
198776566652735488
198776566585630720
198776568728920064
198776568892506114
198776569509068800
198776569970438144
198776572629614593
198776574282174464
198776574231855104
198776574525448192
198776572180824064
198776575137812480
198776577562132480
198776577721503746
198776579227262977
198776583442538497
198776584977649665
198776585619386368
198776589054513152
198776588718981122
198776589398446081
198776589423620097
198776589327142912
198776590480588800
198776591755644931
198776592196046848
198776592342859777
198776593383047169
198776593026527233
198776592707756032
198776592992964608
198776594377084931
198776594276425728
198776596449075201
198776596872691712
198776599028580352
198776599955521536
198776600018432000
198776600907620352
198776603508097027
198776606733504513
198776607538814977
198776607694000128
198776608474148866
198776608717410305
198776609484980224
198776611192053760
198776618146213888
198776618142023680
198776619379331072
198776619047993344
198776623489744896
198776624760627201
198776627096862720
198776628002816000
198776630120951809
198776631152754688
198776632281014272
198776633337987072
198776634365583360
198776634474643456
198776636651487232
198776638706696192
198776640313106432
198776641684635650
198776645690212352
198776646373883905
198776646931726336
198776648538140676
198776648760434688
198776649469272065
198776650085842944
198776653411909633
198776653630029824
198776656431824898
198776657497161728
198776658776428545
198776659212636160
198776660139589633
198776660244430849
198776660361879552
198776660529659907
198776662463217665
198776666733027328
198776667890663424
198776667722874881
198776667810959361
198776670293999616
198776670323351552
198776670923132928
198776671543902208
198776671694884864
198776672894468096
198776673968197632
198776677797609472
198776678695186435
198776679441768448
198776683250196480
198776683782864897
198776685456400385
198776688748929024
198776689340321793
198776690028199937
198776690007224321
198776690342772737
198776692372807680
198776692418945025
198776692360228865
198776694209908736
198776695279468545
198776696609050624
198776696940412928
198776698936885248
198776699343745024
198776701814177792
198776702187474945
198776701940015105
198776701684158464
198776703026343937
198776703382847490
198776703013765120
198776706536980481
198776712069255168
198776713289805826
198776713419816960
198776713826680832
198776715588272128
198776715802189824
198776715273715716
198776717458948096
198776721351258112
198776722630512641
198776720202018821
198776725621047296
198776727420416000
198776729492402176
198776733137252352
198776735901294593
198776736983433217
198776737067315202
198776733376331779
198776737163771904
198776737495138306
198776738648559616
198776742142418945
198776742951911426
198776743362961409
198776745011331072
198776746772926465
198776747649544192
198776749989961728
198776750493278210
198776750493274115
198776750115790848
198776747590823936
198776755107020802
198776756872822784
198776756717617153
198776757711679489
198776755446759425
198776759230005248
198776759666225152
198776759091597314
198776760236650496
198776760479916034
198776762765803520
198776765471133698
198776766670704644
198776766779760642
198776767719292928
198776768637841408
198776771267661825
198776772957970432
198776774992207873
198776778431533057
198776782193831936
198776784127406081
198776781845692416
198776784496492544
198776786295853057
198776787646414848
198776789189922816
198776789152182273
198776789751959555
198776789701623808
198776790901194752
198776790309797889
198776792209833985
198776792046243842
198776793468121089
198776796408315904
198776795636568067
198776798564192257
198776803005972480
198776803295375361
198776804515917824
198776804218114049
198776804536885252
198776805589655553
198776807284154368
198776808819277824
198776809507131392
198776811268743168
198776812111798273
198776812812242945
