198830417229524992
198830417829306369
198830416499703808
198830418965958659
198830418580094976
198830419364413440
198830420039712768
198830419704164352
198830420576579584
198830420752736256
198830420761128960
198830420870176769
198830416399056897
198830421881012225
198830421994242048
198830422640181248
198830423021854721
198830423923638272
198830422837313537
198830424401780736
198830424682790912
198830424347250690
198830422703087617
198830424015908864
198830421465767936
198830424238202880
198830425370656768
198830425773326337
198830426222112769
198830426159198209
198830426524098560
198830426666700800
198830426754793499
198830427459428352
198830428377976832
198830428377989121
198830427874672641
198830428688367616
198830429879541760
198830430261219328
198830430273798144
198830430642913282
198830431196549120
198830431418855424
198830432471625728
198830432081555457
198830432450654208
198830432987525120
198830432358383618
198830432513560577
198830432698105858
198830433289506816
198830433465663488
198830433289506817
198830433797021696
198830433872519169
198830434153529345
198830435143397380
198830435306967041
198830435025956864
198830435361492992
198830435797696513
198830435915153409
198830436607213568
198830436523323393
198830436049371136
198830437018255360
198830436535898112
198830437068574721
198830437412515840
198830438016495616
198830438603685888
198830438595309568
198830439102812160
198830439941672960
198830440105254912
198830440465960960
198830440507904000
198830440679870465
198830441137053697
198830441199968256
198830441510338561
198830441619406848
198830441980104706
198830442487627776
198830442827366402
198830443628478464
198830443766890496
198830444299554816
198830444563808256
198830444542824448
198830444643495936
198830445318774784
198830445427834880
198830445746585602
198830445545267200
198830445771763713
198830445306183681
198830445813698560
198830446589648896
198830446627401728
198830446916812801
198830445721423872
198830446979727360
198830447269117952
198830447336230914
198830447403343872
198830447344615424
198830447097159680
198830447323648000
198830448112181248
198830447378169856
198830445222313985
198830447927635968
198830448347062272
198830448741322752
198830449097838592
198830449659871232
198830449773121536
198830449383051265
198830449672470530
198830449852821504
198830449760550913
198830450536480768
198830450754592769
198830450565853184
198830451140476928
198830451337605120
198830451861880832
198830451987726336
198830451954155520
198830452696547329
198830452499419137
198830452625256448
198830453065646080
198830453241806848
198830453774495746
198830453820637184
198830454118428673
198830454307168256
198830453833211904
198830454487531521
198830453757718529
198830454554640386
198830454038736896
198830454093258753
198830455104090113
198830455112474624
198830455775182849
198830456093937666
198830456374960128
198830455926161409
198830456693719040
198830456249135106
198830456605642752
198830456924413954
198830456299462656
198830456840531968
198830457276743680
198830457184452608
198830457805217792
198830457645838337
198830458094624770
198830458811858944
198830457016696832
198830459327754240
198830452843347968
198830459822673920
198830460841897984
198830461152276480
198830461299064832
198830461525561346
198830461525569537
198830461223579648
198830461722701825
198830461802389505
198830461450067968
198830462397984769
198830461911441410
198830462494449664
198830463530446848
198830463731761152
198830463203278849
198830463886966784
198830464251858945
198830463782105088
198830464818098177
198830464889389056
198830464876806144
198830464629346304
198830465640177664
198830466273517568
198830465707286528
198830466160267265
198830466177044480
198830466932019201
198830467535998976
198830464176357376
198830466177052672
198830467590529024
198830467754106880
198830467707973633
198830468219670528
198830468169334789
198830468320337920
198830468358086656
198830468064493568
198830468454551552
198830468207087616
198830468727177216
198830469574434817
198830469075308544
198830469192753152
198830469431828481
198830469851254785
198830470002245632
198830470396510209
198830470262292480
198830470497185792
198830470576869376
198830470962741248
198830471273119744
198830468563607553
198830471210213378
198830472887943168
198830472288153602
198830472904720385
198830473223475201
198830473810677760
198830474293022721
198830474347552768
198830474523721728
198830476079796224
198830475085754368
198830476255969280
198830476352434176
198830476440502274
198830476255965185
198830476612468737
198830477115797504
198830476771860483
198830477266796547
198830476784439297
198830477468123140
198830477757526016
198830477350682625
198830478021758976
198830478638329856
198830479699484672
198830478982258688
198830479879847936
198830480253124608
198830480215384065
198830480219582466
198830480328630272
198830480722890752
198830481171677186
198830481268158464
198830481872142339
198830481918275584
198830481507225600
198830482086043648
198830481624666112
198830480651587584
198830482505478145
198830482660659200
198830482761334784
198830482295762944
198830482908135424
198830483134627840
198830483746992128
198830483658911745
198830484350963714
198830484069945345
198830484598427649
198830484199981056
198830484350976001
198830484971716608
198830485349220353
198830485244354560
198830485315653632
198830485487624192
198830484887830528
198830486100000768
198830486322298883
198830486943055872
198830486188068865
198830487513468928
198830488268443648
198830488490749952
198830487962255361
198830488813703168
198830489254100992
198830489501581313
198830489786793984
198830489744850944
198830489526738945
198830490768252930
198830490512400384
198830490487226370
198830489052782592
198830491644862464
198830492349513732
198830492420800512
198830492202696705
198830492999630848
198830492991238146
198830493419057154
198830493599404032
198830492970254340
198830493670715393
198830490680172544
198830494077550592
198830493716852737
198830494249525250
198830494119510016
198830493893017603
198830494283087874
198830494815760385
198830495264542720
198830495419744256
198830495621058560
198830495751094274
198830495960809472
198830496740941825
198830496707379200
198830496669638658
198830496984203264
198830497068093440
198830497386856448
198830497470754817
198830497353310208
198830496740933632
198830497290399744
198830497604972544
198830498540298240
198830498343157760
198830499014254594
198830498473193472
198830498766782465
198830499215585280
198830500020891649
198830500121546752
198830500163497985
198830500071219203
198830500142514176
198830500301905920
198830500394188800
198830500117352450
198830500633251840
198830500792639490
198830501220466688
198830499865690112
198830500796833792
198830501707001856
198830501786689538
198830502336139264
198830502482944000
198830502902366208
198830502998835200
198830502998847489
198830503472799744
198830504177438721
198830503829307393
198830503653146624
198830504076775424
198830504479440897
198830504416522240
198830504819167232
198830504953389056
198830505364434945
198830505335062529
198830505565749248
198830505356034049
198830506274598912
198830506530439168
198830506547228672
198830506580770818
198830506421391360
198830506744360961
198830506786308097
198830507402858496
198830507864236032
198830508002648067
198830507688067077
198830508392714240
198830508409503747
198830507872632832
198830508417892353
198830509260947456
198830508979916801
198830509193834498
198830509906853889
198830510536011776
198830510779285505
198830511110635520
198830511651700736
198830511966269441
198830511957880832
198830511655890947
198830511760744448
198830512490561538
198830512473776128
198830512872235009
198830512389881856
198830513547526144
198830513635590145
198830513862094850
198830513891446784
198830514180853761
198830514063421442
198830514440896514
198830514394763265
198830514457690112
198830515170721792
198830515183304704
198830515317510144
198830515451723776
198830515246202882
198830515921498113
198830516311568384
198830516563222548
198830516592586752
198830516793909249
198830517150425089
198830516517089280
198830512066936834
198830517678907393
198830517045563393
198830518182227968
198830518115106817
198830518261923842
198830518278684672
198830518748450816
198830519016890368
198830519201435648
198830518819766273
198830519620870145
198830519000117248
198830520174526464
198830519667011584
198830520287772673
198830520476512257
198830520635891716
198830520682037249
198830520820436992
198830520874962944
198830521080492034
198830521579618304
198830521999040514
198830521910951941
198830522397491201
198830521990643712
198830522955333633
198830523412512768
198830523005681665
198830524616278016
198830524708556800
198830525027332097
198830524993765377
198830525081853955
198830525346095104
198830525622915072
198830525492887552
198830525799079936
198830525861990401
198830526428221442
198830526692466689
198830526289821696
198830526956699650
198830527669743616
198830527455838208
198830527334191104
198830527128670208
198830527539724288
198830528647008257
198830528932216832
198830528479244288
198830528701534210
198830528584101889
198830529288736770
198830529976610818
198830529854976001
198830530396041216
198830529888522242
198830530840637440
198830530869997569
198830530274406400
198830531025182720
198830531394277376
198830532203782144
198830532136665088
198830531989876736
198830532665159683
198830532887449600
198830532543512576
198830533021675520
198830532535123968
198830532958765057
198830533306888192
198830533084577794
198830534523224064
198830534573555713
198830534158336000
198830534099615747
198830534519046144
198830535190134784
198830535164968960
198830535357890560
198830535714406400
198830535731183617
198830535999631360
198830536280641536
198830536687497216
198830536460996609
198830536540700672
198830536360333312
198830536918179840
198830537098534912
198830536284839936
198830537010458625
198830537304047616
198830537148870657
198830537719300097
198830537698316288
198830537580871681
198830538008698881
198830537203392512
198830538029662208
198830538612674560
198830538767876097
198830538709139457
198830538935631872
198830538583326720
198830539564777472
198830539296350209
198830539300548609
198830539338297344
198830539849998336
198830540504301570
198830540638519298
198830540361699328
198830540890181632
198830541687095298
198830541838090240
198830542010068993
198830542333026304
198830542773432320
198830543075418112
198830543478067200
198830543503237120
198830542676951040
198830543733927937
198830543968804864
198830544107225088
198830544274989058
198830544476315648
198830544874766337
198830545348722691
198830545529090050
198830545310973952
198830545696858112
198830545705238528
198830545646530562
198830546024017920
198830546573463553
198830546581848064
198830546669936640
198830547391356928
198830547169062912
198830546858688512
198830546149851137
198830547907248129
198830547768840192
198830547949207552
198830548100194308
198830548091797505
198830548087615488
198830548632875009
198830548754497536
198830549043904512
198830548733530112
198830549387841538
198830549660471296
198830549790507008
198830549975044096
198830549614333952
198830549572386816
198830550306406400
198830550239289344
198830551237537793
198830550620962816
198830551497580544
198830551526944769
198830551216566272
198830551673741312
198830551833120771
198830552235786241
198830552571330561
198830552508416000
198830552642629634
198830552630038528
198830552659402752
198830551866687488
198830552487440384
198830552881696768
198830552676188160
198830552906866688
198830553036881920
198830553296936960
198830553695399936
198830553775087616
198830554207109121
198830554714611712
198830554567819266
198830555603808256
198830555868041216
198830556354588674
198830555964510209
198830556069363713
198830556736266242
198830557088583680
198830557336055808
198830557336059904
198830557587701760
198830556308455424
198830557801623553
198830558229446656
198830558321704961
198830558518845440
198830558019719169
198830558229434370
198830558946660353
198830559265423360
198830559621955585
198830559378681857
198830559986851841
198830560527917057
198830560477593601
198830560733433856
198830561186418688
198830562042056704
198830562826395648
198830563099021312
198830562188861441
198830561794600960
198830564743196673
198830565355569152
198830565779185664
198830565489770496
198830565741432832
198830566437691392
198830566395756545
198830566882287617
198830567020691457
198830567192657920
198830567167496192
198830565884043265
198830569306595330
198830569717633024
198830569382096898
198830570506158081
198830570514563072
198830570632003584
198830569243680768
198830571005288450
198830570980126720
198830571160481793
198830568945885184
198830571818987520
198830571433107456
198830571470852096
198830572745932801
198830572972408832
198830572964028416
198830573488324608
198830571256942592
198830574213939200
198830573572206594
198830574104879106
198830574385889281
198830574612385793
198830574327177216
198830574859857921
198830574532689921
198830575031820289
198830575178616834
198830574666907650
198830575346384896
198830575501578240
198830575656767490
198830576017481729
198830576239779841
198830575107309568
198830576508215296
198830576806002688
198830577334489088
198830576755671041
198830577313529856
198830577892331522
198830577984610305
198830578412429312
198830578592792576
198830577875554304
198830577066053633
198830579377115137
198830579570049025
198830580102737920
198830580455051264
198830580710907904
198830580564111360
198830580215980032
198830580861894656
198830581579120640
198830581767880707
198830582149545984
198830580937400320
198830582308945920
198830582371860480
198830581847568384
198830582636085249
198830582694809600
198830583143612418
198830583105847298
198830584041181184
198830584154435584
198830584280256512
198830584565465089
198830584645156864
198830584590643202
198830584892628994
198830584557080576
198830584745828355
198830585530159105
198830586155122688
198830586075422722
198830586608099328
198830587329511424
198830586889109505
198830587488907265
198830588214513665
198830587748945920
198830588965306368
198830588629753859
198830588847853568
198830589795774465
198830590328451072
198830590328446976
198830590160683009
198830590575902721
198830591322488833
198830591569956864
198830591972618241
198830592299765761
198830592253624320
198830592899551235
198830592878592000
198830588067725312
198830593151205376
198830593922965504
198830594447245312
198830592765345792
198830594715688960
198830595030269952
198830595550363648
198830595760074752
198830596691210240
198830596426956802
198830596670226432
198830597072887809
198830596728954883
198830597723000832
198830597983051776
198830597496508417
198830598419267587
198830598553481216
198830598624780288
198830598628966402
198830598738034688
198830598159208448
198830599249739776
198830599149072384
198830599799185409
198830596305338369
198830600155705345
198830600210223105
198830600495443970
198830601149743105
198830601464328193
198830601262989312
198830601707593728
198830601778905088
198830601804054528
198830603045568515
198830603460804611
198830603599233024
198830603913801728
198830604429701120
198830604857520129
198830604199006208
198830605063032833
198830604861706240
198830605562155008
198830605931261953
198830605998374913
198830605390188544
198830606317129728
198830606833033216
198830607109865472
198830607466373120
198830608510746624
198830608405889024
198830608208773122
198830609240559617
198830609198628864
198830609534169089
198830609332842496
198830609622245376
198830610331090944
198830610704375808
198830610746310657
198830611127992325
198830611761332224
198830611736166400
198830611388043265
198830612201734144
198830612394676224
198830611648098305
198830613799768064
198830614038839297
198830614164672513
198830613858484225
198830614529576963
198830615045484545
198830615217455104
198830615360053249
198830614688968706
198830615267770368
198830616018567168
198830615733346304
198830615603322882
198830616656097280
198830617155215361
198830617377505280
198830618249936896
198830618384146432
198830617977290752
198830619231391745
198830620003151872
198830619948617728
198830620451934208
198830619957006336
198830620175110144
198830620753920000
198830621517283328
198830621567623168
198830621789921280
198830621240471553
198830621668286466
198830622205165568
198830622368739331
198830622968520704
198830622905602050
198830623211794434
198830623421501440
198830623702515713
198830623740280834
198830623903850496
198830624147124227
198830624482660353
198830624411353088
198830624696578049
198830625019543553
198830624348442624
198830625359269888
198830625413799937
198830626038755328
198830626529488896
198830626500128768
198830626592391169
198830626735001600
198830627309633536
198830626592391168
198830627494166528
198830628098162689
198830628580507650
198830628580503552
198830628005875713
198830629427748864
198830629771677698
198830625476706306
198830630660870146
198830631000612864
198830630669266945
198830630849613824
198830630723784704
198830630459539456
198830630971252736
198830631021588480
198830631541686273
198830631533297664
198830630874775552
198830632372150273
198830632938389505
198830632602832897
198830633970184193
198830634096013314
198830634133757953
198830634603515904
198830635224285185
198830635341709312
198830635081670657
198830636931366912
198830635664683009
198830637157847043
198830636977487872
198830637937995776
198830638374191105
198830638462283778
198830638596493312
198830639947067393
198830640282599425
198830640618160128
198830640739782656
198830640618147841
198830642149081088
198830642811768832
198830642434277377
198830643227004928
198830643633856512
198830643872923648
198830641981300737
198830640823676928
198830643902283776
198830644573388800
198830644850196482
198830645043150848
198830645034745856
198830645307392001
198830646943154176
198830647790403585
198830647605866497
198830647945601024
198830648222429186
198830649308749825
198830649321340930
198830649392640000
198830649711411200
198830649426182145
198830650533490688
198830650608979968
198830650625769472
198830650931953664
198830651015823360
198830651389128705
198830651649171456
198830652085374976
198830652110536704
198830651963740161
198830653733740544
198830654534852608
198830654648102912
198830654916542464
198830655113674752
198830655600205827
198830655872843778
198830655990267904
198830655826706432
198830655512129536
198830656627802112
198830656732672000
198830657026277377
198830656766230528
198830657781248000
198830657466667009
198830658553004032
198830658578161664
198830659232481281
198830659488333824
198830659551248384
198830658464923648
198830660033593344
198830660364926976
198830659823878145
198830660897619970
198830660780163072
198830661187018752
198830661371559939
198830661426098176
198830661015044098
198830661832949761
198830661379960836
198830662248181760
198830662181072898
198830662353043457
198830662562746368
198830662659227649
198830663351287810
198830663569391617
198830663334506496
198830662483058688
198830664294998016
198830665809141760
198830665888825344
198830667025485825
198830667453300737
198830667109367808
198830667713351681
198830666698338304
