198800720718336000
198800720999354368
198800722001788929
198800722438000643
198800724379971584
198800724082176001
198800725340463104
198800724967170048
198800725113970689
198800725336272897
198800725118160900
198800726305144832
198800725629878272
198800727127244800
198800726758137857
198800726531641344
198800726829445121
198800728297443329
198800727911563264
198800729165664256
198800728649764865
198800730012917761
198800730231029763
198800730642059265
198800730243608578
198800731409620992
198800731791302656
198800729006288896
198800732667916289
198800732865040384
198800733066379264
198800733506768897
198800733632593921
198800733620027392
198800733745852416
198800734223990784
198800734295306240
198800731455750144
198800736270819328
198800737076125698
198800737499742208
198800737558474753
198800738070175746
198800738342797312
198800740142161921
198800740309925888
198800741928927232
198800741614358528
198800742893629441
198800742755217408
198800743501795329
198800742277070849
198800743942193152
198800743900262402
198800744374218752
198800744495853572
198800744676204544
198800744806219776
198800745049493504
198800745250832384
198800745737359360
198800746114846720
198800747163435012
198800747457028097
198800747347984385
198800747406700545
198800748534968320
198800750200094721
198800749948436481
198800750846021632
198800751009611776
198800750988623874
198800750242045952
198800751533883392
198800751831678976
198800752376938499
198800752586670080
198800752184012800
198800753148694528
198800753433915392
198800754159521793
198800754285363200
198800754427953152
198800754155339776
198800754704777216
198800754599923712
198800755069685761
198800755124224001
198800756046962688
198800756361539586
198800756168589313
198800756873236480
198800758962008065
198800759935074305
198800761172410369
198800761847689216
198800762069975040
198800763265359872
198800763382796288
198800764402020354
198800765077307393
198800765366706177
198800766050385921
198800766427860993
198800767249952768
198800767900069888
198800767874899969
198800769552613376
198800769955274755
198800771012247553
198800771679137793
198800772425715713
198800772866125824
198800773172310016
198800773562384384
198800774292176898
198800774199910400
198800774107635712
198800775420444673
198800774896168960
198800775714062336
198800776653582336
198800776758444033
198800778188689408
198800778482294784
198800778197090304
198800780239716352
198800779367288832
198800780659134464
198800781456060418
198800781615435777
198800781477023745
198800782043254785
198800782324281345
198800784761159680
198800781443469315
198800784887001088
198800785138663425
198800785230934016
198800786204004352
198800785860071424
198800786929623041
198800786677964800
198800787634270210
198800789051944960
198800789219721217
198800789530099712
198800789727232001
198800789978877952
198800790427680769
198800790599643136
198800792067641345
198800792327692288
198800793825058817
198800793464344576
198800794189963264
198800794970095616
198800794739421184
198800795272089600
198800796631056384
198800796203233280
198800797109194754
198800797222453249
198800797763514368
198800797948059649
198800798824677376
198800799235719168
198800799940354050
198800800984731648
198800800443662336
198800802129772544
198800802343698432
198800802826027009
198800803308371968
198800806286336000
198800805959180289
198800806932267010
198800807968256002
198800807813062656
198800807687229441
198800808681279488
198800810195431425
198800811051069444
198800811168501761
198800811227222017
198800812028334080
198800813085294593
198800813236293633
198800814075162625
198800814909816832
198800814876274688
198800815098576896
198800816352661505
198800818105884672
198800818286231552
198800818365939714
198800818965712896
198800818030379008
198800818881826816
198800819196395520
198800819225759744
198800820551159809
198800820790235136
198800822048522241
198800821746532352
198800824552529922
198800826184110081
198800823193571329
198800826439970817
198800826335105024
198800827777945602
198800830214840320
198800832270057472
198800832974696449
198800832777551872
198800832395886592
198800832999858176
198800833700315138
198800834442706944
198800834509803521
198800835021520899
198800834866319361
198800834845351936
198800835248013314
198800835956834304
198800836153966593
198800837663916032
198800837634572288
198800838234345472
198800837970112512
198800839664615425
198800841338142721
198800841573007360
198800840587362304
198800842495754241
198800842558685185
198800843368169473
198800843494010880
198800843456258048
198800843582078976
198800838280495104
198800847558279168
198800847558283264
198800848053215232
198800848111939585
198800848384569347
198800844450316289
198800849047265281
198800849626075136
198800849261182977
198800849735131137
198800849743527938
198800849479282688
198800850355879936
198800849726746625
198800850955673600
198800850964070400
198800851316387840
198800851932950528
198800852037799936
198800851731615745
198800852427866113
198800851568037889
198800852935389185
198800854084620289
198800854877339649
198800854659252224
198800855812677632
198800855670067202
198800856563458048
198800856286629889
198800856060137472
198800856995479554
198800857406509056
198800857301663744
198800857976946690
198800858790629379
198800858819997696
198800856332775424
198800860388667392
198800860959080450
198800861416259584
198800861009416194
198800861303017472
198800861907001345
198800862175432706
198800861755998209
198800863073017856
198800862578081792
198800864117395456
198800864318734336
198800864830435328
198800864968835072
198800865811890177
198800865543462912
198800866482995200
198800866797568001
198800866550099970
198800868034871297
198800868609503232
198800865958690817
198800868940840960
198800869737771008
198800870232690690
198800871058972673
198800871843311616
198800872753471490
198800872187248642
198800873558769665
198800873697185792
198800873223233536
198800874439589888
198800873655238656
198800874754150401
198800875597213698
198800870681493505
198800876515753984
198800876792582145
198800877232984064
198800877505613824
198800877706952704
198800876725481473
198800878168313856
198800878688407553
198800878612905984
198800879841845248
198800880521322496
198800880609398785
198800880542298112
198800881012064258
198800881515368448
198800881255333888
198800882110955520
198800882639446017
198800882744295424
198800881729282048
198800882622668800
198800884124229632
198800884363296768
198800884937916416
198800885038579713
198800882102571009
198800885558681600
198800885642563584
198800886145888256
198800886225571840
198800887395786752
198800888813457408
198800889186746370
198800888977047552
198800889811709953
198800889920765952
198800887483858944
198800890604421121
198800890851893248
198800890868674560
198800892370223105
198800892798050304
198800893674663936
198800892743532547
198800893620125696
198800894672896001
198800895046205441
198800895142674432
198800895838912513
198800895666946048
198800896275136513
198800895968935936
198800896119934976
198800896862330880
198800896182861825
198800896480641024
198800897613111296
198800898066100226
198800896178651136
198800897395007489
198800898263232513
198800899534094337
198800900549132288
198800900263907329
198800901866131456
198800901991960577
198800901694177280
198800902671437825
198800902587551744
198800902885355520
198800903577415680
198800903837458432
198800906295324678
198800907125788672
198800907771719683
198800908723830784
198800908094668801
198800909235535872
198800909013233664
198800910179241984
198800910711922688
198800911383015425
198800911680815105
198800912247042048
198800912616128512
198800912813273088
198800913224318978
198800915254349824
198800915841552384
198800917661892609
198800913140432899
198800917666078721
198800919347994626
198800920551751680
198800920836972544
198800920551751682
198800922242068482
198800921885540352
198800921491279872
198800922770550784
198800923903016960
198800923487780864
198800925043851267
198800924456665088
198800925073215490
198800924746055681
198800925685596160
198800927111643139
198800927342333953
198800928156037120
198800927879200769
198800928315424768
198800928621596672
198800927984058368
198800929229774848
198800930525822976
198800931540840451
198800932199342081
198800933306646528
198800934539763712
198800933713494016
198800934707527682
198800935076638720
198800935047274496
198800935231819776
198800935282151426
198800935282159616
198800935433150464
198800935311523841
198800936414613504
198800936771141632
198800936469147648
198800936565604353
198800937685483520
198800937408675840
198800937941344256
198800938310451200
198800938746646528
198800939858141185
198800939514204160
198800941162569728
198800941821079552
198800942420852736
198800942626385923
198800943024848896
198800943456845825
198800943532347393
198800943096152067
198800945134575616
198800942144028674
198800945327517697
198800945910530048
198800946002804736
198800946778734592
198800946535477248
198800946363506689
198800944325074945
198800948276109312
198800948519378947
198800948959784960
198800949060444160
198800948733284353
198800950411005954
198800950457151488
198800950834634752
198800950427779074
198800950893359104
198800950922711040
198800950843031552
198800951505715200
198800952260706304
198800952352968704
198800952214568961
198800951539277824
198800952990515201
198800954215247873
198800953992941569
198800954894729216
198800956459192321
198800956585029632
198800957394518017
198800957746847744
198800957511958528
198800958879313921
198800960087265280
198800959969837056
198800960586383361
198800960565424129
198800961026801665
198800961911799808
198800962457042944
198800963551760384
198800963673399297
198800964080242688
198800964273180673
198800963992166400
198800964604534784
198800964050882561
198800964688416769
198800964831023105
198800966009618432
198800966240313344
198800967062392832
198800968001916928
198800968748498945
198800969411203072
198800969834823680
198800970543677441
198800970795335683
198800971835510784
198800972254949376
198800965338537986
