198803237388812289
198803237695008769
198803238257049600
198803238517084160
198803237724368896
198803239620194305
198803239913787392
198803239553081344
198803239766990849
198803240647794688
198803240178040833
198803240723283970
198803241180471297
198803241327280128
198803241230811137
198803241255964672
198803242262593536
198803242757533697
198803242405212160
198803242363265024
198803242925305856
198803243797721088
198803244506554368
198803244204568576
198803244431048704
198803242598150146
198803243927748609
198803244099702784
198803245135704064
198803244481380352
198803243994853376
198803245488017411
198803244821127170
198803245068599296
198803246544986114
198803246687596544
198803246997966849
198803247492902912
198803248105263104
198803248470167553
198803248805724161
198803249233530880
198803249623597056
198803249778790400
198803250022055937
198803250131124226
198803249812357120
198803251242610689
198803251817230336
198803251938869248
198803251913703424
198803252123418624
198803252018556928
198803248294002688
198803252542832640
198803252647690242
198803252895154178
198803252320550913
198803252865794048
198803248625364992
198803253838872576
198803253658529792
198803253964705793
198803254350581760
198803254308638724
198803254027620352
198803254107316224
198803254577070080
198803254497378304
198803254715494400
198803254904233985
198803255227203584
198803255814397953
198803256221245441
198803253117456385
198803256544206848
198803257508896769
198803257836048386
198803253213929473
198803258087714817
198803258389708800
198803258578440192
198803259069169665
198803259241136128
198803259320832000
198803259505393664
198803260436512768
198803260830777345
198803261204070404
198803261283766274
198803261501882370
198803262051332098
198803261963255808
198803262051332097
198803262353321984
198803262093271040
198803262483337216
198803263108292609
198803264710520832
198803264714706947
198803265553571840
198803265918484481
198803265352241153
198803267168387072
198803268011438081
198803268359565312
198803268741246976
198803268913201152
198803269089366016
198803269114540033
198803268791578626
198803269026459650
198803269403938816
198803269533958146
198803270720954368
198803270469287938
198803271102640128
198803271584980993
198803271601758209
198803271454949376
198803272268660736
198803272495149057
198803272428027905
198803272562249728
198803272692277248
198803274361614337
198803274470662145
198803274604888064
198803275401793536
198803275229835264
198803275099807744
198803276148387840
198803276056113152
198803275900911616
198803276198723584
198803276081283072
198803276077080576
198803277066936321
198803277138243586
198803277142441984
198803277394087936
198803277595426816
198803278312640512
198803278346190848
198803278891458560
198803279273140225
198803278513975296
198803279898099712
198803280145547266
198803280250421249
198803280686616577
198803281538072576
198803281433210880
198803281672282113
198803282880241667
198803283022856194
198803283815567361
198803283823968256
198803282955743232
198803284822196224
198803284243398657
198803284910292993
198803284788645889
198803285493297152
198803285484896256
198803286713839616
198803287049371648
198803286755782657
198803287699501056
198803287691116545
198803287091326978
198803287959547905
198803287724658689
198803288022450176
198803288597078016
198803288773246976
198803289364631553
198803289515622401
198803290253828096
198803290316734464
198803290211876865
198803287993098240
198803287925985283
198803290702610432
198803290752942081
198803290115416064
198803292090941440
198803291759587329
198803292309041152
198803292397125632
198803292170633217
198803293227593729
198803293395361792
198803293491826688
198803293856739328
198803294204862466
198803294800457729
198803295467352064
198803295580594178
198803295773540352
198803295974866946
198803295819677696
198803296029392898
198803295693840385
198803297036025856
198803297304453121
198803297161850881
198803297015037952
198803297656782849
198803297656782848
198803298000711680
198803297807773697
198803298235580419
198803299380629504
198803299607130113
198803299846209537
198803300634730496
198803300773142528
198803301582647296
198803301695885315
198803302253731842
198803302580891648
198803303625265152
198803303683985408
198803303751102464
198803303981780992
198803304065662976
198803304514461697
198803305063915520
198803304543830018
198803305068105728
198803306024411136
198803307228168192
198803307609862144
198803307794411520
198803307647598592
198803306385125377
198803307060400128
198803308171894785
198803308008321026
198803308352249856
198803307848941568
198803309065277440
198803309350498306
198803309228859392
198803309446955010
198803309107216385
198803309803483136
198803309576994816
198803309178535936
198803310382301185
198803310747201536
198803311565078528
198803307538546691
198803312366202882
198803312802398209
198803313339281408
198803313175699457
198803313137954817
198803313771282434
198803313154736128
198803313922277379
198803314580799488
198803314886971393
198803314744373248
198803315029581827
198803315109265408
198803315314794496
198803315469991937
198803315046367233
198803315834896384
198803316392734721
198803316799569921
198803317701353473
198803317864927232
198803318863183872
198803319030939648
198803319404244992
198803318653456384
198803319282610176
198803319441993728
198803319873998848
198803320045977600
198803319668486145
198803319618146304
198803320704483328
198803320553484288
198803321165840384
198803320549285890
198803321060986881
198803321497194497
198803321711099904
198803322059235329
198803321790799873
198803322352840705
198803322659020800
198803323711795201
198803323913117697
198803324017983488
198803324198326272
198803324278022144
198803324408053760
198803325024600064
198803324659695616
198803325972529154
198803326127718400
198803326475833344
198803327457308672
198803327553765376
198803327205650433
198803327708971008
198803326295490560
198803328581386240
198803328669458432
198803329395073024
198803329797730305
198803329978081280
198803330716282882
198803326928814080
198803332540805120
198803332633075712
198803332989587456
198803332981194752
198803333010554882
198803328300355585
198803332435943425
198803330204581888
198803333241253890
198803332863770624
198803333031542785
198803333539045377
198803333820063744
198803334344351745
198803333824262145
198803334340165632
198803334403080193
198803332809228288
198803336068210688
198803336084979712
198803336424722432
198803336869322754
198803336802222080
198803336567336960
198803337175515138
198803337246814208
198803337477492736
198803338110844928
198803338064695296
198803338148581377
198803338920329216
198803339067138049
198803338857431041
198803339708858368
198803339645960192
198803339377524736
198803339914395648
198803336479244290
198803339771789312
198803340203786242
198803339994075136
198803340585467904
198803340644192257
198803338719006720
198803341155897344
198803341126533121
198803342430978048
198803342619709441
198803343118835713
198803342720376832
198803343789920256
198803343643119618
198803344037380097
198803344242905090
198803344804945921
198803342443552768
198803345090162688
198803345186623488
198803345467645952
198803345845137408
198803346474270720
198803346067423232
198803348407848961
198803348487548931
198803348978274304
198803349699706880
198803350337224705
198803350123323394
198803350144294912
198803350366597121
198803352476323840
198803352094638082
198803348504322049
198803352396632064
198803351717150720
198803353680093186
198803354372161539
198803354657370112
198803355533975552
198803355655618560
198803352153362433
198803355584307200
198803356322496512
198803355500412928
198803356448325634
198803356511248384
198803356846788609
198803356553187328
198803357513687043
198803357958287360
198803358188978177
198803358415458305
198803358583226371
198803359090741249
198803359300452352
198803359359188994
198803359426285568
198803359854116864
198803361057878018
198803360776863744
198803361410199552
198803361536016384
198803361066258433
198803362249060352
198803362693652481
198803362643320834
198803362567827456
198803362974662656
198803362781724672
198803363578658816
198803363926777856
198803363989692417
198803364706910208
198803364283301888
198803364635611138
198803365013094402
198803365570940928
198803365600309249
198803366078459904
198803365663223808
198803366585974785
198803366686638081
198803367114444801
198803366825037824
198803367592591360
198803367487737857
198803367877812224
198803367940730882
198803368473403392
198803368490180608
198803368716668928
198803368989310977
198803369572319233
198803368095924225
198803370662821889
198803370872549376
198803371086446593
198803371950485508
198803372374102016
198803372462182401
198803372659310592
198803372550275073
198803372453801987
198803373829529600
198803374236381185
198803374647414784
198803375104593922
198803375184293888
198803374697742336
198803376111226881
198803375775686657
198803377105285120
198803377658925060
198803378250321920
198803378665570305
198803379340849153
198803379617669120
198803379567345665
198803379764477953
198803379500232704
198803379672195073
198803380297150464
198803381412823041
198803381794521088
198803382222336000
198803382415278082
198803382658543618
198803382838886403
198803382759211008
198803383287689216
198803384344653826
198803384533385217
198803384390787073
198803385204486146
198803385380642816
198803384780849153
198803385938477056
198803385636491265
198803386194333696
198803386185957377
198803385875574784
198803386878017538
198803387150635009
198803387423272963
198803386907365377
198803387695902720
198803387758821377
198803387167424515
198803388383760384
198803388362788864
198803388073385984
198803388115320832
198803388190830593
198803389231022080
198803389361045504
198803389843378178
198803389981798403
198803390971650048
198803391248474113
198803391697264640
198803391651119106
198803391315574786
198803391416254464
198803392120881152
198803392406093824
198803392947163138
198803393815384065
198803394176102402
198803395195310081
198803394465501184
198803395837034496
198803396071919617
198803396243881984
198803396461989889
198803396751396865
198803396919169024
198803396671713280
198803397909028865
198803398101962754
198803397816745985
198803398269743104
198803398018076673
198803395090456576
198803395790905344
198803396977885184
198803399024721920
198803399821639680
198803399498661889
198803400576614400
198803400870207488
198803401163804672
198803401130262529
198803401352560642
198803400824070144
198803401671327746
198803401247694850
198803402019438592
198803402136887296
198803402266910720
198803402526949377
198803402979950592
198803402556321792
198803403374211074
198803403411959810
198803403932057601
198803404829638656
198803405358120960
198803404921901056
198803405580419075
198803405974683648
198803405592989696
198803402531160064
198803406951956480
198803407165857793
198803407656591360
198803408084410368
198803408021491712
198803408432537600
198803408747106305
198803409124601859
198803409397223424
198803409405612032
198803408851959808
198803409833435137
198803410294804480
198803410559049728
198803409548230657
198803410538070018
198803410466779136
198803410697469952
198803411410501637
198803411557289984
198803411695702016
198803411125284864
198803410659721219
198803412714917890
198803413482479616
198803412891082753
198803413583142912
198803414266818563
198803414342307840
198803414296182785
198803414560407552
198803414564614144
198803415504142337
198803415646736384
198803415755800577
198803416418492416
198803416326209538
198803416544317441
198803416644984833
198803417118949376
198803417202827267
198803417316073473
198803416577884160
198803416930205698
198803418041679872
198803418163322882
198803418263986176
198803418381426688
198803418758905856
198803419299971072
198803419639709696
198803419694239744
198803419648110592
198803420591833089
198803420906393600
198803421397135360
198803420847681537
198803421384548353
198803418259783680
198803421837541377
198803422034661376
198803421443272705
198803421648785409
198803421241942016
198803421866885121
198803422336647169
198803422105964545
198803422722535424
198803423624310784
198803424513503232
198803424727416832
198803424748376067
198803424593195010
198803425658535938
198803426891673601
198803427936043008
198803428116398081
198803428821049345
198803428779102208
198803429160783873
198803429739601921
198803430381334528
198803429810909184
198803431115341824
198803431278907392
198803431455076352
198803431442489345
198803431614455808
198803431291498497
198803431887089664
198803432319094786
198803431941615618
198803433183117312
198803434235895809
198803434290425857
198803434466586624
198803434596605953
198803433967468544
198803434357526529
198803434730823681
198803435175428096
198803435825537024
198803435594846208
198803436362403843
198803434617569280
198803437482278912
198803437540999170
198803437671038976
198803437608112129
198803437918498816
198803438077882369
198803438098853889
198803437742329857
198803438782513153
198803439696887809
198803439373910016
198803438367285249
198803439743021056
198803440225370112
198803440766418944
198803441387188225
198803441865338880
198803441601085440
198803442410602497
198803442330894337
198803442741952513
198803443429801984
198803443584995329
198803444222529537
198803444381921280
198803442393812992
198803444457418752
198803445115916289
198803445325627392
198803445501800451
198803445745070080
198803445766041600
198803446139322369
198803446470688768
198803446810423296
198803447158554625
198803447368269826
198803447175327744
198803448370692096
198803448580407297
198803448605589505
198803449134067712
198803449738039296
198803449679314944
198803450446880768
198803450031644673
198803450522378240
198803450501410816
198803450937618433
198803451076030465
198803451373826050
198803451478675458
198803451659038720
198803451176697857
198803451424157696
198803451449319424
198803452565012480
198803452732780544
198803451935858688
198803452686643200
198803453387091969
198803453357727744
198803453231906817
198803454129479680
198803454804770816
198803454720876544
198803454980931584
198803455681380352
198803455559745537
198803456226635776
198803456306327553
198803456427962368
198803456692195329
198803457120014338
198803457027743745
198803457455554560
198803457845633024
198803457975652354
198803457996623873
198803458923560960
198803459284275201
198803454574080002
198803459955367938
198803460769054720
198803460928438272
198803461020729346
198803461163323393
198803460429316098
198803461591146496
198803461490479105
198803462178344961
198803462610354177
198803462304174080
198803463340163073
198803464430694400
198803464686546944
198803463927382016
198803464896262144
198803465454096385
198803465596706818
198803464980152321
198803465428930560
198803464325840896
198803465596702721
198803466548809728
198803467073105920
198803467505119232
198803467547062272
198803467651911680
198803467467370499
198803468247498754
198803469149278209
198803469270921218
198803468616601602
198803469614841856
198803469468049408
198803470210441216
198803470915092480
198803470608896001
198803471795888129
198803472160796672
198803472324374528
198803472492146689
198803472223707136
198803473360371713
198803473834323968
198803474081779712
198803473251311619
198803474471858178
198803474434105344
198803474564132864
198803474228584450
198803474958385152
198803475084226560
198803475524632576
198803475612696576
198803475998588928
198803476078280704
198803476405432320
198803476933906432
198803476929716225
198803477131038721
198803477017804800
198803477797945345
198803477844074496
198803477563060224
198803478544519168
198803479374991361
198803479840555009
198803479119147008
198803480436158465
198803476875190272
198803479836364800
198803478997516288
198803480968835073
198803480520036352
198803481631539201
198803481652506624
198803481832861698
198803483367976961
198803482902396928
198803482474582017
198803483590275072
198803483867103233
198803485486096385
198803485284773889
198803485951655936
198803486132027393
198803483162447874
198803486866026496
198803486291410944
198803483686748161
198803487679717376
198803487931379712
198803488090759168
198803488782823424
198803488615055360
