198856841680265216
198856841663492096
198856840380035072
198856843219566592
198856843190214657
198856843978739713
198856844469485568
198856843009859584
198856845937487872
198856845169922049
198856846210117632
198856845618720768
198856847988494336
198856846906372096
198856846931525633
198856848596672512
198856849955635200
198856850094039040
198856848961576960
198856850677051393
198856853256536064
198856856003813376
198856855798300675
198856856691671040
198856857194987520
198856857698312192
198856857807355904
198856858751078400
198856858881101825
198856858394558464
198856860420419584
198856861510938624
198856862576287744
198856864069464064
198856865176764416
198856865193529345
198856865726210048
198856866342780928
198856867450077184
198856867496214528
198856868049858560
198856868771278848
198856868666425344
198856869324931073
198856869836627968
198856870625165312
198856870805508097
198856873317904384
198856876258107392
198856876375556096
198856877730299904
198856877826777088
198856879068282880
198856881425481729
198856881790386176
198856882402770944
198856884176961536
198856885040979968
198856886869700608
198856888299950081
198856890044780545
198856890317414401
198856890833317888
198856890946555905
198856892305514498
198856891693146112
198856892771086337
198856893098242049
198856889797324800
198856893630914561
198856894184566785
198856894541082626
198856897481293824
198856898311761922
198856898496315392
198856901528784896
198856901201629184
198856902552190977
198856900341809152
198856903139409920
198856904066338816
198856905173635072
198856904330592259
198856905001676800
198856905580494849
198856904724848641
198856907505664000
198856908457771009
198856909388918785
198856909627990016
198856910622044160
198856911318298624
198856911926472705
198856912291368960
198856912287174656
198856915952992257
198856916968030208
198856917500694528
198856917358100480
198856918587027456
198856924459044864
198856923695689728
198856925650231296
198856926719770626
198856926015127552
198856927034347521
198856927751569408
198856929517383681
198856934730899456
198856935188082690
198856935917895680
198856935557185536
198856936278593536
198856936043720704
198856936928706560
198856936991621120
198856937058746368
198856937322987521
198856937503330304
198856940246401024
198856940867162112
198856940909101057
198856943278886912
198856943446671360
198856944151306241
198856943798976513
198856944759488513
198856945338294272
198856945438957570
198856942440034306
198856945736761344
198856947716460544
198856950027522048
198856950337896448
198856951021576192
198856953634623488
198856954054057985
198856955136192512
198856953542348800
198856953810780161
198856958747488256
198856958982361089
198856959875756032
198856960345509888
198856961381498880
198856962765619200
198856963361218560
198856963453493249
198856963919056897
198856965072486400
198856965974278144
198856966632771584
198856967605858306
198856967836545024
198856969388433408
198856969627512832
198856971124883456
198856972458668032
198856972676759553
198856971783376896
198856973469491200
198856977198235648
198856979018563584
198856978917888000
198856979240853504
198856979849035776
198856980834693120
198856981254111232
198856982587916289
198856983577772032
198856984685051904
198856986681548801
198856986681540608
198856986597654528
198856987348443136
198856988409602049
198856988493496320
198856989462372352
198856990703882240
198856991953788928
198856993174335488
198856994386493440
198856996924039168
198856998111019008
198856998354296833
198856998962479104
198857001177071616
198857003429396480
198857003056115712
198857004461211649
198857005342011392
198857008630341632
198857009938972672
198857010350006272
198857010983346176
198857010505191424
198857011935461376
198857013491539970
198857013617364995
198857014330408960
198857014804365312
198857014611410944
198857020043046912
198857020848353280
198857020483452928
198857021246803969
198857022542848000
198857027072704513
198857026795868161
198857028104491008
198857030474268672
198857036094644224
198857036019146752
198857036597952512
198857036384047104
198857036606341120
198857036363075585
198857038208577537
198857039399751681
198857039764652032
198857037420040193
198857040238608384
198857042331582465
198857045036908544
198857045095616512
198857047339569152
198857047226331138
198857048232964096
198857048568508416
198857049466085376
198857050434965505
198857050695012352
198857050787295232
198857051953307649
198857052423073792
198857054444716033
198857056168583170
198857057233940481
198857058857132033
198857058743894016
198857061516324864
198857062384545792
198857064737554432
198857064930476032
198857065773531137
198857065769345025
198857067140890627
198857067497406464
198857068550168579
198857069590360064
198857070072705024
198857070571814913
198857070471163904
198857072446681089
198857073147129857
198857073415569408
198857073147117570
198857073121964032
198857074870988800
198857077731500032
198857078180294656
198857078507438080
198857078855569410
198857079111430145
198857080059342848
198857081128894464
198857080734617600
198857082789822465
198857082412351489
198857082353627136
198857086753439745
198857086870888449
198857087663611904
198857090796748801
