198821608335478785
198821609233063936
198821609279193088
198821610193563648
198821610126442496
198821610495541249
198821610076123136
198821610340364288
198821610818519042
198821609698639873
198821611175026688
198821610986283008
198821611581874176
198821611187605504
198821611342794752
198821611170828288
198821611858694146
198821612290711552
198821612336844801
198821611816751104
198821612043239425
198821613062463489
198821614081675264
198821614350123009
198821613125378048
198821613892939777
198821613582561282
198821615511941121
198821614706630659
198821614878597120
198821615033794560
198821614224293889
198821615180587008
198821612240371713
198821615956541440
198821615767781376
198821615881031681
198821616510185473
198821617151918080
198821615541288961
198821615851671552
198821617126748160
198821617617485825
198821616694722560
198821615784558592
198821618196299776
198821618242433024
198821617357430784
198821618473119744
198821617940439042
198821618775109632
198821619165167616
198821618221457408
198821619500728320
198821619408449537
198821619685273603
198821619664302080
198821618724769792
198821619714625537
198821619542671360
198821620293447680
198821620750618624
198821621178445824
198821620649959426
198821621878890496
198821622503833600
198821621887270912
198821621383962626
198821622482866177
198821622470295552
198821621157466112
198821623585976321
198821623472734208
198821623602749440
198821624290611201
198821624974286848
198821625255313408
198821625179799552
198821625687318529
198821625540509696
198821625083338752
198821625842507777
198821625385336833
198821625351778304
198821626299695104
198821626568126464
198821625649573888
198821627247591425
198821627708981249
198821627792867330
198821627939667968
198821627532808192
198821628006760450
198821627415367681
198821628250042368
198821626698145794
198821628040323072
198821628866592769
198821628635906048
198821629244080128
198821629361520640
198821629034377217
198821629378314240
198821629529296896
198821629629972480
198821629462200321
198821629915168770
198821628665282561
198821630133276674
198821630229749761
198821629923561472
198821629780955136
198821629948727296
198821630439469056
198821630603042817
198821630540128256
198821630464622592
198821630405914624
198821631546761217
198821631215407104
198821631660003328
198821632037494784
198821632108789761
198821631198638080
198821631194431488
198821632368836608
198821632129773568
198821632083623938
198821633513885696
198821633648111616
198821633526468608
198821633862025217
198821633933312000
198821634302418945
198821634478583808
198821635128688640
198821631815188480
198821635028033537
198821635296468993
198821634600214528
198821636152102914
198821636173070337
198821636491841538
198821636709941248
198821636869337088
198821637267800064
198821637456531456
198821637729165313
198821637947277314
198821638060507138
198821638458966018
198821638752579587
198821638790332417
198821638857441282
198821638744195072
198821639402700802
198821639138443264
198821639763410944
198821638727401473
198821639385911296
198821639926988801
198821639759200256
198821640015060999
198821640061190145
198821640610648064
198821640233164800
198821640497401856
198821640824569856
198821641332076544
198821641441120257
198821641629872128
198821642145763328
198821641579536384
198821641936060416
198821642657476609
198821643542462466
198821643034959872
198821643513114624
198821641793449987
198821643651522560
198821644314222592
198821644926582787
198821644788178945
198821644616216576
198821644326797313
198821644398108672
198821644930781184
198821645060808704
198821645903867906
198821645224382464
198821645551550464
198821645857718274
198821646084222976
198821645413126146
198821645216006144
198821646075830273
198821646398787584
198821647539638272
198821647166349312
198821647732584448
198821647992635392
198821647707418628
198821647938101249
198821647694827520
198821648470786048
198821648210731008
198821649221554177
198821649007652864
198821649414488066
198821649242521600
198821649078960128
198821648504324096
198821650622451712
198821650727313408
198821650085593088
198821651427753984
198821650848944128
198821651771699200
198821652178542592
198821651931086849
198821652094648320
198821652111425536
198821652300173313
198821652870594560
198821652224675840
198821652971261952
198821652962877440
198821652748959744
198821653281636353
198821653025787904
198821652782522369
198821653701079041
198821653470384128
198821654250520578
198821654284075009
198821654846119936
198821655211020288
198821655110365184
198821655093575680
198821655487840257
198821654875475968
198821655986970624
198821654460243968
198821656326717441
198821655513018368
198821656653856768
198821657287200770
198821657366904833
198821657475940352
198821657379479553
198821657484345347
198821657526272000
198821657916342275
198821657694044161
198821658365140993
198821658432245760
198821658595819520
198821656582553601
198821657861816320
198821658444832768
198821659065597952
198821658763595779
198821659585675264
198821659124314112
198821660302905345
198821660684587008
198821660193861632
198821660223209472
198821660260962305
198821661095624704
198821660835586049
198821661364064256
198821660810428418
198821661024321536
198821661775106048
198821661955469313
198821661817053184
198821662005792768
198821662563635200
198821662886596609
198821663033401344
198821662446194688
198821662953713667
198821662903386113
198821663213764608
198821663754813440
198821663020826624
198821662265851905
198821663675133953
198821664283312129
198821664480444418
198821664463667200
198821664534958080
198821664828563456
198821665180893184
198821665394794496
198821665713561601
198821665763889153
198821665843585024
198821665847787521
198821666527264769
198821666644701186
198821666246230017
198821667244478464
198821666896355328
198821665872949249
198821667357732866
198821667424841729
198821667345137664
198821667592613888
198821668125278209
198821668070764546
198821668477603842
198821668817346560
198821668725071873
198821668544716800
198821668527939586
198821668628606979
198821669400354816
198821669496832000
198821669719126017
198821669681369089
198821669714923520
198821669928833025
198821670306320384
198821670495076353
198821670608310272
198821670713171969
198821670990004224
198821671203913728
198821671006781440
198821671145181184
198821669131927553
198821671690444800
198821671732396032
198821671774334976
198821672453804032
198821672286027777
198821672307015683
198821672957128704
198821673133289473
198821673456246785
198821673980534787
198821673460436992
198821673984737281
198821674056040448
198821674005708801
198821674525786112
198821674752286721
198821674764869633
198821671682060288
198821675226243072
198821672625774592
198821675284959232
198821676308369409
198821676199313408
198821676937510913
198821677088514049
198821676421627906
198821676488736768
198821677260484609
198821676270616577
198821677742821378
198821677524713473
198821678455861248
198821677944147969
198821678703325184
198821678992736256
198821679198240768
198821679277948928
198821678799781889
198821679860948993
198821679353446400
198821678166454272
198821680880173057
198821680527835136
198821680829825024
198821681538666497
198821681354121216
198821681815502848
198821681739993088
198821682306224131
198821682574663681
198821682788577280
198821682524340224
198821682159427585
198821682587254785
198821683036045315
198821683082178561
198821683027644416
198821683065401345
198821683128307713
198821683338027010
198821683208007681
198821683656785921
198821683254149120
198821683459665921
198821683791011840
198821682826317825
198821684223025152
198821684516626432
198821683900059648
198821684894105600
198821685305151489
198821684936052736
198821685196111872
198821685489704960
198821686198538240
198821687200989184
198821687989501953
198821688455077889
198821687494574080
198821688547360768
198821690120212480
198821690204106752
198821689944064000
198821690367684609
198821689595932672
198821691076526081
198821691454001153
198821691378511872
198821692007653377
198821691927957504
198821692074766337
198821691609194496
198821692188016640
198821691781156865
198821692464836608
198821692699705344
198821692674555904
198821693001695234
198821692817149952
198821693135917056
198821693219807233
198821693563731969
198821693723127808
198821693836361728
198821694062862337
198821694813646849
198821694268379136
198821694834614272
198821691630174208
198821695283408896
198821695283412992
198821695358894081
198821692938780672
198821695975473152
198821696914984961
198821697082765312
198821696650743808
198821696797540352
198821696596213760
198821697296670720
198821692125093888
198821697372172288
198821697896448000
198821693077209088
198821693563731968
198821698387193857
198821698408157184
198821698743713793
198821698194255872
198821698668212224
198821698483662848
198821700186554368
198821699775500289
198821699360264193
198821700928942081
198821700765356032
198821701587451906
198821701407088643
198821701872664578
198821701549686785
198821701906206720
198821703101583360
198821703185473536
198821703420358656
198821703525203971
198821703672004608
198821703630077953
198821703877537793
198821704942895104
198821704921919491
198821705005793280
198821705366515713
198821704997408768
198821704741552129
198821705886609408
198821706171826176
198821706012430338
198821705895002113
198821706461233153
198821705911767040
198821706738044929
198821706306039808
198821706117287936
198821706620612608
198821705957912576
198821706457022464
198821707715313664
198821707610464256
198821707534970881
198821708189270016
198821708239613952
198821708419964928
198821708424159232
198821707925037058
198821708285755392
198821709409828865
198821710030573568
198821709976051712
198821710366130177
198821710311600128
198821710437425152
198821710907191297
198821711267901440
198821710772961280
198821711548907522
198821711548907523
198821711288864768
198821711435673601
198821711767015424
198821711980929024
198821712421326848
198821712693964800
198821711632793600
198821712257748992
198821713163722753
198821713054670848
198821713058856960
198821713302138880
198821713503453185
198821714040324096
198821714107432961
198821713704787968
198821713885134848
198821714484932608
198821713742532608
198821714761752576
198821714631725058
198821714841436161
198821714325549058
198821715000819712
198821714413617154
198821713008529408
198821714711416832
198821715617382402
198821715122466816
198821715466403840
198821714669469697
198821716150059009
198821715671916546
198821717131542528
198821716556906499
198821717177667584
198821717605490688
198821717500641280
198821717865541632
198821717693579266
198821718142357504
198821717773258752
198821718557601792
198821717097988096
198821719446794240
198821719723622400
198821719748788224
198821719866216448
198821720063348736
198821720268877824
198821720805748736
198821720747032576
198821720956731395
198821721309057024
198821721174843392
198821722961616896
198821722697375745
198821722827403264
198821722575745025
198821723448156160
198821723066482688
198821723506884610
198821724358311936
198821723943084032
198821724245073922
198821724555448321
198821724706439168
198821724278636546
198821724983271425
198821724920348672
198821724412841984
198821725381738497
198821725679517697
198821725771796480
198821725901824000
198821726484832258
198821726044422145
198821726203817984
198821726702944256
198821726631636993
198821727248195585
198821726707122179
198821727147536384
198821727738920961
198821727868960769
198821727940247552
198821727336284161
198821728024133632
198821728175140864
198821728246439936
198821728389050368
198821728833650688
198821728628125696
198821729437618177
198821729290825729
198821729903194113
198821730096132096
198821730494595072
198821730570092545
198821730721075200
198821730607833088
198821730045804544
198821730830127105
198821730884657152
198821730716893185
198821731165671424
198821731530584064
198821731778043904
198821732268785665
198821732201672704
198821732402999298
198821732696604672
198821732549795841
198821733166362625
198821733329944577
198821733359304704
198821733313155072
198821733686444033
198821733380263937
198821733329932288
198821733665476608
198821734105874432
198821733225082880
198821734042963970
198821734491762688
198821734911180800
198821735116713984
198821735099928576
198821735720693762
198821735536144386
198821735888465920
198821735603257345
198821735997521920
198821735129292802
198821733791305728
198821737457123328
198821737889140737
198821738308567040
198821738417635329
198821738509910016
198821737964634114
198821738275028992
198821739189387264
198821738895769602
198821738946113536
198821739696893953
198821740263120896
198821740003074048
198821740288278533
198821740569313282
198821740971950081
198821737763307520
198821741202636801
198821741961822208
198821742024728576
198821741844381696
198821738941919232
198821743081697280
198821742666448896
198821742922313728
198821743186550785
198821743241072641
198821743782137856
198821744088322048
198821745254346752
198821745208197120
198821745287888896
198821744755228672
198821745455673344
198821745782833152
198821746072231937
198821746546180097
198821746634276864
198821746781077504
198821747364073473
198821746659434496
198821747208884224
198821747871580160
198821747838042113
198821748437815296
198821748249079808
198821748744011776
198821748593008640
198821745111736320
198821748903395328
198821749540925440
198821742293164032
198821749465432064
198821749591248896
198821749633204224
198821747154366465
198821742796488704
198821751004737536
198821750333644801
198821750962790400
198821751583551488
198821752007163904
198821751050878976
198821751365451776
198821752414011392
198821751763894272
198821752585990144
198821751889731584
198821752120418305
198821751969431554
198821752900562945
198821752959275008
198821752594370561
198821753122861056
198821753408069632
198821753504530433
198821753491955712
198821753328377856
198821753567449090
198821753756196864
198821753835884544
198821754603446274
198821754787999745
198821755089981441
198821754737672192
198821754913824769
198821755274543104
198821755807203328
198821755249377280
198821755798818816
198821754154651648
198821756583165953
198821757182939136
198821756629299200
198821757602373632
198821757791125504
198821758084718592
198821758164414465
198821758667718656
198821757245865985
198821758982299648
198821758286036993
198821758441242624
198821759108128769
198821758940364800
198821758835499008
198821759334625280
198821759296880640
198821758931959808
198821757971472386
198821759384956928
198821759116517377
198821759523360769
198821759775019008
198821760349634560
198821760383197186
198821760802619392
198821760643248128
198821760156704768
198821760978792448
198821760467079168
198821760852951040
198821761247219712
198821761213673472
198821761532444673
198821761956069376
198821762048344064
198821761809260544
198821762677473280
198821762056720385
198821762421637123
198821762799108096
198821763126280193
198821763482783744
198821763679924224
198821764170653696
198821763898032128
198821764443275265
198821764636221440
198821765160505344
198821763994492928
198821765403787264
198821765462503424
198821765726732288
198821765848383488
198821765705764864
198821765705768960
198821766603358210
198821766653685760
198821766456541186
198821766175522816
198821766234247168
198821767035367424
198821766779502594
198821767748395010
198821768339787777
198821768247508992
198821768432074753
198821768390123521
198821768188805120
198821769006682112
198821768616607744
198821768809549824
198821769975562240
198821768947965952
198821770009120769
198821769962979331
198821770579550208
198821770625691651
198821770810228739
198821771263229952
198821771087052801
198821772232097792
198821772802539520
198821772810915840
198821773041606658
198821773796581378
198821773830139904
198821774044045312
198821774413135872
198821774991958016
198821774295695361
198821774635446273
198821774648016897
198821775226834944
198821776497709058
198821776212496384
198821777030385664
198821777676312576
198821777584033792
198821777982496768
198821778288685056
198821778720694272
198821778624221185
198821778028638208
198821778548719619
198821778808778753
198821778884263936
198821779668611073
198821779651829760
198821778833936385
198821779844771840
198821780029321216
198821779840569344
198821779807014912
198821780369063936
198821780553601026
198821780452941824
198821780901728256
198821780687826947
198821780952059904
198821780809465857
198821781304377345
198821781719625729
198821782269071360
198821781891579905
198821782449422336
198821782092918785
198821781795119104
198821782084526081
198821782554296320
198821782487183360
198821782722052096
198821783409926147
198821784299126784
198821783930028033
198821784676605952
198821784747909120
198821784378814464
198821785028927488
198821784739520512
198821784152322048
198821785620332544
198821786396274689
198821786840866816
198821786874421248
198821787574865920
198821788367601664
198821788094967808
198821788426321920
198821789542002688
198821789688791040
198821789399400448
198821789823021056
198821789294530561
198821790678654976
198821790951276545
198821791190355968
198821791211323392
198821789453918208
198821792071163905
198821792226361344
198821791999868928
198821792037605376
198821792314441728
198821792448651264
198821791819501568
198821792205381632
198821793123934212
198821793174269952
198821792788393984
198821792394129408
198821793291702272
198821793597898752
198821793400758273
198821793102966784
198821794013118464
198821793971175424
198821794067656705
198821793774043139
198821794227032064
198821793962795010
198821794663247872
198821792901644288
198821794654863361
198821794843590656
198821795124613120
198821795288186880
198821795070083073
198821795036540928
198821795569205248
198821796135444481
198821796538097666
198821797150466049
198821791223922689
198821797460840448
198821797452455936
198821797418909697
198821798039666688
198821798014492673
198821798119342080
198821798631051267
198821798299705344
198821798878511104
198821798568140800
198821799109210113
198821798853353472
198821799318929409
198821799650271233
198821798878511105
198821799063076865
198821799897739265
198821799453138945
198821799650263041
198821800552054785
198821800820477955
198821799822233601
198821800933732357
198821801143451648
198821801554493441
198821801617395713
198821801684508672
198821801730641920
198821801416069120
198821802292682752
198821802053615618
198821802355601408
198821802225565697
198821800300392448
198821803504836609
198821803106369536
198821802963763202
198821803253182465
198821802657591296
198821803731320833
198821803680993281
198821803852955649
198821803395792897
198821804318535680
198821804696018944
198821805136429060
198821804972851200
198821805853646849
198821806008836096
198821806180802562
198821806956744705
198821806805749760
198821807002886145
198821807745282048
198821808303120385
198821808277958659
198821808605114370
198821810089889793
198821809938907136
198821810647740416
198821811142660096
198821811109105665
198821811813744642
198821809464938497
198821812933627905
198821813051080704
198821813319516161
198821813202075649
198821813868953600
198821814036733954
198821814443585537
198821814275809280
198821814707826690
198821813512450049
198821815446020096
198821814863011840
198821815215333377
198821815244697601
198821814955286528
198821815584428032
198821816138080256
198821815487959041
198821816729481217
198821817291517953
198821817937436673
198821818155532289
198821818201677825
198821817882910722
198821818017124352
198821818306543617
198821818377830401
198821818675638272
198821818742738946
198821818788880384
198821818155532291
198821820470792192
198821820747624448
198821820609208321
198821821271908352
198821821309648896
198821821351591937
198821821028642816
198821821787803648
198821821741674497
198821821854916608
198821821653581824
198821822354042880
198821822395985921
198821822500835328
198821822169489408
198821822299521025
198821823020929024
198821822710550528
198821822953824256
198821823792689152
198821824610570240
198821824023371778
198821824711237632
198821825625591809
198821825755619329
198821825977921537
198821825864679424
198821825189392384
198821826724499456
198821827047464960
198821827823411203
198821827957624832
198821827454308353
198821828016353282
198821827961819136
198821828725186560
198821829014593537
198821828528046080
198821829262053377
198821829639536642
198821829601800192
198821829861838848
198821829996060673
198821830038007810
198821829526294529
198821830197395456
198821830159638528
198821829601800193
198821829937348609
198821830662950912
198821830881062912
198821830558105601
198821830461624320
198821831195639808
198821830910410753
198821831153684480
198821832026112001
198821831933829122
198821831438893057
198821832114184194
198821832265179136
198821832495869953
198821832550383617
198821832558784512
198821833145978881
198821833963880448
198821833636712450
198821833955479552
198821834316189696
198821834630770688
198821834618179584
198821834643349504
198821835205394435
198821834915983361
198821835209588737
198821835478016000
198821835264106496
198821835603849216
198821836358823936
198821835838734336
198821836488847360
198821836178468864
198821836186861568
198821836723728384
198821836971184130
198821837168328704
198821837692616704
198821837759717378
198821838288199680
198821838351122433
198821838351110144
198821838745370625
198821838460170240
198821838736982016
198821839483580417
198821839475187712
198821839282253825
198821838598574081
198821839001235456
198821839802351618
198821839764590592
198821840087556096
198821840733470720
198821840393744385
198821840850923521
198821840074977280
198821841165492224
198821841337454593
198821841400369153
198821840687349760
198821841324879872
198821842067259393
198821841656217602
198821842226642945
198821842885152769
198821842302144512
198821843065516032
198821842700611584
198821843191341056
198821842876772352
198821842788683777
198821843312984065
198821842042101763
198821843761774593
198821843895980033
198821844072148992
198821843589795840
198821844009226242
198821843111649281
198821844504162306
198821844332191745
198821844667740161
198821845271719936
198821844718059521
198821844432859136
198821845099757568
198821846068637696
198821846156713984
198821846198657024
198821846274162688
198821846701977601
198821846991372290
198821846932668418
198821847230455808
198821847192711168
198821847628914689
198821847998017537
198821848090284032
198821847398236160
198821848073506817
198821848430034946
198821849193381890
198821849407303681
198821849294045184
198821849751224321
198821850875301889
198821850770448385
198821850799812608
198821851106000896
198821850732695552
198821851907108865
198821852691439617
198821852733386753
198821853748396033
198821853857452034
198821854163648514
198821854213976064
198821854801166336
198821855015084032
198821855124131840
198821856202063872
198821855958806529
198821855522590722
198821856302735361
198821856751525889
198821856596340736
198821857120624640
198821857305174017
198821856965431296
198821857254838272
198821857984647169
198821856847986689
198821858353754112
198821858198560768
198821857431003137
198821858269859843
198821858655748097
198821858617982976
198821858588626944
198821859045818368
198821859742068736
198821858869641216
