198816575170686976
198816575321686017
198816575409766400
198816575682392064
198816575762083841
198816576298958848
198816575992758275
198816577666293760
198816577729212416
198816577309773824
198816578110881793
198816578408685569
198816580027695104
198816580644245505
198816580770078720
198816580723949568
198816580421947392
198816581013340160
198816579457265664
198816580975599617
198816582179360768
198816580933648384
198816582355529728
198816582724632576
198816582204538880
198816581340512258
198816583156629504
198816582498136064
198816585488674816
198816585820024832
198816586574995457
198816586314940416
198816586604363777
198816585182490624
198816586616930304
198816587229315072
198816587501928448
198816587145424896
198816587812311040
198816588244324352
198816588043001857
198816588923801602
198816589129322498
198816589578117123
198816589016076288
198816590681219073
198816590807040001
198816590580547584
198816591381659648
198816591301976064
198816591713026048
198816592006610945
198816592128245764
198816592086315008
198816592316989440
198816592749002752
198816593487208448
198816593734664193
198816593583681536
198816594825183232
198816596104445952
198816596096073729
198816596880400384
198816597010423809
198816597757009921
198816597266280449
198816599187267585
198816599225012224
198816599082401794
198816599585734657
198816599107575809
198816600110022657
198816600164540416
198816600135180288
198816600848220160
198816601246670849
198816601351520256
198816601443799041
198816601582219265
198816601380892672
198816601867431936
198816601959694336
198816601007591424
198816602135863297
198816602341376001
198816602811150336
198816602903420928
198816603205406720
198816603503202304
198816603343818753
198816603972964353
198816604644048896
198816603436089345
198816604736335872
198816604933459968
198816604602105856
198816605721989121
198816605847818242
198816606929944576
198816607542325250
198816608809009153
198816609064857601
198816609253605378
198816609530429440
198816610595774465
198816610977460224
198816611606605824
198816611472384000
198816612030234626
198816611640156161
198816611963117569
198816612705513472
198816612827140096
198816612764233728
198816613317881856
198816613582123008
198816614496481280
198816616291643394
198816615939313664
198816616723644417
198816617201799168
198816617038221313
198816617176629248
198816617189224448
198816617868697600
198816617566711808
198816618028081153
198816618615291904
198816618837581824
198816619550613504
198816619827429376
198816620154585088
198816620624347136
198816620657913856
198816620917960704
198816620234289152
198816620922155008
198816621152829440
198816621534515201
198816621777780737
198816622218194944
198816622239162368
198816621765201920
198816618728534016
198816622906064898
198816621073145856
198816623338065920
198816623174483968
198816623560372224
198816623929458689
198816623984001024
198816624030126080
198816624248238083
198816624541831169
198816624835444736
198816625607180290
198816625389092864
198816625334562817
198816625569439745
198816625900781568
198816626055970817
198816626102120449
198816626626400258
198816626286661632
198816627964391425
198816629348515842
198816629524672512
198816629537243136
198816630178988032
198816630875226112
198816630451609600
198816630980096000
198816631860887552
198816631697309697
198816632380985345
198816632125145089
198816632959799296
198816632750080000
198816632997548033
198816633966444544
198816634532671488
198816635027587072
198816634553630721
198816635539296258
198816635786768384
198816636160053250
198816636394934272
198816636634021888
198816636730482689
198816635950350336
198816637024083969
198816636948594691
198816638013931521
198816638244626433
198816639536472064
198816639494520834
198816639830077441
198816640392101891
198816640618594304
198816641113530368
198816641759453184
198816642153713664
198816642275360769
198816643537833985
198816644544471041
198816646469656577
198816647392399362
198816647354646529
198816647568564224
198816646578716673
198816648466149376
198816648596160512
198816648659087362
198816649388888065
198816649783164929
198816650248728578
198816650735263745
198816651142103041
198816651439910913
198816651737698304
198816650286465024
198816651104370689
198816650307448832
198816651683168256
198816653176352769
198816654518517760
198816653960679424
198816654954729474
198816655059587073
198816654346563585
198816656582127616
198816656351432706
198816657244831744
198816657307734016
198816657555202048
198816657760714753
198816658264031232
198816659258097666
198816659446841344
198816659711066113
198816659744632833
198816660340224001
198816660948398080
198816662231855106
198816662500278274
198816663079100416
198816663125229568
198816663699865601
198816664270282752
198816664714870784
198816664769396737
198816664685522944
198816665226575872
198816666702983168
198816667285983233
198816667164352513
198816667327934464
198816668007415809
198816667726385153
198816669014040576
198816668896604160
198816669446049793
198816669886447618
198816669487992832
198816670138109952
198816670301691904
198816670356213760
198816671270584321
198816672289796097
198816672289787904
198816672726003712
198816673275445250
198816673862664194
198816675527794688
198816675393581056
198816674433077250
198816676429574146
198816675854958592
198816676920295425
198816677457166336
198816677381668864
198816678233116672
198816678488965120
198816678350565376
198816678228926464
198816678874841088
198816679520772096
198816680154120192
198816680619675648
198816680921661441
198816680896503808
198816681504681985
198816681072656387
198816682091888641
198816682251255808
198816683002044416
198816682855247872
198816683220156416
198816684260343808
198816683962531841
198816685573144576
198816686177132544
198816686588174337
198816686588182528
198816686332329986
198816687309590528
198816687536082944
198816688177815552
198816688035213313
198816687947128832
198816688844718080
198816688936980480
198816689519984640
198816689595490304
198816690031689728
198816691201900544
198816691516481536
198816692011401217
198816692263063552
198816692032372737
198816694154706945
198816694653825025
198816695870173184
198816696256049155
198816695857594369
198816696511905792
198816696818081792
198816693697511425
198816697392697344
198816697271058433
198816692825104384
198816698067976192
198816698541948928
198816696134418432
198816697619193856
198816699187867648
198816699129147393
198816699267555328
198816699468890112
198816698747461633
198816699988975617
198816699926061059
198816700483895296
198816700441964544
198816700127391744
198816700118990848
198816701125636096
198816701092081664
198816701624750080
198816702761402368
198816703017263107
198816703302479873
198816703805788160
198816703944196096
198816704753713152
198816706901184512
198816707228348417
198816707459039233
198816707442253824
198816707278680064
198816707903631360
198816709199663104
198816709069647873
198816709476491265
198816710520877056
198816710613147648
198816711179382784
198816711292628992
198816711582027777
198816711733026816
198816712198590464
198816712324431873
198816711745605633
198816712966144000
198816713012285440
198816714090217472
198816714211852288
198816714329300992
198816715906359296
198816716128661504
198816716015419392
198816717022052352
198816716543897600
198816717609254913
198816717298868226
198816717714112513
198816718217428992
198816718196453376
198816718431330304
198816718875934720
198816718959816705
198816719010148353
198816719802867712
198816720012582913
198816720574615553
198816720675291136
198816720989847552
198816721015025664
198816721186992128
198816721820336128
198816721732255744
198816721732251648
198816722030043136
198816722592071681
198816723288342529
198816723686789120
198816724680839170
198816725591007232
198816726325014530
198816726253715456
198816727507795968
198816728170496000
198816728967421953
198816728900317184
198816728573157376
198816729424596992
198816730322190336
198816730473181185
198816730976501760
198816730804518912
198816732083798016
198816732293513216
198816732389965824
198816732159295488
198816732599697409
198816732641636352
198816732704550912
198816732972978176
198816732419338240
198816733363052544
198816734050926592
198816733820239872
198816734654889984
198816735112085505
198816735221121028
198816735464394753
198816735539904513
198816736190017536
198816736844333058
198816737200832512
198816737381203968
198816736974356480
198816737637056514
198816736936591360
198816737687384065
198816737179860992
198816738010337281
198816738006147073
198816738350075905
198816739214110720
198816739767758848
198816739780333568
198816740237512704
198816740237512707
198816740434649088
198816740057165824
198816740845686786
198816740866666496
198816741315444736
198816741458063361
198816741814575104
198816741961375745
198816742997372928
198816743739760642
198816743920107521
198816743735558144
198816744079503360
198816744259854336
198816744331153408
198816746042429441
198816745455235073
198816746403151874
198816746675781632
198816746872905728
198816746998734848
198816747774685185
198816748475133953
198816748743561216
198816749502730241
198816748747751424
198816749615988738
198816749892800513
198816750035419136
198816750303846402
198816751830573056
198816751989964801
198816752044482561
198816752241614848
198816752375828481
198816753025945600
198816753747374080
198816753768333312
198816754368131073
198816754124857345
198816754317803520
198816755391528960
198816755395723264
198816755970355200
198816756146511874
198816756565942273
198816756851154944
198816756922466305
198816757891350528
198816758453370880
198816760974163969
198816760915439616
198816760466640897
198816758730211328
198816761850761216
198816761376813057
198816761657831424
198816762790293504
198816762513469442
198816763297800193
198816763050344449
198816763390083073
198816764048576512
198816764262490113
198816763801124865
198816764430262272
198816765780832256
198816766242205697
198816766305124352
198816766246391808
198816767152357376
198816767009755136
198816767412420608
198816767781507073
198816767857012738
198816769190793216
198816769429872642
198816770352623618
198816770260344833
198816770126118912
198816771095011328
198816771443130368
198816771631886337
198816771602522113
198816772093247488
198816772206497793
198816772323934208
198816772336521217
198816772764340224
198816772760150017
198816773238296577
198816773821304832
198816774085541888
198816773980692480
198816774265909249
198816774597263362
198816774026833920
198816773225725952
198816774983131136
198816774479806464
198816775264153600
198816775276732416
198816774655979520
198816775507415040
198816775549370369
198816775155105793
198816776052686848
198816776065261569
198816776149139457
198816776203673600
198816776505671680
198816774286884864
198816777847848960
198816777831067649
198816777822666752
198816777973665792
198816777726201856
198816777516490752
198816778678308864
198816778871250945
198816778741219329
198816779143888896
198816779395534849
198816779361980417
198816778330193920
198816780414758912
198816780548972544
198816781446553600
198816781584973824
198816781622710273
198816782746779649
198816782855839744
198816782813896706
198816783073951745
198816784311271424
198816784919445505
198816785066246144
198816785225625600
198816786194497536
198816786278387712
198816787092082688
198816786890760192
198816787574439937
198816787402461184
198816788182614016
198816785842184192
198816789134704640
198816786228056065
198816789357015042
198816788660748289
198816790028103681
198816791181541376
198816791278006275
198816791298977795
198816791076683776
198816792024584193
198816791525470208
198816792238489600
198816792200744962
198816792179769345
198816792410472449
198816792569839616
198816792842485760
198816792976691201
198816793047998464
198816793165430785
198816793840726016
198816794306289664
198816790804041728
198816793773604864
198816794612482048
198816794201423872
198816794931236864
198816795489083392
198816795975630849
198816796931919872
198816798068572160
198816798399930368
198816798039216128
198816798685151232
198816798555127809
198816798374768644
198816799582715904
198816800127991810
198816799448514561
198816800622919680
198816801059123203
198816801075904514
198816801289797633
198816801633742848
198816801877012482
198816801814097920
198816802585849856
198816803336634371
198816803433103360
198816804032888832
198816804049661952
198816804901101569
198816805286981632
198816805731569665
198816805668655104
198816804435529728
198816806251663361
198816805777719296
198816806285225984
198816806440411137
198816806721433600
198816806847262720
198816806897586177
198816806507528193
198816807556100097
198816807400902656
198816807782584320
198816807975526402
198816807065366530
198816804217425920
198816808545943552
198816809221238784
198816811075112960
198816810072682497
198816811653931008
198816811121250304
198816809900707840
198816812169830401
198816811834290177
198816812455034880
198816812459233281
198816812589268992
198816813281320960
198816814145343488
198816814111801346
198816814946451456
198816814573166594
198816815311355904
198816815391051776
198816815709831168
198816815558836226
198816816028581888
198816816653537281
198816817676959744
198816817387544577
198816818058629120
198816820008992768
198816820881399808
198816820965289985
198816821040779267
198816821128867840
198816821590237184
198816821812543488
198816822223585280
198816822265516032
198816822278103040
198816821904809985
198816822483623936
198816822173249537
198816823322484737
198816823691583488
198816823888723968
198816823850958848
198816823867744256
198816822303268864
198816824249430017
198816823695773696
198816824492687361
198816823997775874
198816824702406656
198816825214124033
198816825306386432
198816824685641729
198816825872621569
198816825973293057
198816826409500672
198816822382956544
