198825886475227137
198825886601060353
198825886693335040
198825886680748032
198825886802391040
198825886869499904
198825886752047104
198825887020494849
198825887146328065
198825887267946496
198825887272144896
198825887121145856
198825886487822338
198825887389597696
198825887435722753
198825887548964864
198825887712550912
198825887662211073
198825887767085057
198825887800623104
198825887985172480
198825887905484801
198825888148762626
198825888119402498
198825888190701570
198825888152948736
198825888245219328
198825889356713986
198825889331552256
198825889448984576
198825888907935744
198825889448996864
198825889289605120
198825889264447488
198825889432223745
198825889360916480
198825889750986752
198825889704841217
198825889746796544
198825889688064002
198825889184759808
198825889872617474
198825889549664257
198825890015219713
198825889507704833
198825889268641792
198825889830674432
198825890078138368
198825889570623488
198825889239273473
198825890199777280
198825890346569729
198825890573058048
198825890174611456
198825890547900416
198825890170404867
198825890619195397
198825890669535232
198825890770194432
198825890816344064
198825891026046976
198825890950553600
198825890539520004
198825891227377664
198825891445481472
198825891961389056
198825892275957761
198825892435337216
198825892431138817
198825892359831554
198825892154318848
198825892892520448
198825892951244801
198825892171091969
198825893093847041
198825893009965056
198825892498259968
198825893764927488
198825893924315136
198825892972212226
198825893077061633
198825894096289792
198825892334669825
198825894087888896
198825893865603072
198825894008193024
198825893815271425
198825894826094592
198825894809321472
198825893722980352
198825895144849410
198825895417483264
198825894582816769
198825894964494336
198825895300055040
198825895522344960
198825894851260419
198825894926745600
198825895325204480
198825895019024385
198825894985482240
198825895891451904
198825896130523136
198825895543324673
198825895060979714
198825894947721216
198825893630717953
198825895388123137
198825896369590272
198825894947717120
198825896537370624
198825896218599424
198825896591888387
198825895836913664
198825897283948544
198825896545759232
198825897330098178
198825897439150080
198825897443336193
198825897539805184
198825897510449153
198825897694998529
198825897388802051
198825897908912128
198825896960987137
198825898005377025
198825898391244802
198825898135392256
198825898538041344
198825898466750466
198825898617733121
198825898164748288
198825898617741313
198825898550640640
198825899024596993
198825899079110656
198825899070722049
198825899158806528
198825898349297664
198825899267858432
198825899385307136
198825899515314178
198825899821498369
198825899838287872
198825899943145473
198825900014452736
198825899339153409
198825899863449600
198825900303847426
198825900249321474
198825899213328384
198825899959910400
198825900639391744
198825900412899328
198825900240945153
198825900949770240
198825900907823108
198825900798787587
198825900505186304
198825900995907584
198825901205630976
198825901109149696
198825901247578113
198825901348233217
198825901419544577
198825901620862976
198825901847347202
198825901465665536
198825901750882306
198825902321315841
198825902262591488
198825902384230400
198825902459723776
198825902476509184
198825903009169408
198825903130816512
198825903424409600
198825903055314945
198825903449575424
198825903462170625
198825903743176705
198825903617343489
198825904246493184
198825903738978305
198825904443629568
198825904628178946
198825904808525824
198825904426860544
198825905076969473
198825905290887168
198825905370562561
198825905576095744
198825905404129281
198825905563516929
198825905529946112
198825905802584064
198825905748058113
198825905903247360
198825906242981888
198825906083610626
198825906297503745
198825906154905601
198825906003902464
198825906691768320
198825907094425600
198825907132178432
198825907283169280
198825907400617984
198825907237040128
198825907039899649
198825907669045249
198825907232849920
198825907811659777
198825905991323648
198825907404800000
198825907891347456
198825908067508224
198825907912327169
198825908004585472
198825908205912065
198825908189138944
198825908205920256
198825908256243713
198825908319174656
198825908520497153
198825908562444288
198825907853590529
198825908633739264
198825908688269313
198825908377886720
198825908969283584
198825909241909250
198825908549844992
198825909355163649
198825909531324417
198825909137059843
198825909690699777
198825909791358976
198825910294687745
198825909782986753
198825910470844416
198825909778792449
198825910651195392
198825910223380480
198825911011901443
198825910877683713
198825910932213761
198825911087415296
198825911276142592
198825911053844480
198825911766892544
198825911766892546
198825911875944449
198825911959830528
198825911565549569
198825912303751168
198825912010145793
198825912475729920
198825912140181505
198825912752549888
198825912484118528
198825912509284353
198825913176178689
198825912635105280
198825913306198016
198825913616568320
198825913683685376
198825913750798336
198825913847250946
198825913872416770
198825913943728128
198825914392526848
198825914350583808
198825914094731264
198825914606436352
198825914249916416
198825914178613248
198825914937769986
198825914946170882
198825915080380417
198825914799366145
198825911531995136
198825911922081792
198825914526740480
198825915462062081
198825915516600320
198825915139104768
198825915818586112
198825916015714304
198825916028289025
198825916019904512
198825916045078528
198825916112191489
198825916028301312
198825915453673472
198825915826966528
198825916317704194
198825916279959552
198825916368044033
198825916464508928
198825916514828288
198825916699394048
198825916183494657
198825916779069440
198825916670021632
198825916821020672
198825916938461185
198825917072683008
198825917110431744
198825917135593474
198825917173334016
198825917110423552
198825917479530496
198825917588582400
198825917198499840
198825917781520386
198825917664071680
198825917710204928
198825917106225153
198825917932519424
198825918045761540
198825917265612800
198825918142222337
198825918242885632
198825918729428993
198825918603595776
198825918653935618
198825918846861313
198825919085940736
198825918930751488
198825916909101057
198825919039815680
198825919178227714
198825919027232768
198825919572492290
198825919496994817
198825919517949952
198825919496978432
198825919517954049
198825918863642624
198825920205824000
198825920218406914
198825920281317377
198825917093658625
198825920029659137
198825920558137344
198825920591691776
198825920075792384
198825920696549378
198825920876912640
198825921057263617
198825921208266753
198825920964988928
198825921069846528
198825921153744896
198825920583319553
198825921329905666
198825921208270848
198825921417969664
198825921002737664
198825921388613632
198825921543815168
198825920545554433
198825921518649346
198825921665445888
198825919937388544
198825921233428480
198825921967435777
198825918611996672
198825922143584256
198825922294579200
198825922361700352
198825922479132672
198825922470748160
198825923041169408
198825922990845952
198825923351552002
198825923137634305
198825923087306752
198825922592374784
198825923506733057
198825923204755457
198825922420412418
198825923607408640
198825923724836864
198825923821305856
198825923917791232
198825923959726080
198825924182020096
198825924416913408
198825924098142208
198825924500795392
198825924911824896
198825924802772993
198825924316250112
198825924739870721
198825924765032448
198825925188657153
198825925146710017
198825925360615425
198825925234798593
198825925553565696
198825925595504641
198825925582921728
198825925238984707
198825925771657216
198825925704548354
198825926002348032
198825925985574912
198825925427724288
198825926115602433
198825926119788546
198825926153355264
198825926350471169
198825926409199617
198825925465485312
198825926467928066
198825926593757184
198825926241423360
198825926556004354
198825925973000193
198825927004790785
198825926581157888
198825926270783490
198825926895742977
198825926983811075
198825924156862465
198825925993963520
198825927617155073
198825927537475584
198825927394869248
198825927348715521
198825927784923136
198825927893987328
198825927290011649
198825927789133824
198825928057569281
198825927638122497
198825928250494977
198825928397291521
198825928493768705
198825928623783936
198825928619589632
198825928636383232
198825928728641536
198825928690896896
198825928317603842
198825928435056640
198825928825118724
198825928758001665
198825929001287680
198825929005465600
198825928875442176
198825928942555136
198825928607006721
198825929433288704
198825929450061824
198825929412321280
198825929416507394
198825929550733313
198825928879644672
198825929139687424
198825929919836160
198825928611209216
198825929835950083
198825930188267521
198825929953382401
198825929932423169
198825930582540288
198825930326679554
198825930813222912
198825931459137537
198825931438174209
198825931446566913
198825931362668546
198825931828232192
198825931907932160
198825931811467265
198825932063129601
198825932029575170
198825932050534401
198825931522048000
198825931979235329
198825932348325888
198825932402855936
198825932545474560
198825932750979072
198825932671295489
198825932746801152
198825932973277185
198825932872630272
198825932348338176
198825933191397377
198825933795368960
198825933682130944
198825933816332289
198825933883457537
198825933912813568
198825933766000640
198825934202212354
198825934235770880
198825934214803457
198825934281900032
198825934143496192
198825934487433216
198825934432911362
198825934596472832
198825934755856384
198825934546149376
198825934902665216
198825934952988673
198825934265131010
198825934852337665
198825934541955072
198825935326285825
198825935292735488
198825935443738624
198825935473098753
198825934743289856
198825935460503553
198825934638415872
198825935544397824
198825935263371264
198825935498260481
198825935674413058
198825935921872897
198825935523422209
198825935703777282
198825935921889280
198825935401779200
198825935926079490
198825936207093761
198825935515037696
198825936265818112
198825936282595329
198825936299376640
198825936332931073
198825936567812097
198825936546832385
198825936597164032
198825936446160896
198825937129848832
198825936584589312
198825936911732736
198825936580395008
198825937125654529
198825937243082752
198825937444409344
198825936974659584
198825937507336192
198825937536696322
198825937612181505
198825937251479552
198825935737323520
198825937670914050
198825937708650496
198825937868046338
198825937914175489
198825937838686209
198825937335353345
198825937830289408
198825938098728961
198825938086133760
198825937360519168
198825938144854017
198825934323855360
198825939822583809
198825939801612290
198825939889692672
198825939323465729
198825940426559490
198825940099411969
198825940611117057
198825940908912640
198825940242010114
198825941013762048
198825941215096832
198825940879552512
198825940527235073
198825941227675648
198825941332541440
198825940766310400
198825941408030720
198825941458362370
198825941064097792
198825941848424448
198825941949104130
198825942217535488
198825942263664640
198825942293032960
198825941680664577
198825942469181440
198825942305607680
198825942032986114
198825942687285249
198825942909599744
198825942913789954
198825942930558977
198825942444019712
198825943148666880
198825942959919104
198825942708260865
198825942578245634
198825942947344384
198825943274491904
198825942741811200
198825943446470656
198825943475818496
198825943714889728
198825943668768769
198825943756845056
198825943865892865
198825943865888768
198825943928815616
198825944071421953
198825944188850177
198825944348246016
198825944142712832
198825943962361856
198825944432123904
198825944381788160
198825944675393536
198825944746688512
198825944683790336
198825944788643840
198825944918671361
198825944948015104
198825945036103681
198825944503418881
198825943983333379
198825945275187200
198825945359065088
198825945392623616
198825945539420161
198825945526837249
198825945568776192
198825945631690752
198825945749127168
198825945405194241
198825945161928704
198825945359065089
198825945346482176
198825945954660352
198825946025955330
198825946114043904
198825945883357184
198825945489084416
198825946239877120
198825945560391681
198825946466357248
198825946491535362
198825946470547456
198825945895940096
198825946420224002
198825946181140480
198825946772553728
198825946709635073
198825946634137600
198825946810298368
198825946713817088
198825946944520193
198825948219572224
198825947514945536
198825947452030976
198825948316041216
198825947766603779
198825948433498112
198825947951153152
198825948567699457
198825948790013954
198825948957786112
198825948592881664
198825949112963072
198825949112975361
198825949268152321
198825948647395329
198825949066825728
198825948995530752
198825949133930497
198825949373018112
198825949117165568
198825949628870657
198825949779865601
198825949922467841
198825949591126016
198825949675012097
198825950052483072
198825949515616257
198825950346084352
198825950140571650
198825950375452672
198825950270599169
198825950253826048
198825950643884032
198825950752948224
198825950811660288
198825950677446656
198825950216060929
198825950715195392
198825950916526080
198825950941675520
198825951122038785
198825951021379584
198825950912315393
198825950157357057
198825951289815041
198825951361110016
198825951428222976
198825951226896384
198825951600181248
198825951684075521
198825952426463232
198825952304840706
198825952317423616
198825952292253697
198825952048971776
198825952573276160
198825952615215106
198825951788929025
198825952640372737
198825952766197760
198825952464216064
198825952682323968
198825951948320768
198825952304828417
198825952330002433
198825952288063488
198825952556494848
198825952963338240
198825952036405248
198825952455835648
198825953139494913
198825953642819584
198825952535515137
198825953693155330
198825953407938560
198825953412124673
198825953902866435
198825954024493056
198825953827364864
198825954448121857
198825954485870594
198825954687205378
198825954431340544
198825954909499392
198825954343256065
198825954842386433
198825955190517761
198825955161153536
198825955169550336
198825955282780160
198825955492499457
198825955576385536
198825955828047873
198825955861598208
198825955970646016
198825955890958336
198825955106619392
198825956151017473
198825955253436416
198825955748352002
198825956490739712
198825955974840320
198825956335554561
198825956738215936
198825956708843520
198825956662718464
198825956616585219
198825956855648257
198825956910178304
198825956977287168
198825956348145665
198825956343943168
198825957241524224
198825957291859969
198825957296050176
198825956562042881
198825957476409345
198825957652561923
198825957514149889
198825958101352449
198825957593845760
198825956918562816
198825957866479618
198825958432714753
198825958403346433
198825958176858112
198825958294306817
198825958399148032
198825958734696449
198825958780833794
198825958508212225
198825958675972098
198825956432031744
198825958986366976
198825958952800256
198825958994739200
198825958927634432
198825958587891714
198825958776643584
198825959296745473
198825959745531904
198825959892336643
198825959900708865
198825958759874562
198825960055914497
198825960349503489
198825959208656897
198825960336924672
198825960487927809
198825960575995904
198825960357892096
198825960735391744
198825960232075264
198825960970260480
198825961008017408
198825960454361088
198825961079316481
198825961003827200
198825961268064256
198825960999632897
198825961020596224
198825961536495618
198825961565855744
198825961729437698
198825961796538369
198825961549082625
198825961142235136
198825962228563968
198825960957681664
198825962480214016
198825962564096000
198825962786390017
198825960903163904
198825962778001408
198825963008692224
198825961993678848
198825963096772608
198825962773819393
198825962937401344
198825962694127617
198825963197444096
198825963356815360
198825963306487808
198825962840924161
198825962689933314
198825963428130817
198825963600089088
198825963612680192
198825962945781760
198825963595894784
198825963931439104
198825964178903040
198825963566534657
198825963134525440
198825964304728065
198825963730112514
198825964392824832
198825964564783104
198825964803850240
198825964766101504
198825964678033409
198825964791283712
198825964967428099
198825964405391360
198825965072289795
198825965168758784
198825964959039488
198825965156179968
198825965328154624
198825965462368256
198825964904513536
198825965575618561
198825965739196417
198825965558824960
198825965198127105
198825965672079360
198825965772750848
198825965885997058
198825965747580929
198825966297038848
198825966297030656
198825966502543360
198825966640971776
198825966322204672
198825966750015488
198825967026831360
198825967001673729
198825967018442752
198825967127506944
198825966217330689
198825967102332929
198825967307849731
198825967379156996
198825967337226240
198825967387553793
198825966842281984
198825967689543681
198825967945392128
198825967156862976
198825968218030080
198825968322883584
198825968754900992
198825968549380100
198825967802777602
198825967857307649
198825968255766530
198825968574537730
198825969002356736
198825968897490944
198825969010737152
198825968213835779
198825968268345345
198825968897499137
198825969501487104
198825969526636545
198825969711198208
198825969761517569
198825968964608002
198825969384034304
198825970042548225
198825969698603008
198825969828630528
198825969140764672
198825969518260224
198825970269036544
198825969551814656
198825970352926720
198825970113855489
198825970134814721
198825970243870720
198825970680086528
198825970747179008
198825970835271680
198825969673453568
198825970319364097
198825971061755904
198825971024011266
198825970726223872
198825970982060032
198825971141447682
198825971179196417
198825970453585920
198825971284066304
198825970898173953
198825971233722370
198825970537472000
198825971342782465
198825970663301122
198825970856243200
198825971397312512
198825969094623233
198825971376324608
198825971535724544
198825971703480321
198825971850293249
198825970692665344
198825972106141696
198825973259579394
198825973305712640
198825972567511041
198825973414760449
198825973477687297
198825973007917057
198825973762899969
198825972953382912
198825973699969024
198825973565759488
198825973515436032
198825973888729089
198825974526246912
198825974652084226
198825974853406720
198825974526246913
198825974975049728
198825974379462657
198825975318986753
198825974660481025
198825975428022272
198825975444807681
198825974891151361
198825975411261441
198825975516110848
198825975541284864
198825975721627649
198825975809720323
198825975713243137
198825975860039680
198825975616778240
198825975344136192
198825976426266625
198825976069754880
198825976476614656
198825976917008384
198825975860051968
198825977013477376
198825977114132481
198825976778588160
198825977177051136
198825977353224192
198825977437097984
198825977441296386
198825976472403969
198825977407750144
198825977248354304
198825977386762240
198825977357418496
198825977609064448
198825977600679939
198825978091405314
198825977990742017
198825978552795137
198825978728943616
198825978867355648
198825978879950848
198825978229829634
198825978825416707
198825979043516416
198825979257434112
198825979202912258
198825979731390467
198825979198705664
198825980008202241
198825980155002881
198825980251475969
198825980436025344
198825980092104706
198825980285026304
198825980587028482
198825980587028481
198825980935151618
198825980947730432
198825981048393729
198825980561854466
198825980477972481
198825981266501633
198825981312630784
198825980696068097
198825980326969344
198825980842872832
198825980628975619
198825980884811779
198825980847071232
198825981178413056
198825981694324736
198825981182619649
198825981480419328
198825982206033921
198825981786599424
198825982256361472
198825982222794752
198825982411542529
198825982440898560
198825982281531395
198825982512209920
198825982608687105
198825982206021634
198825982294102016
198825982805803010
198825982377988096
198825982243770369
198825982063411200
198825983120375812
198825983023915008
198825983111995392
198825983279763456
198825983132962816
198825983946670085
198825983950848002
198825982210211840
198825983594348546
198825984223494145
198825984072499205
198825984504504320
198825984982663169
198825985259470848
198825985460801536
198825985318203393
198825985020399616
198825985481768960
198825985280446465
198825985746014208
198825985150435328
198825984923926528
198825986068971520
198825984965869568
198825986232549376
198825986266120193
198825986333212672
198825986685546497
198825986077360131
198825986547130368
198825986769432576
198825986249338880
198825987205636096
198825987264360448
198825987201437697
198825987415351297
198825987482451968
198825987637649412
198825987729915906
198825987222405120
198825987868327936
198825987595706369
198825988027727873
198825988044500993
198825988078043137
198825988099014656
198825988564594688
198825988795269120
198825988845604864
198825989076295680
198825989147602944
198825989147607040
198825988900139008
198825989059526657
198825989701238784
198825989701251072
198825989281812480
198825989839650816
198825989483151360
198825990380728320
198825990309412865
198825990514950144
198825990573654017
198825990808535041
198825990477189122
198825990967934977
198825990624002048
198825990854680576
198825991655796739
198825991467040768
198825991668367360
198825991508996097
198825991831957504
198825991995531264
198825991936819200
198825992066842624
198825992142323713
198825991366393856
198825991831949312
198825992222015488
198825992188473344
198825991974555648
198825991567708160
198825992318484481
198825992519819264
198825992750514177
198825992645652481
198825992641445888
198825993111207938
198825993165737985
198825992775671808
198825993266397184
198825993195102208
198825991521574912
198825992989589508
198825993069281281
198825993593565185
198825993681641472
198825994004606977
198825993958461440
198825993631301634
198825993706811392
198825993715204096
198825993547427840
198825993799090177
198825993924907009
198825993698414592
198825994113658880
198825993870381058
198825993971052546
198825993199296512
198825993379659776
198825994432430082
198825994637950976
198825993895550976
198825994210119680
198825994671501312
198825995204165635
198825995237732353
198825994914770945
198825995476799488
198825995334205443
198825995057369088
198825995464220672
198825995539722240
198825995602628608
198825995573268480
198825995841703937
198825996311465985
198825996072402944
198825996617662464
198825996714119168
198825997028704256
198825997662027776
198825997641056257
198825997913694208
198825998144385024
198825997213253632
198825998119206912
198825997620097024
198825998387646464
198825998437978112
198825998647701504
198825998807085059
198825998702215169
198825998375071744
198825999012597762
198825999000027136
198825998698020864
198825999037767680
198825998660288512
198825999306194946
198825998949683200
198825999369109506
198825999004213248
198825999792738305
198825999889215491
198826000417689600
198825999708856320
198826000065368065
198826000518361088
198826000811958272
198826000941989889
198826000904224769
198826001357225985
198825999675310080
198826001466265600
198826001701142528
198826001487245312
198826001579511808
198826001248169984
198826001793421313
198826001243971584
198826001923448833
198826002107990017
198826002187698176
198826002082840576
198826002321903617
198826002569379840
198826002753925120
198826002456121344
198826002451935232
198826002816835584
198826002992996353
198826002674221058
198826003596967936
198826003747966978
198826003232067584
198826004184178689
198826004230320128
198826004490354689
198826004217741313
198826004553277441
198826005064986626
198826005098532866
198826005484417024
198826005832536065
198826005828345856
198826005241143296
198826005874487296
198826005497004033
198826005778022400
198826006268739584
198826006784647168
198826006956621828
198826006549766146
198826006671409152
198826006784643072
198826007623499776
198826007929688067
198826008034557954
198826008470757376
198826007791280128
198826007782899713
198826005597667329
198826008508502017
198826008525275136
198826007803854848
198826008739192833
198826007648677890
198826008827269120
198826008978259968
198826009078939648
198826009284460544
198826009309618176
198826009250906115
198826006780448768
198826009028603905
198826009578049536
198826009674530816
198826009024397312
198826009842290688
198826009221529600
198826009359945728
198826009938755587
198826009250902018
198826010404327425
198826007321522176
198826010232365056
198826007233437697
198826010651787267
198826010303672322
198826010978942977
198826010425298944
198826010572095488
198826011301908481
198826011327070209
198826011339653120
198826011448705024
198826011276746752
198826011339665408
198826010815365121
198826011721334785
198826011905884160
198826011922673664
198826011180273665
198826012065275904
198826011960414208
198826011666808834
198826012379856897
198826012526645252
198826012786704384
198826012652474368
198826012740550656
198826012925112322
198826012941885443
198826012635701248
198826012996411393
198826013109657601
198826012526645249
198826013294202880
198826012568592385
198826013252259841
198826013453594625
198826013298405377
198826013428428800
198826013373898754
198826013944332288
198826014086922242
198826014183395329
198826014313422849
198826014456037376
198826014594437121
198826014552502273
198826014682521601
198826014867075072
198826014929981440
198826014950957056
198826014762205185
198826014657351680
198826014896439296
198826015085166594
198826015395549184
198826015492018176
198826015349420032
198826015567523841
198826015802404865
198826015416532992
198826016054067200
198826015278104577
198826016276348928
198826016473489408
198826016397991936
198826016238600192
198826016767082497
198826016876150788
198826017341718529
198826016662241281
198826017077477377
198826017564000257
198826017706614785
198826017777917953
198826017924722688
198826017484316672
198826018004406273
198826018205732864
198826018222510080
198826017941487618
198826017975058433
198826018482552833
198826018029584385
198826018503524353
198826018839068672
198826018839085056
198826018608386048
198826019048787968
198826018402869249
198826018612580354
198826018428039168
198826019212365824
198826018876817408
198826018721632257
198826018633555968
198826019078144001
198826019833126914
198826019577278464
198826019753426944
198826020168675328
198826020944625664
198826020839755776
198826021083033600
198826021775085569
198826022089658368
198826022144188417
198826022295187456
198826021858983936
198826022345523200
198826022530056192
198826022068699139
198826022668480512
198826022551031808
198826022324543489
198826022987235329
198826022983041024
198826022995636225
198826023196954626
198826023226327040
198826023352147968
198826023448608768
198826023519924224
198826023138230274
198826023075319808
198826023842873344
198826023884828672
198826023893221377
198826023419260928
198826023670906881
198826023964508160
198826023800942592
198826024283275266
198826023603806209
198826024325222400
198826024497188869
198826024081948673
198826023855472642
198826025084387328
198826025004699649
198826024744656897
198826025101164544
198826024635600898
198826025377996801
198826025348644864
198826025038258177
198826025377992706
198826025482858497
198826026065870849
198826026208477184
198826026204270592
198826025860341760
198826025789034496
198826025940037632
198826026493673472
198826026560798720
198826026682429440
198826026229436416
198826026929897474
198826026900537344
198826027328352257
198826027303190528
198826027345117184
198826027387064323
198826027106045954
198826027718410240
198826027840045056
198826027840057344
198826027009581057
198826027869417472
198826027429003265
198826028007825408
198826027554836481
198826028393693189
198826028028788736
198826028632784897
198826028783775744
198826028951535616
198826028095909890
198826029060591616
198826028720865281
198826029140291588
198826028800552962
198826028997681152
198826028804747264
198826029408718848
198826029534543873
198826029811372032
198826029924614144
198826027101847552
198826030390190080
198826029853327360
198826030524416000
198826030511820800
198826029626822662
198826030562160640
198826030834778112
198826030994161664
198826031338098689
198826030805426177
198826031317139458
198826031128383488
198826031686221826
198826031203889154
198826031266799616
198826032126631937
198826032298602496
198826032302796800
198826032588009473
198826032059523072
198826032688664576
198826032751583232
198826032562847744
198826032344739841
198826032852254720
198826032806113280
198826032915156992
198826033112301571
198826033267486723
198826033372336128
198826033040982017
198826033229737984
198826033682726912
198826033758224384
198826033938567168
198826033875648513
198826034173452288
198826034177650689
198826034349621248
198826034420912130
198826034194423808
198826034790006784
198826035029086209
198826034815184896
198826035091996672
198826035138146305
198826035201056769
198826035343654912
198826034978766849
198826034710327297
198826035637272576
198826035020709888
198826035138134017
198826035981201409
198826035964411905
198826035419160576
198826036161544192
198826036174131200
198826035846983685
198826036341903361
198826036392235008
198826036509687808
198826037004607488
198826036996218880
198826036484513792
198826036547436544
198826035888914432
198826037172383745
198826037633748992
198826037709242368
198826037986074624
198826038187409409
198826037939941378
198826037650522112
198826037918973952
198826038191591426
198826038774599681
198826038208380930
198826038854295552
198826038367756288
198826038883651584
198826038531342337
198826039110156288
198826038791385088
198826039361806337
198826039428915200
198826039449890817
198826038929793024
198826039659593728
198826039743483904
198826039290499072
198826038879457281
198826038913024002
198826040221630464
198826040234229761
198826040410382338
198826040301330433
198826040234217473
198826039777038337
198826040536203265
198826040490074113
198826040783679488
198826040162922497
198826040246808576
198826040175505410
198826040150327297
198826039802200066
198826040624295936
198826040922091522
198826041299574786
198826040716566529
198826041551241216
198826040871763969
198826041781927936
198826041307963393
198826042130038784
198826041400229889
198826041773539328
198826042360725504
198826042356535296
198826042570448897
198826042662731777
198826042662727681
198826042390102016
198826042369126400
198826043036016640
198826043266699266
198826043367362560
198826043388334080
198826043526758402
198826043455447041
198826043077959680
198826043136671744
198826043308654592
198826043925217281
198826043325427712
198826043338010624
198826043916816386
198826044202029056
198826044667592704
198826044021686272
198826044743090177
198826044810199041
198826045212860416
198826045011542016
198826045548408833
198826045334491137
198826045900722178
198826045829423104
198826045997187072
198826046039134208
198826046043336704
198826046160777216
198826045653262336
198826046240473088
198826046290788353
198826045686808576
198826046634721282
198826046584406020
198826046282407936
198826046819274752
198826046773141505
198826047108689921
198826046848634880
198826047008014338
198826047276457985
198826046924128258
198826047779778561
198826048014647296
198826048589283329
198826048429891585
198826047381315585
198826048769634304
198826048698335232
198826048945799169
198826049029685248
198826048442482689
198826049151303681
198826048752844802
198826048853520387
198826049373601793
198826048761241600
198826049474269184
198826048929021953
198826049440718848
198826049461698561
198826049692381184
198826049830793216
198826049889509376
198826050162135040
198826050346696704
198826050359279616
198826050342494209
198826050535440384
198826050514456576
198826050573180928
198826050543816705
198826050850009088
198826050980036608
198826050992619520
198826051013574657
198826051198136320
198826051420438528
198826050942271489
198826051596599296
198826051231694848
198826051743399938
198826051596599297
198826051307184128
198826051332349952
198826052154429440
198826052246712321
198826051818885120
198826052326391808
198826052263481345
198826052305428480
198826052343169025
198826052351569920
198826052666130433
198826051936337921
198826052695502848
198826053043617793
198826052745834496
198826053265915905
198826053496602624
198826053563719680
198826053488214017
198826053291081730
198826054138347520
198826053643419649
198826053953785856
198826054373212162
198826054369030145
198826053551128578
198826054012502018
198826054436130816
198826054612299778
198826054419357697
198826054704570368
198826054889111552
198826054792654849
198826055237251074
198826054679412738
198826055463735298
198826055652491265
198826055723790337
198826055992213505
198826056076107777
198826056151597057
198826056080297985
198826056252260352
198826055769923586
198826056445206528
198826056441016320
198826056269041665
198826055925104640
198826056101277696
198826056713650176
198826056722022401
198826056810110976
198826057007251456
198826056461991938
198826056474566657
198826057296654336
198826057011441664
198826057078546434
198826057577664513
198826057074343936
198826057321807873
198826057716084736
198826057871261696
198826057795780608
198826057917407232
198826057481207808
198826057963544576
198826057888047105
198826057376333824
198826057594445824
198826057896443904
198826058445881344
198826058424909824
198826058676584448
198826057992900608
198826058479435778
198826057376350209
198826058601082881
198826058701750272
198826059075043328
198826058714324993
198826058743681024
198826059309907968
198826059175694337
198826058735304704
198826059548987392
198826059272163330
198826059796447232
198826059389599744
198826060085866497
198826059741925377
198826060069076995
198826060371066880
198826060404633600
198826060341706752
198826060689842176
198826060735979520
198826060824059906
198826060845023233
198826060475940864
198826060496904194
198826060471742465
198826061256077312
198826060492705792
198826060706619394
198826061386104832
198826061339967489
198826061771964417
198826061855854592
198826061197348868
198826061604192257
198826061620985856
198826062191403008
198826062346600449
198826062745042944
198826062820556800
198826063101558785
198826063034454017
198826063462268928
198826062984122369
198826062854107136
198826063223209984
198826063705554945
198826063181266946
198826063797813248
198826061935554561
198826063835566080
198826064238227456
198826064393416704
198826064435351553
198826064506658816
198826064796069888
198826064456327170
198826064464711681
198826064242409472
198826064611520512
198826064905125889
198826065425215491
198826064947060737
198826065056116737
198826064888332289
198826065622351872
198826065819480064
198826064997384192
198826065785925632
198826065903370240
198826065555238912
198826066029182976
198826066368921600
198826066150821888
198826066352156673
198826066045968384
198826066356346880
198826065542651905
198826066821910529
198826067073564673
198826067136495616
198826067128107010
198826067245531136
198826067354595330
198826066679308288
198826067572695040
198826067530747904
198826067191005186
198826067736276992
198826067857899521
198826067962765312
198826067853709312
198826067501391874
198826067799179266
198826068268957697
198826068570947584
198826068558356481
198826068378005504
198826068055048195
198826068277329921
198826068763885568
198826068394786817
198826068801617922
198826069053284354
198826069376245761
198826069153955840
198826069502083074
198826069602734081
198826069535629312
198826069548208129
198826068810010624
198826069086838784
198826069791485952
198826069372059648
198826069183311872
198826069887954947
198826069946662912
198826070164770816
198826070210908161
198826070366093312
198826070793916416
198826070043144192
198826070743588866
198826070894587904
198826070814883840
198826070504509440
198826071049773056
198826071167221760
198826071242715136
198826071200759808
198826070919753728
198826071532122112
198826071603421184
198826070521298944
198826071196569600
198826071876055040
198826071800561664
198826071729258496
198826071804739585
198826070785531904
198826071766994944
198826071989288960
198826072672964608
198826072761040896
198826072777818113
198826072861720576
198826072576491521
198826071985106945
198826072631021568
198826072920428544
198826073079816193
198826073167900672
198826072966565889
198826073184673793
198826073687986176
198826073109172225
198826073973207041
198826073935450115
198826073952235520
198826073612484608
198826073532809216
198826073985794049
198826074258415617
198826074208079873
198826073474088961
198826074396831744
198826074103222272
198826073771880449
198826074468126721
198826074598158336
198826073939656704
198826074447155200
198826074879176706
198826074380054528
198826074895953920
198826074883375105
198826074828832770
198826075059535872
198826075038552065
198826074954674177
198826074753335296
198826075193749504
198826074971447297
198826075277639682
198826075315376128
198826074858201088
198826075617374210
198826075617378304
198826075969683456
198826075579625473
198826075965497345
198826075491540994
198826076112293888
198826076120694784
198826075118247936
198826075747385344
198826075910971393
198826075969687552
198826076556898305
198826076053585920
198826076590448640
198826073235009537
198826076078739458
198826076640788481
198826073889312768
198826076821127168
198826078255591426
198826078297538560
198826078284955648
198826077618061314
198826078188474368
198826078784069632
198826078792462337
198826079090262016
198826079132188676
198826079299964930
198826079333523456
198826079316750336
198826079631314944
198826079887179776
198826079891361792
198826080117862401
198826080239501312
198826079878787073
198826079820066816
198826080465977344
198826079299977217
198826079744569346
198826080570847233
198826080604401664
198826080923156480
198826081350987778
198826081342603264
198826080755400704
198826081560694787
198826081271291904
198826081648779265
198826081883664386
198826081938178048
198826081296461824
198826080717647873
198826081594257410
198826082433122304
198826082357612545
198826082475048961
198826082785431552
198826082336649216
198826082856734720
198826082529591296
198826083053875200
198826082454093825
198826083137765377
198826083238420481
198826082915450880
198826083381035011
198826083431354369
198826083460710401
198826083431366656
198826083498459136
198826083397799937
198826083221635072
198826083003535361
198826083708186624
198826083766910976
198826083511054336
198826083712380928
198826084278603777
198826083762716672
198826083901124608
198826084752568321
198826084719013888
198826083179708417
198826084773539840
198826084106637313
198826085171990529
198826085293629440
198826084693852160
198826085402681344
198826085478174720
198826085297823746
198826085952143360
198826085281042434
198826086153469953
198826086174441474
198826086056992770
198826086493192193
198826086363172865
198826085595619328
198826085960527872
198826086103134210
198826086367375363
198826087017492482
198826087013302272
198826086174441472
198826087143321600
198826086765821953
198826087319486464
198826087189458945
198826086807777282
198826087550156801
198826086497394690
198826087759888385
198826087780859905
198826087692763136
198826087915065346
198826088040906752
198826088137375745
198826088217067520
198826088347086848
198826087915061249
198826088615510016
198826088686813185
198826088670052352
198826088938483713
198826089576013824
198826089525690369
198826089559232512
198826089865416704
198826088355471360
198826089223692288
198826089861222400
198826090389700608
198826089743794176
198826090200973315
198826090502946816
198826090733645824
198826090771394563
198826091010461696
198826090381316096
198826090985304065
198826090922389505
198826091132092416
198826091262124033
198826091387944960
198826091610243074
198826091119509504
198826091954180096
198826091983552512
198826091476025344
198826092105183234
198826092126146560
198826091467653123
198826092126142465
198826092541386752
198826092512030721
198826092549775360
198826092562358273
198826092679806976
198826091778023425
198826092386205696
198826091857715200
198826092725944320
198826092734328833
198826092885327874
198826092478464000
198826093187317761
198826093355089920
198826091723497472
198826093757743105
198826093522857984
198826093346701312
198826093803868162
198826093568987138
198826093485109249
198826093673848832
198826093845823490
198826094063927297
198826093808070656
198826093959061508
198826094110048257
198826094642733059
198826094818897920
198826094806310912
198826094760177666
198826095238332416
198826095448047616
198826095397715969
198826094869225472
198826094823088129
198826095628398592
198826095724863488
198826095297040385
198826094164590593
198826095661957120
198826095821340675
198826096307875841
198826096077193216
198826096010076160
198826096534372352
198826096165257217
198826096685350912
198826096798597120
198826097108992001
198826096597270528
198826097331290112
198826096769241088
198826095762612224
198826096085565440
198826097427742720
198826097276747777
198826097612304385
198826097629069313
198826097264168960
198826098128199680
198826095959736321
198826098224660482
198826098446958593
198826098518278144
198826098342109184
198826097910087680
198826098711216128
198826098409218048
198826098300162049
198826099147415555
198826098677649409
198826099277443072
198826099256467457
198826098736377856
198826098992222208
198826098920931329
198826099747209216
198826099583614976
198826099730432000
198826099797536769
198826099894009856
198826099260669952
198826099407458305
198826099403276289
198826100451844097
198826100451840000
198826100523151360
198826100586061826
198826100913209344
198826101080993792
198826101135515648
198826101156491266
198826100774813696
198826101336838144
198826101693358080
198826101848555520
198826101970190338
198826102096011264
198826101412339712
198826101978574849
198826101877907457
198826101970178049
198826101735309314
198826101974372353
198826102427357184
198826102398009344
198826100825128960
198826102637084672
198826101684977666
198826102284759040
198826102981013504
198826102968430592
198826102498668545
198826103077478400
198826103207497728
198826102662242304
198826102431551489
198826103312351232
198826102922280960
198826103069097987
198826104264466432
198826104482566144
198826104079925248
198826104713265154
198826104172199936
198826104105082882
198826104339968001
198826104130252802
198826104889409536
198826104453210112
198826104721653761
198826105304649729
198826104973307904
198826105275301888
198826104327372804
198826105623416834
198826105283690498
198826105698914305
198826105963155456
198826106055442432
198826106084794368
198826106143518721
198826105879277569
198826106109960192
198826105824747520
198826105753444353
198826105631809537
198826106365816832
198826106500034560
198826106458095616
198826106651025408
198826105900244992
198826106596499456
198826106567131136
198826106445508608
198826106906886145
198826106386792449
198826107267584000
198826106533576706
198826107406000130
198826107544408064
198826106982371328
198826107540221952
198826107124973568
198826107808661504
198826107481501696
198826107854794753
198826107540209664
198826108110651392
198826107691204608
198826105120096256
198826108257439746
198826108047724544
198826107829628928
198826108131622914
198826107917697024
198826108584591361
198826108647505920
198826108727197697
198826107766714368
198826108681068544
198826108450381826
198826108488126465
198826108525875201
198826109016621056
198826108743987200
198826108660097024
198826108798509056
198826109465411584
198826109532516352
198826108785934337
198826109545091074
198826109289234433
198826109314408448
198826108391657474
198826109389910016
198826109993885696
198826110308454401
198826108773347328
198826110807576577
198826110312656897
198826110732083200
198826109863870464
198826111277334529
198826111319293954
198826110933401600
198826110782414850
198826111038267392
198826111629660161
198826110937608192
198826111680004098
198826110656585728
198826111940042754
198826111877136384
198826111864541184
198826111726141440
198826111499640832
198826112283983875
198826111575130115
198826111684194304
198826112422395904
198826112518864897
198826112472711168
198826111101186048
198826112443367424
198826113118650368
198826113173168129
198826112732758018
198826113487740928
198826113449992192
198826113563230208
198826113512902656
198826112615333888
198826113416441859
198826113546452992
198826113873620993
198826113512902658
198826114045587456
198826114062360576
198826114255290368
198826114343387136
198826113949122561
198826113873608705
198826114423066624
198826114448228353
198826114376929280
198826114771193858
198826115056410624
198826115215794176
198826115387752449
198826115576496129
198826115006083072
198826116130148352
198826116285341697
198826115693953024
198826116314697728
198826116406972416
198826113500323841
198826114632790016
198826116104990722
198826114733453312
198826116688003072
198826113462566912
198826115421315072
198826116595720192
198826116994170880
198826117065478144
198826117287784449
198826116696391680
198826117442969601
198826117371662336
198826116994174976
198826117472333825
198826117543632896
198826116901900288
198826117568790528
198826117690433536
198826117791088641
198826117036126208
198826117925322753
198826118067912704
198826118239891456
198826118365716480
198826118072119296
198826118386692096
198826118525104128
198826118793527296
198826118088884226
198826118890000386
198826118319570944
198826118164398080
198826118441209858
198826118822895616
198826118663503874
198826119347179520
198826119531724800
198826119426867200
198826119657566208
198826119674339328
198826119636582401
198826119754039296
198826119795970049
198826120202829824
198826120085389312
198826120387379200
198826120169263104
198826120890687489
198826120878112768
198826120953610242
198826121024913408
198826121054261249
198826121117179904
198826121280753665
198826120672587776
198826121339486208
198826121599533056
198826120924237824
198826120051818499
198826121704390656
198826121490464768
198826121633071104
198826122274816001
198826121800855553
198826121901514753
198826122073489410
198826121805037569
198826122673262592
198826122635517952
198826121905717250
198826122543243266
198826123071721472
198826121024909313
198826123767988224
198826123105271808
198826123554074624
198826123931553792
198826123717640192
198826124065767425
198826122220281856
198826123868635137
198826124455849984
198826124757831680
198826124246138880
198826124338401280
198826125101760513
198826125206618112
198826125370200064
198826124980133890
198826125546356736
198826124548116480
198826125651226624
198826125399556096
198826125617664002
198826126079037440
198826125709946880
198826126385221632
198826126100017153
198826126557200384
198826126167121920
198826126251012097
198826126783692801
198826126703996928
198826126750126081
198826126179696641
198826126230028290
198826126989213696
198826126615904256
198826126813036544
198826126829817856
198826126892736512
198826127173750784
198826127052120065
198826126586556417
198826127261839360
198826128000024576
198826127870013441
198826127786119169
198826128327188480
198826128587235328
198826128457203712
198826128377528320
198826128855678976
198826129002467328
198826128696283138
198826129023434752
198826129191223297
198826129140887552
198826129103142913
198826129065390081
198826129304461312
198826128864051201
198826129551933441
198826129623232512
198826129635819520
198826129774215168
198826130415955968
198826130596306945
198826130675998720
198826130323681282
198826130646630401
198826130734714880
198826130487263234
198826131145756675
198826131208683520
198826131602939904
198826131531636736
198826131540029440
198826131527434241
198826131896532994
198826132362104833
198826131925897219
198826132018180096
198826132202725376
198826132945117186
198826133087723520
198826133301641216
198826132601192448
198826132869623811
198826133641367552
198826133402304514
198826133817540609
198826133985312768
198826130394984450
198826133544894464
198826133414887424
198826134299869184
198826134148878336
198826133230325762
198826133297430529
198826134425710594
198826133909807104
198826134744473600
198826134991945728
198826135021297665
198826135142932480
198826135356841985
198826135012900864
198826135369428992
198826135650435073
198826135587524609
198826135600107520
198826135872749569
198826135906295808
198826135755304960
198826135503634432
198826136065671170
198826135956635648
198826135453302785
198826136065687552
198826135809826817
198826136141176832
198826135453319168
198826136065679361
198826135671414784
198826136246030336
198826136262807552
198826135260372993
198826135449120769
198826135809830912
198826136648683523
198826136531243009
198826136527044608
198826136715796481
198826136753537024
198826136673853442
198826136841617408
198826136862597121
198826136560599040
198826136917114880
198826137172971522
198826136267010048
198826137256869889
198826136959066112
198826136837435394
198826137340751872
198826136808062976
198826137332363264
198826137550471170
198826137797918720
198826137353322496
198826137802117121
198826137701457921
