198816826908610560
198816827416117249
198816827688763392
198816827428708352
198816827424505857
198816828313702401
198816828854767617
198816828649246720
198816828326285312
198816828934459394
198816829362290688
198816829739761664
198816829567811587
198816830842871808
198816831077748738
198816830683488256
198816830360518656
198816831887245312
198816831111315456
198816832256348160
198816832503820288
198816831761416193
198816832990359553
198816832860327938
198816831492988930
198816833510449152
198816833715961860
198816833237815297
198816833401405441
198816833262981120
198816834269626369
198816834353496065
198816833711783937
198816835410468864
198816834596765696
198816835519512576
198816834559029248
198816836119298048
198816836710694914
198816836916219904
198816835771170816
198816836475817985
198816837377597440
198816838401015808
198816838367461377
198816838598135809
198816839684464640
198816839994839040
198816840682708993
198816840846290944
198816840301035521
198816841148284934
198816841307664384
198816842683392000
198816843522256896
198816843455148033
198816844088492032
198816844818296833
198816845145448450
198816845950754816
198816846105948160
198816846131105793
198816846324047873
198816845552304129
198816846332436480
198816847120965635
198816846500216833
198816847343267840
198816847020302337
198816846214991874
198816847540396032
198816847804628992
198816848836427778
198816849016791040
198816849020985345
198816848886759424
198816849939546113
198816850375745536
198816850426077184
198816851222994945
198816851814400001
198816851772440576
198816852095418368
198816852204466176
198816851923443712
198816851164278784
198816852443533313
198816852988805124
198816853085270018
198816853697642496
198816853919932417
198816854083518465
198816854163197952
198816854653927424
198816854570045440
198816855081762817
198816855748640769
198816854804938752
198816857107599360
198816857015324673
198816856960798720
198816857975828480
198816858021965825
198816858118422529
198816858101645312
198816858416222210
198816858168770562
198816858990854144
198816857652867072
198816859401883649
198816858927923200
198816858848231424
198816860244942848
198816857527033856
198816860081364992
198816861129940992
198816860903452672
198816861872336896
198816862555996160
198816862161731584
198816863252254721
198816864317616128
198816864426668032
198816864548306944
198816864741244928
198816864959336448
198816865332637697
198816865429098498
198816865756266496
198816865940811776
198816866326679553
198816866158911488
198816866515431425
198816867090046977
198816867131985920
198816866343469057
198816867194912771
198816867048099841
198816867471736832
198816868105076737
198816868142825472
198816868147011584
198816868142809091
198816869027807232
198816869032005632
198816869883453441
198816870084780032
198816864493780994
198816870495821825
198816870701350914
198816870340624385
198816871196274688
198816871196266496
198816870973964288
198816870789423104
198816872450359297
198816871573757952
198816872190324737
198816873142435840
198816873326968833
198816874211971073
198816874451058688
198816875344445441
198816875541573632
198816875206017025
198816875751288832
198816876103606272
198816876179107841
198816877072486401
198816877227683842
198816877496115200
198816877772931074
198816877726801920
198816877928120320
198816877751971840
198816879144480769
198816879475826688
198816879366774784
198816879312244738
198816880167890944
198816880016883713
198816880444719106
198816879811379200
198816880549576704
198816880847364097
198816881321316352
198816881505873921
198816882088869888
198816881770102784
198816881669447680
198816881652666370
198816881405210625
198816882252455936
198816882831261696
198816881820446721
198816883347177472
198816883733053440
198816883145842688
198816884102135811
198816884160860161
198816884664180736
198816884731297793
198816883523338240
198816885226225665
198816886551621632
198816887134617600
198816887788929027
198816887260454915
198816888397103104
198816888531333120
198816882676088832
198816889177247744
198816889219190784
198816889475047424
198816889185636353
198816889714126850
198816890360049666
198816890687193088
198816891123417089
198816891173740545
198816891572207616
198816891572199424
198816891974848512
198816892020981760
198816892851458048
198816893128290304
198816894076190721
198816895711977472
198816896374685696
198816896370483200
198816896534056960
198816896810881024
198816896789921793
198816895703597056
198816897800740864
198816897989480448
198816899088384000
198816899369406465
198816899151298560
198816900325707777
198816900929691648
198816900904517632
198816901198131200
198816901495922692
198816904226414592
198816904410959872
198816904553574401
198816904465494016
198816905170141184
198816905623109633
198816905337896960
198816904972996610
198816907409895425
198816907535724544
198816908005490688
198816908148092930
198816908311670786
198816906562637824
198816908928221186
198816908915646467
198816908613660672
198816909377024002
198816909213437952
198816909448318976
198816909905494018
198816910144569344
198816910404616192
198816910526259201
198816910656282625
198816909997768706
198816910866001920
198816912631808000
198816913244164096
198816911725838337
198816914292752386
198816915890765824
198816916188565504
198816916784164865
198816916868038656
198816916905787392
198816917371363328
198816917472018432
198816917526556672
198816917685927936
198816917195202560
198816916192772097
198816917753040897
198816917874683904
198816918872928256
198816918948429825
198816919137173505
198816919996993538
198816919653056512
198816920290590720
198816919581765633
198816921074925568
198816920697446400
198816921636974594
198816921204961282
198816921376919552
198816922249347072
198816922450665473
198816922735869953
198816922165460992
198816922119307265
198816923042070528
198816923474079744
198816922039615489
198816924421992448
198816924375859200
198816925864828928
198816925973872640
198816927022448640
198816927139889153
198816926447845376
198816927609663489
198816928247201792
198816928540790785
198816929618726913
198816929736179713
198816929912332291
198816930101067778
198816930201731073
198816931082547203
198816929757143041
198816931963338753
198816931732656128
198816932508602369
198816932688965632
198816934035333123
198816934354108416
198816935289425920
198816935855665152
198816936874876928
198816936681943040
198816937101369345
198816937638232064
198816938154131458
198816938972037121
198816939299184640
198816938531618816
198816938565189633
198816939596984321
198816940159016960
198816940150632448
198816940989485058
198816941136293889
198816942109364225
198816942440726528
198816942793035777
198816942537195520
198816941480218625
198816943212474368
198816944646918147
198816944374300673
198816944722415616
198816945213149184
198816945225736194
198816945636786178
198816946421104641
198816946546933760
198816947029295104
198816947004125184
198816947570352128
198816948258222080
198816948451164161
198816949218717700
198816949491347457
198816949520711680
198816948941897728
198816949143216128
198816949780742144
198816949428428802
198816950175023104
198816949663318016
198816950267289600
198816949805924352
198816951194238976
198816950674132992
198816951471046658
198816951475253248
198816951852732416
198816952184078337
198816952414777345
198816952209252352
198816952855175171
198816953622724608
198816954365116416
198816954650345472
198816954356727808
198816954016997377
198816954620977152
198816954662912000
198816955497586689
198816955501776896
198816956256763904
198816956575526912
198816956500029441
198816956697149440
198816956852355072
198816957162729472
198816956802011136
198816958047723521
198816958441988098
198816957733154817
198816957993189377
198816958458773504
198816959360548864
198816959771574272
198816960753057792
198816961277341696
198816961633849345
198816962527244290
198816963751976961
198816960417509376
198816963370287105
198816964469194752
198816964251095041
198816965689745408
198816965849124864
198816966306308097
198816963429023745
198816967338110976
198816966952230913
198816967451357184
198816968122437632
198816968768364545
198816968445394944
198816968806113281
198816968806105089
198816969070362624
198816970211209216
198816970102145024
198816970869710849
198816971805032448
198816972903956480
198816972983644160
198816973205934081
198816974346780672
198816974019637248
198816974782996480
198816975076605952
198816975399550977
198816975487635458
198816976095817728
198816976028700673
198816976192274432
198816976045481987
198816978134253568
198816978167808001
198816978343968770
198816978138435585
198816978629165056
198816979409309697
198816979266707458
198816979677753345
198816979598049280
198816980327866368
198816980713734145
198816981472915456
198816981565186048
198816981628104705
198816982429220864
198816982664093696
198816983272267776
198816983318409216
198816984002084864
198816983687503872
198816984291475457
198816984312463360
198816985449111552
198816985411358721
198816986237640704
198816985671405571
198816986615136257
198816986950672386
198816986980040705
198816987084881920
198816988527722498
198816988888436736
198816989274312705
198816989567913984
198816989572120578
198816990029295618
198816990465499136
198816991337922560
198816989651795968
198816991748952064
198816991384043521
198816993317625857
198816993904820226
198816994164875266
198816994496221184
198816995083436032
198816994961801217
198816995221839875
198816994756268033
198816995368644609
198816995850989568
198816995830018048
198816995779682304
198816988133462016
198816996098453505
198816996706631681
198816996702420992
198816996803096576
198816997998460929
198816997792948225
198816998287876097
198816998543724544
198816998459842560
198816998434676736
198816998300454915
198816998967357440
198816997222522881
198816998866698241
198816999449702400
198816999906877443
198817000091418624
198816999692967938
198817000603131905
198817000632483842
198817000380841984
198817001290989568
198817001840447488
198817002008223745
198817002377326592
198817002050162688
198817002184384513
198817002457022464
198817002792566787
198817003719495680
198817004122161152
198817005032325121
198817004554166272
198817005263011840
198817005153955842
198817005544026112
198817006198333440
198817006479355904
198817007137849344
198817006684872706
198817007456616448
198817007607627779
198817007456628737
198817008614256640
198817008219987970
198817009004318722
198817009457307648
198817008966578177
198817009885118465
198817009734131712
198817009578946560
198817010279383041
198817010069676033
198817011051134976
198817011386691585
198817011055341568
198817010799480832
198817011873234945
198817013085380608
198817014016520193
198817015211900928
198817015903948800
198817016214327296
198817016700874752
198817016138825728
198817016994467842
198817017468432384
198817017908834304
198817017543917569
198817018357628928
198817018022084609
198817018932248578
198817019376828416
198817018462470144
198817019393609728
198817020404436992
198817020261826560
198817020563832833
198817020597374979
198817021683712000
198817021738221570
198817021771788289
198817022061191169
198817022660972544
198817023361429504
198817023105568768
198817019938869249
198817024368050176
198817023931842560
198817024628101120
198817024527437825
198817025471168512
198817025458581504
198817025445994497
198817026268086273
198817026066743296
198817026217742336
198817026184200192
198817026951753730
198817027434094593
198817025617960961
198817028172292096
198817028855971841
198817029044715521
198817029099241472
198817030588203008
198817030340743168
198817030852456449
198817031452246016
198817031586455553
198817031938772993
198817032987361281
198817033255788545
198817033830408192
198817034014965760
198817033876537344
198817034648293376
198817034698637313
198817034614743040
198817035365519360
198817036305043456
198817036804169728
198817036254720001
198817036795777024
198817037068410880
198817038712573952
198817036409905152
198817039605968896
198817039702437889
198817039949897728
198817039807283201
198817040117665793
198817040432250882
198817040797143041
198817041166241792
198817042038665216
198817042000912385
198817042017693696
198817039698235392
198817043028512768
198817042491641859
198817038720966659
198817043716378624
198817043821232128
198817043913515008
198817044341338114
198817044270022658
198817044022575104
198817044970487808
198817045675126785
198817045821923328
198817046073573377
198817046480429056
198817046660792321
198817046266511360
198817046841143296
198817047076028417
198817047134736384
198817046862106624
198817048028131328
198817048191700993
198817047881326593
198817048518852609
198817049210920960
198817049265442816
198817049357713408
198817049345134592
198817049370308609
198817049508708352
198817049483550721
198817049563250688
198817049181552640
198817049861038080
198817050330791936
198817050368544769
198817050737651713
198817050674741248
198817049462583297
198817051089965057
198817051190628353
198817050603438082
198817051740078081
198817052402782208
198817052352446464
198817051882696704
198817052574744579
198817052474093569
198817052797059072
198817053384249344
198817052864151552
198817054206332928
198817053606551552
198817054239895552
198817054223118336
198817054663516160
198817055238144000
198817054818701314
198817056282517505
198817056265732096
198817056395771904
198817057012322306
198817056886493184
198817057125580800
198817057238818819
198817057800855552
198817057830215682
198817058459361280
198817058534854656
198817058836840448
198817058828455936
198817059147218944
198817058111229952
198817059067535361
198817059415654405
198817059600207872
198817060460044289
198817060493594625
198817060724289537
198817061043048449
198817062712393728
198817063802912768
198817063253442560
198817063647711232
198817063836454916
198817064348164096
198817064243298304
198817064671121409
198817064813727746
198817065413525504
198817065052815361
198817066273345537
198817066424336384
198817065635819520
198817066558554113
198817067045093376
198817067783307267
198817068408250368
198817069410680832
198817069297442816
198817070010482689
198817070098550785
198817069725265921
198817070635417600
198817071272955905
198817071839186944
198817071751102464
198817072833236996
198817073416253441
198817073957310464
198817074548719616
198817074309632000
198817074922008576
198817074573881344
198817075190448128
198817075685359616
198817076415172608
198817076511637505
198817077191122944
198817077472145410
198817076939472897
198817077644111873
