198791912751235073
198791913854353411
198791913921454080
198791914399608834
198791914923900928
198791915183931393
198791914558988289
198791914672230400
198791914701594624
198791915955691521
198791915792121857
198791916610007042
198791917306249217
198791917377556482
198791917004259329
198791917318844417
198791917142679552
198791918103183361
198791918149308416
198791918006706178
198791917390135296
198791919130775553
198791919285977088
198791919751536644
198791920531681280
198791918732328960
198791919210475520
198791920644931584
198791920141602816
198791919629905920
198791920527482880
198791919634092032
198791921487986688
198791921290850304
198791918942031873
198791919613132801
198791920917553152
198791921018224642
198791921114693632
198791921492168706
198791920972079104
198791922029035521
198791921089519617
198791920712024064
198791921903214592
198791923501244418
198791922880479232
198791923811618816
198791923278938112
198791924730179587
198791924189106176
198791924650479616
198791925032169474
198791925317382144
198791925959106560
198791925854244866
198791925451595776
198791926076547072
198791926495969282
198791925749399553
198791927376773122
198791927590682625
198791927183835136
198791927318069249
198791927729098752
198791927670386688
198791927582306305
198791928110792704
198791928756715521
198791928454725633
198791927984955392
198791928807043072
198791929255833600
198791928966426624
198791929859801088
198791930266648578
198791930635755521
198791930694479876
198791931210375168
198791931105509376
198791930761580545
198791931453652992
198791931550117888
198791931894054912
198791932196032513
198791932204433408
198791932015681536
198791931885649924
198791932154089473
198791932292509697
198791933114589185
198791932594495489
198791933198479363
198791935597613057
198791935752798208
198791935501156354
198791935836700673
198791936222564353
198791936990117891
198791937107574785
198791937145315328
198791937237581825
198791936985939968
198791937363419141
198791938076454912
198791938458124288
198791938068066305
198791937438912512
198791938625912832
198791938873360386
198791938793668609
198791939292798976
198791939217305602
198791939364093952
198791939519287296
198791939909357568
198791939963891713
198791936994328576
198791938110013440
198791941071183873
198791940865658880
198791941398339584
198791941931008000
198791941356388352
198791941557714944
198791942568542208
198791943197687809
198791943080263681
198791943600353281
198791944275623938
198791944669892609
198791944783142913
198791945160638464
198791945475194882
198791945588457472
198791945416491008
198791945512955904
198791946012065794
198791946473451521
198791946779639808
198791947295522819
198791947350048768
198791948033728513
198791948188917760
198791948109234177
198791948511870976
198791948302159873
198791949363331072
198791949715636226
198791949833084930
198791949812109313
198791949627559936
198791949480771586
198791949975699456
198791950026014722
198791950453850113
198791950911025153
198791950751633408
198791950906818562
198791951984754690
198791952035102722
198791952517435393
198791952693592068
198791953536651265
198791953939300352
198791954006409218
198791954773975040
198791955143081985
198791954933358592
198791955667353601
198791955960958977
198791955734478848
198791955164041216
198791955868680193
198791956413956099
198791956980174848
198791956783050755
198791957571584000
198791958280404993
198791957953265665
198791958620143616
198791958238478336
198791957718380544
198791958540451841
198791959157022720
198791959580643328
198791959773593601
198791959660347393
198791959899418626
198791960260128769
198791960633417729
198791959639375872
198791960952180740
198791960864096256
198791960876679170
198791961832988672
198791962122395649
198791961761689601
198791962042695681
198791962139168769
198791963821092864
198791964328603648
198791964232130561
198791964546711553
198791964727066624
198791964945166337
198791965104545794
198791964961947648
198791965515591680
198791965922443264
198791965909848067
198791965746278400
198791966136352768
198791966614487041
198791967054893058
198791967201697792
198791966757105664
198791967675662336
198791967256227840
198791967637905409
198791967788896256
198791967923122176
198791968720044032
198791968522911745
198791969877659649
198791970401955840
198791970066415616
198791970301288448
198791970695548928
198791971018522624
198791970183839744
198791971832217602
198791971697987584
198791971798663170
198791971408592896
198791972641701890
198791972859805697
198791972557819904
198791973237297154
198791973744803842
198791975086993409
198791975242178563
198791974952763392
198791972167753728
198791975829389312
198791975946821632
198791976122974209
198791976852783104
198791976404004864
198791976370454532
198791977649717249
198791977012178945
198791977419014144
198791977922330624
198791977947496449
198791978551484416
198791979532955650
198791980577325057
198791980535386112
198791980891910144
198791977616158720
198791981059670017
198791981068058626
198791981701402624
198791981940490242
198791983051972608
198791982695456768
198791982833876992
198791984004075522
198791983915999234
198791983551090689
198791985010708480
198791984830353408
198791985249796096
198791985832787968
198791984410923008
198791985878937603
198791986243846144
198791985732124672
198791986709401600
198791987095285760
198791987070124033
198791988181606400
198791987393073153
198791988454232066
198791989037252608
198791989112750080
198791989733502977
198791989796405249
198791989599289345
198791989158879233
198791989641224192
198791989687369729
198791990530412547
198791990442340352
198791991365087232
198791992132636672
198791991591571456
198791992740814849
198791993021829122
198791993806168065
198791994062012417
198791994485641216
198791994259144704
198791993952976896
198791994779242496
198791995118989313
198791994821189635
198791995127373825
198791995504852994
198791995991392256
198791995764899840
198791996201115648
198791995907522561
198791995353858048
198791996381466624
198791996784123904
198791997476188161
198791998298263552
198791998126301188
198791998789001218
198791999149707265
198791999799828480
198792000051494913
198791999653036032
198791999850151936
198792000001163264
198792000538021888
198792000378634241
198792000219250688
198792000751943681
198792000168935425
198792001834070017
198792002761015297
198792003255930880
198792003402739712
198792003272708096
198792003776032768
198792005080449025
198792005206294528
198792004862357504
198792005369864192
198792005466341377
198792005667655681
198792006296813571
198792007857078272
198792008154886144
198792007773204480
198792009039884288
198792009698381824
198792009530605569
198792009719361537
198792010763730944
198792011321585664
198792012357574656
198792012495978496
198792012672147456
198792013137719296
198792013179650049
198792013653622785
198792013838163969
198792013322268672
198792014844796929
198792014513442817
198792015096459265
198792014962237440
198792015364898816
198792015390056450
198792015658500097
198792015834652673
198792015897571329
198792015977263104
198792015675277313
198792016006627330
198792012705710081
198792014559580160
198792016900005888
198792017294266368
198792018003116035
198792018460286979
198792018464489473
198792019240419328
198792018942631936
198792020066705411
198792020268032000
198792020326744064
198792020158976001
198792020616155136
198792020578414593
198792021232726018
198792021694087170
198792022507794432
198792022516178944
198792022646202368
198792022402932738
198792022713319425
198792022642003968
198792023342460928
198792023581540354
198792023451508736
198792023266955264
198792023506026497
198792023925456896
198792023988383745
198792024143564802
198792024734965760
198792025661906948
198792025301200896
198792025741606912
198792025812897795
198792025242468352
198792025401864193
198792026450427905
198792026802761728
198792027188625408
198792027138297856
198792027754868737
198792027184443394
198792027746467840
198792028656631809
198792028782473217
198792028866347008
198792030237896708
198792030791540737
198792031294861313
198792031345192960
198792032737701891
198792032683180032
198792033551400960
198792033740144641
198792034117619712
198792033358450688
198792033920499712
198792033991802882
198792034893570049
198792034969067520
198792035333963776
198792034734186496
198792035573039104
198792035153608705
198792035682091008
198792035338174467
198792035845677057
198792036428693504
198792036722294784
198792036214784000
198792036227354624
198792036760043520
198792036713893888
198792037011685376
198792036516757504
198792038320308224
198792038114795520
198792038240628736
198792038970441729
198792039331135488
198792040195162112
198792040773988352
198792040539099136
198792041663172608
198792041528958976
198792041449271296
198792042061627393
198792042757885953
198792042514612225
198792042640441347
198792043357683713
198792043122798593
198792043428974592
198792044125224960
198792044456579076
198792043881971712
198792043932303360
198792044972482560
198792042514624512
198792045337378818
198792045316415488
198792045379321857
198792046247555072
198792045752627201
198792046255931392
198792044280422403
198792046247546880
198792046574702592
198792046864117760
198792046583087106
198792046683754498
198792047925268482
198792047782674432
198792048860594176
198792049510711296
198792049301008387
198792049443602432
198792050529927170
198792050429276160
198792050408300545
198792051775651840
198792051909853184
198792052333481984
198792052778082306
198792053080068096
198792052778086401
198792052408979457
198792052744527872
198792054275457024
198792054464184321
198792055525347328
198792055793790977
198792055315636224
198792051616260097
198792056087384064
198792056137723905
198792055693127680
198792057484095489
198792057500860416
198792058423611393
198792058004193280
198792058230681601
198792057903525888
198792058767548416
198792058679472128
198792058977259522
198792059098894336
198792059841290240
198792059732234240
198792060340412416
198792060785016833
198792060382347265
198792060738871296
198792061191847937
198792060965355520
198792060873089024
198792062013931520
198792063339343872
198792062508863488
198792063658115072
198792063553253376
198792063825874944
198792064652152834
198792064442441728
198792065155481601
198792065671372800
198792066396995585
198792065704919040
198792067122593792
198792067143573506
198792068104073216
198792068221517824
198792068229890049
198792067206488064
198792067948883968
198792068208934914
198792069001654272
198792069530136577
198792069089738754
198792069194596353
198792070054420480
198792070280921089
198792070301876224
198792070792613889
198792070436093952
198792070146703361
198792071132360704
198792071144939521
198792071392403456
198792071518240769
198792072193523713
198792071774085121
198792072617132033
198792072516481026
198792072726183936
198792073154002944
198792073372114944
198792073363722240
198792072747155456
198792073862856705
198792073661521921
198792073615380482
198792074357776384
198792074387128326
198792075423121410
198792075515400192
198792074940792832
198792075305680896
198792075829972992
198792075985166336
198792076916293635
198792077172154368
198792076987604992
198792077738389504
198792077952294913
198792077486723073
198792077537054721
198792077784522753
198792077918732288
198792078761803776
198792078598221824
198792078816317440
198792078963118080
198792077734187008
198792078912798723
198792078594019329
198792079084761091
198792079583870976
198792079881682945
198792079445463044
198792080095580160
198792079957172225
198792080343044096
198792080691175425
198792080259153920
198792080213028866
198792081190297601
198792080720543746
198792081290956800
198792081446146048
198792081324511232
198792081899143168
198792082247266305
198792081995603969
198792082184351746
198792083002236928
198792083090313216
198792083019005952
198792083027410944
198792083866263553
198792084445069312
198792084646395904
198792085330083843
198792085128757248
198792085455912960
198792086563196929
198792086860992512
198792086747750400
198792087146213376
198792087083290625
198792086273794048
198792087246880768
198792087771168768
198792088459034628
198792087964098563
198792089033650177
198792089713123328
198792089872502785
198792089855725568
198792089302081536
198792089721503746
198792090682011649
198792092472967171
198792093085335552
198792092762390529
198792093504778241
198792093710295041
198792093391527936
198792093597044737
198792094159085568
198792093580275712
198792094058414081
198792094884696065
198792094184247297
198792095413186561
198792095719366657
198792096109441024
198792095706787840
198792096453378052
198792096231079936
198792097187373056
198792097019600896
198792097451622400
198792097338376192
198792098080763905
198792098403713025
198792099104161793
198792099590701056
198792099817201664
198792099867533312
198792100232437760
198792100102410240
198792100345675776
198792100383436801
198792101243269120
198792100735750144
198792101243273216
198792101742395392
198792100777701376
198792101402640384
198792101746589696
198792101700448256
198792102283444225
198792103504003073
198792104447721473
198792101834653696
198792104611282944
198792104972001280
198792105580171266
198792105253027840
198792105630507009
198792106557448192
198792105399828480
198792106872016897
198792107589246976
198792107698298881
198792107023015936
198792106733600768
198792108235169793
198792108381970432
198792109493465088
198792110219075584
198792110676262912
198792110701416448
198792111737413633
198792111468982273
198792111057944576
198792112240721921
198792112198791168
198792113394163712
198792114153328640
198792116959313921
198792116569255937
198792116602798080
198792117374550016
198792117642989571
198792117336805376
198792115084468225
198792117848506368
198792118335049728
198792118389579778
198792117940781056
198792118834180097
198792118951624704
198792119626907648
198792119895330816
198792120285401089
198792120235065345
198792120344121344
198792121489166336
198792121556275200
198792121757605889
198792121635975168
198792122072186881
198792122814566401
198792123338850304
198792123582124032
198792123435323392
198792123225612290
198792123284324352
198792124530040833
198792124563591168
198792124454547456
198792124332912640
198792125226299393
198792125633146880
198792126123880448
198792126140657666
198792126627188736
198792126841098241
198792126673330176
198792127549943808
198792128053256192
198792128065843200
198792128388808705
198792129303154688
198792125415043074
198792129349292032
198792129324134402
198792129588371456
198792130246868993
198792130372698113
198792130381103104
198792130515304448
198792130469175296
198792131211563010
198792131349987331
198792131693903873
198792131345784832
198792132037844992
198792132226596865
198792130427224064
198792133094813696
198792132620845057
198792133388406785
198792133270978561
198792133459709953
198792134311149569
198792134852227072
198792135103877121
198792136253128705
198792136626405376
198792136827744256
198792136857104384
198792136936800256
198792136303443968
198792137729507329
198792137976971264
198792138203475968
198792138769711104
198792139927326721
198792140090904577
198792140543897600
198792140690694145
198792140275453954
198792140959137794
198792141701521408
198792142477467648
198792142615875585
198792130821500928
198792143341494273
198792144289415171
198792144398454784
198792144469757952
198792144901783552
198792144880807936
198792145094713344
198792146545938432
198792146680152064
198792147149918208
198792147875545088
198792148156555265
198792148664061952
198792148722790400
198792149184167936
198792149360320512
198792149171576832
198792150094327808
198792150140452865
198792150429868032
198792150845100032
198792151230984192
198792151507795968
198792151386161152
198792150744436737
198792151675572224
198792152002740224
198792152849973248
198792153596571650
198792153693032449
198792153596575744
198792153852416000
198792154875826176
198792155391725568
198792155714686976
198792155442057216
198792156125728768
198792157333692417
198792157270773762
198792157358858240
198792156931031041
198792156956200961
198792157862182912
198792156507422723
198792156826181632
198792158344527872
198792158159978497
198792156377387008
198792159896408064
198792156209614848
198792159682510848
198792160210980864
198792158470352896
198792160420700160
198792160978546692
198792160689135621
198792161678999553
198792161821605889
198792162312331264
198792163025362944
198792162698207232
198792163964878850
198792163767746560
