198861119018909698
198861123309678593
198861122491789312
198861124454715392
198861125268418562
198861126732226560
198861128128925696
198861127470415873
198861128888102912
198861128938438658
198861129521430528
198861130133815296
198861129844396034
198861132264505344
198861133963210752
198861135640936448
198861135032762368
198861135930335235
198861136572067842
198861136672727040
198861137004077057
198861137209593857
198861138233008131
198861138467893248
198861140070117376
198861140753780737
198861143828201472
198861144755142656
198861145191350272
198861144897765376
198861145673699328
198861146571284484
198861146189611008
198861147804405760
198861148643274752
198861149104640000
198861149767344129
198861150635560960
198861151352791040
198861151562502145
198861152078405632
198861154657894401
198861155219939329
198861155601629185
198861155740028930
198861155320598528
198861155731640320
198861156109127680
198861157816213505
198861158369861632
198861159116455936
198861159145803777
198861159468773378
198861159976284160
198861160752230400
198861161603665920
198861161926631424
198861161712721921
198861165277876224
198861165152051201
198861166062223360
198861167144345600
198861167349866497
198861167928676353
198861170604650496
198861170873073664
198861171070214144
198861172630499328
198861174610206720
198861176459894784
198861177500078083
198861178175356928
198861180046016512
198861180134109184
198861179983118336
198861180348010497
198861185230192641
198861185783832576
198861185691549696
198861186580754432
198861190133325824
198861190510813184
198861191437758465
198861192469557248
198861192473751552
198861192419213312
198861194046611456
198861194541547521
198861194898046976
198861194675761152
198861196961648642
198861197053935616
198861197007798272
198861199511781376
198861201575378944
198861203412500480
198861203320213505
198861205744517121
198861206373662720
198861207925559296
198861209460674561
198861209632649218
198861209825583104
198861210584760321
198861211645902848
198861209901080576
198861213692723201
198861213071966208
198861216284803072
198861216976863232
198861216922353664
198861219111768064
198861219266961408
198861219531202560
198861219057246208
198861219673800704
198861219946442753
198861223717117953
198861224954437633
198861225935908865
198861227106115584
198861228288917504
198861228272132096
198861231212339201
198861231153627136
198861231199752193
198861232688734208
198861232688742401
198861233884106752
198861233527599104
198861233766670337
198861234152538112
198861236912402433
198861238661431296
198861239898742789
198861240829878272
198861240876011520
198861241408684032
198861241312227329
198861242335633408
198861242100744192
198861243195465731
198861243287744513
198861243174486017
198861243338080258
198861243514236929
198861244894154752
198861244730589185
198861245686886400
198861243757498368
198861247473664000
198861247813398528
198861250720043008
198861251445653504
198861252460675072
198861254855630849
198861254687866881
198861255627386881
198861255732236288
198861252645236736
198861256491417600
198861256818556928
198861261117718528
198861261805596673
198861262677999616
198861263227453442
198861263051296768
198861265966333952
198861265626595328
198861267706978304
198861266331250688
198861268709412865
198861268688437249
198861270009655296
198861275407716352
198861276598902784
198861277228052480
198861277727178753
198861275395129344
198861278113042432
198861280176652288
198861281573339136
198861282428977152
198861282399617025
198861282932293632
198861282986823682
198861283632750593
198861284425465856
198861284589056000
198861284492587008
198861284089925632
198861286698778624
198861286807838720
198861287621529600
198861288162594816
198861288779153408
198861288510730241
198861289504776193
198861290557542400
198861291052478464
198861291027316736
198861294470832128
198861294592466947
198861295020281856
198861294995111936
198861293854269442
198861295624257537
198861296412786689
198861296605741057
198861297524293633
198861297801105408
198861298203754496
198861299642400768
198861301005553664
198861300732928000
198861300930068482
198861301047496704
198861301722783745
198861302083497984
198861302158999553
198861302754590720
198861303882858496
198861305191464961
198861304847548418
198861305304723457
198861311357104129
198861311839453185
198861311927517185
198861313244528640
198861313273905152
198861314213412864
198861317736640512
198861318235758593
198861319263354882
198861320924303360
198861321775751169
198861323294089216
198861323453476864
198861324111982592
198861325886169088
198861328197230595
198861328889286656
198861329287745538
198861329426169856
198861329497468929
198861330948694016
198861330428608513
198861331296817152
198861332039213058
198861332764835840
198861334107004931
198861336497750017
198861336682299392
198861337256919040
198861337667969026
198861337575702528
198861340490735616
198861340574621696
198861342814371841
198861344747954178
198861345037369344
198861344739557376
198861345398075392
198861346102718465
198861345263857664
198861346056568832
198861347063205888
198861347478446080
198861347348418560
198861349399429120
198861350305406977
198861351081349121
198861350770966528
198861351945371649
198861350330580992
198861353354665985
198861355728650241
198861358291365888
198861358744342529
198861359537078272
198861360736632833
198861362313699328
198861365551702016
198861366721916930
198861369624375297
198861369746010112
198861369137831936
198861370232537088
