198812296947040256
198812297098035200
198812297462951936
198812297504882688
198812297098051584
198812297882370049
198812298196946944
198812298503135232
198812298763173889
198812298788343808
198812299153260545
198812300050825216
198812299920801792
198812300549955585
198812300508012547
198812300470259712
198812300889686017
198812300667400193
198812300742897665
198812301485277184
198812301887946755
198812302030548992
198812301862776833
198812302844239873
198812300520603648
198812302542254080
198812302328332288
198812303242694656
198812303452409856
198812302747762689
198812303754407938
198812302777139201
198812301887946752
198812301141352448
198812304320634880
198812304618426368
198812303922184193
198812304706514945
198812305029472258
198812304819752960
198812303435632640
198812302617747457
198812304123498496
198812303787950082
198812304526163968
198812305658609665
198812305465679872
198812306153549826
198812306149359616
198812306401001472
198812306447138816
198812304895254528
198812306711379969
198812306862383104
198812306954657792
198812307206316032
198812306979823616
198812307747381249
198812307827077120
198812306161938432
198812308452020224
198812308263272448
198812308728848385
198812308221337601
198812308833714176
198812308942757890
198812308946960384
198812308556873729
198812309286694912
198812309303472128
198812309978742785
198812310511427584
198812310259765248
198812310196846592
198812310960226304
198812310935052288
198812308649156608
198812310763081728
198812311492898816
198812311522246657
198812309357985793
198812311652274177
198812311383851008
198812311685828608
198812311836819457
198812311912321024
198812311585173504
198812312151396352
198812312361111552
198812312046538752
198812312734412800
198812311597756416
198812312952520704
198812313111904256
198812313745235968
198812312990253056
198812313598435328
198812313380323328
198812314282102786
198812313606828032
198812314290487296
198812313774587905
198812314500206593
198812314814791680
198812314990948352
198812315007717377
198812314865115136
198812315288735745
198812315431342080
198812315641069569
198812315783659521
198812315846590465
198812315624288258
198812316203089920
198812316236656641
198812316328927232
198812316463136768
198812316702216194
198812317218115584
198812316509290497
198812317448802304
198812317872427008
198812317566238720
198812318220566529
198812314839941121
198812318803558400
198812318753239041
198812319214608384
198812319025856512
198812319759867905
198812319738892288
198812320024100864
198812320145739776
198812320380628992
198812320837808129
198812321362092032
198812321412431873
198812321664090112
198812321781526528
198812321047519232
198812321089462272
198812321383071745
198812321957675009
198812322062548993
198812321294991361
198812322100293632
198812322582630401
198812323211780096
198812323501182978
198812322922373120
198812323920609281
198812322423250944
198812324172275712
198812323966750721
198812323782201347
198812323899641856
198812324621070336
198812324251959296
198812324079992832
198812324788846593
198812324876918785
198812324755279873
198812324939837440
198812324969189377
198812324663017472
198812325652873216
198812325115990017
198812325707399170
198812326026158081
198812326080688128
198812326114230272
198812327108288512
198812326642728960
198812327204757506
198812326743379968
198812327703871488
198812328018460672
198812327049576450
198812328223969280
198812328353992704
198812328672768001
198812328257536001
198812328509194241
198812328794398720
198812329306107904
198812329184460800
198812329335463937
198812329050247168
198812329012502531
198812329691979776
198812329893306371
198812329901690883
198812330258219008
198812329494855681
198812330199490560
198812330421780480
198812330375655424
198812330342100992
198812331021565953
198812331654918144
198812331264835585
198812332179197954
198812332313411585
198812332812541952
198812333596884992
198812333668171777
198812333965975552
198812334049869824
198812334083424256
198812333693345792
198812334263775232
198812333802401793
198812334624477185
198812334775468034
198812334699978755
198812334876147714
198812334297325569
198812335169748993
198812335161348096
198812334670626818
198812335178121217
198812335262015488
198812335052304385
198812334720950273
198812335752744960
198812336042151937
198812335983431681
198812336482549761
198812336398680065
198812336553857025
198812336675504128
198812337208168448
198812336797130752
198812337669550080
198812337577263104
198812336767766528
198812338172862464
198812338437099520
198812338877501441
198812338932027392
198812338357420033
198812338927833088
198812339062063106
198812338994937856
198812339124969472
198812339267575809
198812339326296064
198812339519238144
198812339179499522
198812340362293248
198812341163409409
198812341314404354
198812341457006593
198812341339557888
198812341721247745
198812342442668032
198812341855461376
198812342035824641
198812342581080064
198812341666709504
198812342467833859
198812342723682305
198812342774022144
198812342945980416
198812343327666176
198812343830974464
198812343445098497
198812343415750657
198812344376246272
198812343856140289
198812344577556480
198812343914868737
198812343222796288
198812344120377344
198812345156386817
198812345051516928
198812345349316608
198812345160572929
198812345806503936
198812345521274880
198812346376916993
198812345810690048
198812346829897728
198812346846674944
198812346850881536
198812347039617024
198812346750205952
198812347538743299
198812347786211328
198812347823951874
198812347983331329
198812348125949952
198812348297916419
198812347794599936
198812348759277568
198812348415356930
198812348985774082
198812348507631617
198812348859957248
198812348511817730
198812349300359169
198812349384228864
198812349535236097
198812349531045888
198812349174513664
198812350168576001
198812350546051075
198812350650912768
198812350789328897
198812350671884288
198812351150043136
198812351762415616
198812351795965953
198812351309422593
198812351884038144
198812351342985218
198812352886484992
198812353033277441
198812353243000833
198812353054248961
198812353477877760
198812353159102464
198812353620484098
198812352878088192
198812353171689472
198812354090246144
198812353997979648
198812353205256192
198812354274799619
198812354404814848
198812354123796480
198812354555813889
198812354237042688
198812353960230915
198812354350288896
198812354874572800
198812355046539265
198812355096887296
198812354639708163
198812355499540480
198812355474366464
198812355616964609
198812356233531392
198812356141260800
198812356338388993
198812355994451968
198812356283871233
198812356149657604
198812356921405440
198812357076598784
198812356808146946
198812357533761538
198812357055623168
198812357605076994
198812357210808322
198812357701550081
198812358112587779
198812358309715969
198812358234214401
198812358494257152
198812358552993793
198812359035338753
198812359031144448
198812359106641920
198812359580590081
198812360268451840
198812360310390786
198812360302018560
198812360239091712
198812359962267651
198812360482357248
198812360562061313
198812357135302657
198812360926961664
198812360604000256
198812360482369536
198812361749049345
198812361941983232
198812362994757635
198812363716173825
198812363695206400
198812360885018625
198812363636486146
198812363548405760
198812364529868800
198812364873797632
198812365049970688
198812364378869760
198812365016416256
198812365565861889
198812366069170177
198812365410668545
198812366287273984
198812366727680001
198812365108686849
198812366736064512
198812367189049348
198812367025487873
198812367432327170
198812367084199936
198812367323271169
198812367608492032
198812367293923330
198812367222607873
198812368082436097
198812365750407168
198812368006942720
198812365796556801
198812368527044608
198812367893692418
198812367759478785
198812368250208256
198812368959062017
198812369168777216
198812368451547136
198812369793728515
198812369839849472
198812369474957312
198812369818882048
198812370330591232
198812370313814016
198812370552897536
198812370888425473
198812371123318784
198812371370774528
198812370733248513
198812371282706433
198812371379171328
198812371047825408
198812371253329920
198812372276756480
198812372117356546
198812372859764736
198812372826202112
198812371983151104
198812372985585665
198812373363073025
198812372603904000
198812373417594880
198812373551816707
198812373799280640
198812373904134144
198812373602140161
198812373820260353
198812374424227842
198812375145660416
198812375254695937
198812374906580994
198812375758024706
198812376097767426
198812375980318720
198812376190038017
198812376794021889
198812377062453248
198812377028902912
198812376387170304
198812377272164352
198812377712570369
198812377666433024
198812377163116544
198812377460912128
198812377431556097
198812377548988417
198812378081665025
198812378236846080
198812378169753600
198812377414766593
198812378857615360
198812379084107776
198812379444822016
198812379465777152
198812379180564480
198812379180568578
198812378815668225
198812380208181249
198812378266206208
198812380942172161
198812380774412289
198812380778610688
198812381705543680
198812378291372033
198812381802016768
198812381323853827
198812382057857024
198812381705539584
198812382259187714
198812382280167425
198812382947065856
198812382959640577
198812380245921795
198812383194525696
198812383504891905
198812383337119744
198812383613956098
198812383584587778
198812383798509569
198812383970471936
198812384222130177
198812384482172928
198812383957884928
198812384322793474
198812385006456833
198812384532500480
198812385539137538
198812385593659392
198812385023242241
198812385841123330
198812386134728704
198812386210222082
198812386340245506
198812386357018624
198812386076012546
198812386029875200
198812386524798976
198812386998755330
198812388236075010
198812387757932546
198812387808264193
198812388156379136
198812388458369024
198812388756168706
198812389284655104
198812389515333633
198812389423058945
198812390836551680
198812390941405184
198812390291283969
198812390920429568
198812390891077634
198812391901900801
198812392069660674
198812391792836608
198812391620886528
198812392107413506
198812392539422720
198812392728182785
198812392275189760
198812393097273345
198812393462181888
198812393193750529
198812393512509441
198812393504124931
198812393738997760
198812393885794304
198812394015830017
198812393487351808
198812394363953155
198812393940332545
198812394070355968
198812394036805634
198812394053574656
198812394259091456
198812394129072128
198812395148288000
198812395253145601
198812395399946240
198812395072790529
198812395081187328
198812395337031680
198812395706126336
198812395408338944
198812396125564928
198812395966185473
198812396419170306
198812396385603584
198812397127999488
198812396851179520
198812396876345344
198812396704370691
198812397132185600
198812397450960896
198812396830212097
198812395353808896
198812397471940610
198812397383856128
198812398537277441
198812398549860352
198812397975252993
198812397719396353
198812398822506496
198812398432436224
198812398969298944
198812399086735360
198812400290512900
198812400458272769
198812399921401857
198812400814800896
198812401045475328
198812400370204672
198812401196482562
198812400860934144
198812401557184512
198812401657856000
198812402274414592
198812402450575360
198812401985011712
198812402060496896
198812403104878592
198812403100696577
198812403461390338
198812403071328256
198812403826302976
198812403817906176
198812403822108673
198812403801145344
198812404556120065
198812404962959362
198812405143322625
198812405160083459
198812404468027392
198812404379942913
198812405306884096
198812404971356160
198812405596291072
198812404719697921
198812405839564801
198812405688582144
198812406229643265
198812405881511937
198812406523232256
198812407110447106
198812407169163265
198812407823474688
198812408045772800
198812408192573440
198812407731200001
198812408096112640
198812408494555140
198812408310005760
198812408343568387
198812408989499393
198812408788164608
198812409283092480
198812409266307072
198812409899651072
198812409861906432
198812410449113090
198812410738520064
198812410637860864
198812409245339649
198812411292164096
198812411598352385
198812411736752128
198812412147802112
198812412307185666
198812411904536577
198812411757735936
198812412374286337
198812412936323073
198812413242519552
198812412672094208
198812413250912258
198812413443837955
198812413942968322
198812414379180032
198812414349811712
198812413670326274
198812414412718082
198812413875855361
198812414823759873
198812414974771200
198812414689546241
198812415117369346
198812415813627904
198812415922675712
198812415104790528
198812416614731777
198812416144965632
198812416342110208
198812417432616960
198812417571033089
198812417885618176
198812418003054593
198812417659109377
198812418778996737
198812417868840961
198812418997100544
198812419005480960
198812419580104705
198812419697541120
198812419953393664
198812420112777217
198812419705937922
198812419856932864
198812420402188290
198812420804845568
198812420087627776
198812420196675584
198812420662235136
198812421165551618
198812421664673793
198812421719195649
198812421589176320
198812421719207936
198812420905517059
198812422058942465
198812422004420609
198812422839074816
198812423099125761
198812422285438978
198812423053000705
198812422692290560
198812423598243841
198812423292059649
198812423581478912
198812424143511554
198812423904428033
198812424437116929
198812425343078400
198812424617459713
198812425393405952
198812424328065024
198812425993199616
198812425544413184
198812426202906625
198812426009980929
198812425858973697
198812426232279040
198812426270019585
198812426983063552
198812427092111360
198812427238907905
198812426861424640
198812427083714561
198812427129851905
198812427859664898
198812427108880386
198812428270714880
198812427717062656
198812428463644672
198812428375572480
198812428417499137
198812428178427904
198812428333621249
198812428891459584
198812429143117825
198812429612888064
198812429986168832
198812429562548225
198812430267187201
198812429923270656
198812430648872961
198812430686625794
198812430707593216
198812430367866880
198812428488814594
198812431059910656
198812427763191810
198812430778900480
198812431173160960
198812430049095683
198812431282208768
198812432012029952
198812432087523328
198812432221749248
198812431529676800
198812432444030977
198812432288858113
198812433186426880
198812432737636353
198812433668771840
198812433937215489
198812433974968320
198812434310512640
198812434545393664
198812434058838018
198812434205642754
198812434612494336
198812435220676608
198812435140972546
198812435396829184
198812435342307329
198812435568803840
198812435203899393
198812435694620672
198812434193072129
198812435958870017
198812435967262720
198812436697059329
198812437305229313
198812437292662784
198812437464616960
198812437141651457
198812437183602690
198812437754023936
198812435174526976
198812437070348288
198812437808545792
198812438018277376
198812438244753408
198812438710321155
198812438886486018
198812438722920448
198812439163310080
198812438915842048
198812438794211328
198812439876354048
198812440341909505
198812439746322434
198812440492904452
198812440606162947
198812440652300288
198812440220282880
198812439335280641
198812440367075328
198812440388059136
198812441025585153
198812441231110144
198812441344356352
198812441516326912
198812441184968706
198812441239498752
198812440941690880
198812441847676929
198812442493583360
198812442657177602
198812441159802881
198812442971742209
198812443504418816
198812443319861248
198812443613462529
198812443353423873
198812444091625472
198812444334891008
198812443600887808
198812444158734336
198812444158722049
198812444330704897
198812445047914496
198812445299576834
198812445324754945
198812446004219904
198812446218141697
198812445911957504
198812446880825344
198812447056986112
198812446742421505
198812447291875333
198812447807774720
198812447291867136
198812447895846916
198812447191207937
198812447707115521
198812448382390273
198812447967162369
198812448239779840
198812448655020033
198812448130732033
198812448369807360
198812448386584578
198812448445308928
198812449435156480
198812449565179904
198812449904926720
198812449938481152
198812449997205504
198812449942679552
198812450378891264
198812450966081536
198812451406491649
198812451540713472
198812451733651457
198812451939168257
198812451532308483
198812452647997440
198812452379574273
198812452920623104
198812453298126848
198812453377814528
198812453453303808
198812452404731905
198812453625266177
198812453436538880
198812453310709762
198812453906288642
198812454036320258
198812454111809536
198812453616877568
198812454208282625
198812454422192128
198812453985984512
198812454048894977
198812454510272512
198812454921322496
198812455160397824
198812455105867779
198812454418006016
198812455651131393
198812455932137472
198812455911170050
198812455361708032
198812455969898497
198812456041197568
198812456758427648
198812456997494784
198812456775196673
198812457379172355
198812457660194816
198812457966383105
198812457572114433
198812458440339457
198812458088022019
198812457467248641
198812458788458496
198812458662633472
198812459136598018
198812458708779008
198812458968813568
198812458679402496
198812459472130050
198812459144974336
198812460017397761
198812460004810753
198812459333726210
198812459820253185
198812460038369281
198812460646535168
198812460701069314
198812460755582976
198812460826886144
198812461107904513
198812461200195584
198812460768178177
198812461653172226
198812461825146880
198812461187612673
198812461888061441
198812462571720706
198812462479450112
198812463184084992
198812463473491968
198812463574167552
198812463091818496
198812463922294784
198812463674826753
198812463381225473
198812463876157440
198812464287203328
198812463960039424
198812463876149249
198812464111042560
198812464882786305
198812463939076096
198812464543055872
198812464530464768
198812465008607232
198812465163812866
198812465105076224
198812465151213568
198812465193160705
198812465335767041
198812466128486400
198812466493403137
198812466661163010
198812466753454082
198812466115915776
198812466887663616
198812467038662656
198812466568904704
198812466623414272
198812467193839617
198812467185459200
198812467269349376
198812467256758273
198812467500027906
198812467831386113
198812468766711808
198812468884160513
198812469421031425
198812469471358976
198812469811085314
198812469660102657
198812470108893184
198812470142439425
198812471719510017
198812471736283138
198812472197648384
198812472340258817
198812472466096128
198812472797442048
198812472822599680
198812472185077761
198812473112010752
198812473405603840
198812473497882624
198812473590169602
198812473908932608
198812473422393345
198812474101874688
198812474198327296
198812474420641793
198812473783107585
198812474181562368
198812474793934850
198812474831671296
198812474886197249
198812474970091522
198812475179794432
198812474307395585
198812474840068099
198812475230134273
198812475221741570
198812476081569792
198812476064800770
198812476744286208
198812476794609664
198812475964145664
198812477205655553
198812479390892032
198812479592210432
198812479478956032
198812479269240832
198812480489791490
198812480418496512
198812479919357952
198812480120688641
198812480938586113
198812480791789568
198812481425121280
198812481219592192
198812480942772224
198812482331090944
198812481001496577
198812482834415618
198812483320950784
198812483492909056
198812483463557120
198812483279003648
198812483903946752
198812484243693568
198812483815878656
198812484365328384
198812484365336576
198812484168192000
198812485250318336
198812484939943937
198812485627822080
198812485292273664
198812485795577857
198812486084988929
198812486206636033
198812485787193344
198812485841723393
198812486487646208
198812486282129408
198812486999343104
198812487053873152
198812487146156032
198812487259389953
198812487288754177
198812487603335168
198812486860943360
198812487959846912
198812488874205184
198812489041981440
198812489360748544
198812489654337537
198812488140201984
198812488429608962
198812490036035586
198812490069590018
198812490111520768
198812490304454657
198812490262519808
198812490015059968
198812490115723264
198812490010853377
198812490778427393
198812490971365376
198812490505789440
198812491264958464
198812490623225856
198812491596300288
198812491181080576
198812491063635968
198812491734728705
198812491785052160
198812491139125248
198812491902492673
198812491894104064
198812491810222082
198812491692773376
198812491843776514
198812491801825281
198812493274025986
198812493383081984
198812493324353536
198812493613772800
198812493290815488
198812494628798465
198812494679121920
198812494695903233
198812494515552257
198812495123726336
198812495366983683
198812496092594176
198812495677358080
198812496277143552
198812496214237184
198812496528818177
198812496398778368
198812496570744832
198812497283792896
198812495262138369
198812497350885378
198812497518665728
198812496910499841
198812497107615745
198812497631916033
198812497338302464
198812497841631232
198812497413816320
198812497996820481
198812498021986304
198812498768568320
198812498323980288
198812498659520512
198812498726625280
198812499334795264
198812498701463554
198812499544506368
198812500114935809
198812500073005056
198812499481604097
198812499963944962
198812498990874624
198812500391772160
198812501125763073
198812500781826048
198812499670351872
198812501146734592
198812501847179264
198812501444530176
198812501746524160
198812502199508995
198812501905903618
198812502337912833
198812502363082752
198812502363078657
198812502157570049
198812502614740994
198812502463754240
198812503029972993
198812502476341248
198812502681849857
198812503134830592
198812502816079872
198812504137269249
198812504133091329
198812503831097344
198812503692677122
198812504401510402
198812504187617282
198812505173266432
198812504799985665
198812504481206274
198812505575927810
198812505680777217
198812505802416129
198812505722716161
198812506175700992
198812506783875072
198812506666438656
198812506142154752
198812507383660545
198812507698245632
198812507543048192
198812507178143744
198812507870208001
198812508050558976
198812507828264960
198812508256075777
198812508088303616
198812507849244672
198812508595822593
198812509166247936
198812508767784960
198812509069787137
198812509485019137
198812508801335296
198812509766037504
198812509690540034
198812510151917568
198812510097387520
198812510277730305
198812510294523904
198812510474870784
198812509627613184
198812510122553344
198812510504222720
198812510827184128
198812511481507843
198812510789439489
198812512488144896
198812511787687936
198812512660107266
198812513599619072
198812513603813376
198812513306030084
198812513700290562
198812513335382016
198812513817739264
198812511590563840
198812514228772864
198812513813532673
198812513930981376
198812513100505088
198812513238917121
198812514098741251
198812514946002944
198812514836946945
198812514602070016
198812515919069185
198812515923267585
198812515281551360
198812515646447616
198812515503841280
198812516128784384
198812515679993858
198812515851976704
198812516439166976
198812516036517888
198812517026373633
198812516283973633
198812516762124288
198812517303205889
198812518632800256
198812518699905026
198812518263693312
198812519295500290
198812519429709826
198812519362609152
198812519572307968
198812518515355649
198812519270334464
198812519685570560
198812519014469632
198812519656210432
198812520406974464
198812520927068160
198812521803689985
198812521908547584
198812522592223233
198812522881622017
198812523280084992
198812522831294466
198812523141660672
198812523330416640
198812523531743232
198812523544322048
198812523091329025
198812523221368832
198812523401711616
198812523884056578
198812524177670145
198812524240568320
198812525322706944
198812525461110784
198812525649870848
198812525670830080
198812525800861697
198812526073479169
198812525939273728
198812526216085504
198812526790713344
198812525867958272
198812526870413312
198812526987849728
198812527033982976
198812527533113344
198812527201759233
198812527415672832
198812526505500672
198812527931564032
198812528099340289
198812528262909952
198812529177280513
198812529244381184
198812529328275457
198812529789644801
198812529898688513
198812529919664128
198812530095820800
198812530230046720
198812530498469889
198812530867585024
198812530737553408
198812531018575872
198812530720780288
198812531110846464
198812531081490434
198812531840651266
198812532213944321
198812531672875008
198812532369137665
198812532100694018
198812532641775617
198812532264275969
198812533442887681
198812533036040196
198812533476429824
198812533912637440
198812533921021953
198812535003164674
198812535011540992
198812535045107712
198812535279984642
198812535531634688
198812535598751745
198812535472926720
198812535632310273
198812532721459201
198812534764085249
198812536001409026
198812536257257472
198812536609583105
198812537322610689
198812537268092928
198812537263890432
198812538245357569
198812538618658817
198812538253746176
198812538325057537
198812539088416769
198812538840952833
198812539214237696
198812537880457216
198812538736087040
198812539713359876
198812539855966209
198812540162154499
198812540246036481
198812540422209538
198812540489318400
198812540686434306
198812541051338755
198812541172973569
198812541131034624
198812541525307393
198812541437227008
198812541860843520
198812541567238144
198812541625962496
198812542016036867
198812541932158976
198812532750823424
198812542729064448
198812543026855936
198812542875873280
198812543312084992
198812543509200896
198812544146739201
198812543928647680
198812544796868608
198812544838799361
198812544880754688
198812544926887938
198812545367281664
198812545849626626
198812546227113984
198812546344550400
198812546147430401
198812546730438658
198812546399080449
198812546537496578
198812547212771328
198812546969518081
198812547539935233
198812547531542528
198812547745447936
198812547896451073
198812547200200705
198812548508819456
