198829158485340160
198829158502105088
198829158468550656
198829158569226240
198829158594383872
198829158300778496
198829158514692097
198829158850244610
198829158934134784
198829159210946560
198829159282257920
198829158778941440
198829159391305729
198829159521337345
198829159395504128
198829159584247809
198829159697494016
198829159651344384
198829158351114240
198829159798153217
198829159244513280
198829159701676033
198829160079167489
198829160318251010
198829160188231681
198829160473444352
198829160322437120
198829159928176641
198829160695734272
198829160460849152
198829161048051712
198829161060634624
198829161110974465
198829160628617217
198829161329082368
198829161375211520
198829161391996928
198829162016935937
198829161215832065
198829161362624512
198829162109210624
198829162142773248
198829161547173888
198829162125983745
198829163212316674
198829163161985024
198829163522691072
198829163552059394
198829163573018626
198829162792894464
198829163837263872
198829164030214144
198829164034404352
198829163770167296
198829164055379969
198829162776109058
198829163988254720
198829164139257859
198829162956468226
198829162931298306
198829163543666688
198829163992457216
198829164227330050
198829164739039232
198829164739039234
198829165221392387
198829164315414528
198829164487376896
198829165661798401
198829166144131072
198829165229780992
198829165494009857
198829166450323458
198829165645008897
198829163631755264
198829166525812736
198829163493335040
198829167100432384
198829167217885187
198829167146573824
198829165963780098
198829166349651970
198829166496460801
198829166362230786
198829167415013376
198829167645700096
198829167440179200
198829167201099776
198829167888969729
198829167742156800
198829165309460481
198829168530698240
198829168509730819
198829168639741956
198829168685879298
198829168329375744
198829168870440963
198829168912371712
198829168916578304
198829169113706498
198829169289867266
198829169365368832
198829168610377728
198829169440862208
198829169679929345
198829169726070785
198829169952571392
198829170120339457
198829170418139137
198829169835126784
198829170774638593
198829169952563200
198829170090983424
198829171051466755
198829171202469889
198829171181502467
198829171349262336
198829170653011970
198829171466711041
198829171726757889
198829171806445569
198829172364288001
198829172288786433
198829172360089602
198829172175552512
198829172771127297
198829172649500674
198829172762750978
198829172968267777
198829172511096834
198829172494307328
198829170518794240
198829172745961472
198829173228318720
198829173249277954
198829172850819072
198829173026979840
198829173471576064
198829173052149760
198829173438033920
198829173303803904
198829173685497856
198829173740027904
198829173756788736
198829173899395074
198829173886820353
198829173891006464
198829172980850688
198829173974896641
198829174348201984
198829174545326081
198829174557917185
198829174557904896
198829174855700482
198829174457245698
198829174117515264
198829175455481856
198829175073808384
198829175346429953
198829175744892929
198829175795236865
198829175925260288
198829176013340672
198829175602282496
198829176378236928
198829176453738498
198829176705384448
198829176927690753
198829177124831233
198829177225478145
198829177259032577
198829176969629697
198829176902533122
198829177523273729
198829176969633794
198829177619759104
198829177846239232
198829178106286080
198829177955291136
198829178034982912
198829178240516096
198829177770741761
198829178202759168
198829178492174337
198829178857070594
198829178534100992
198829179129708544
198829179360391168
198829178936762368
198829179620433920
198829179842727936
198829179813376000
198829180115369985
198829180199251969
198829179612045312
198829180367020033
198829180362829824
198829180501241856
198829180551565312
198829180933251072
198829180933255168
198829181033906176
198829180983586816
198829180467679232
198829181130391552
198829181625315328
198829181528834048
198829181423976448
198829181428178947
198829181801463808
198829181453352960
198829182107664384
198829182090887169
198829182187347968
198829182178951170
198829182313177088
198829182392872960
198829182623559680
198829182711627776
198829182069899264
198829183001042945
198829182455787521
198829183407898625
198829183055572992
198829183374336000
198829183856680961
198829183957340160
198829184200613888
198829183990902784
198829184158670848
198829183814737921
198829184590675968
198829184783618049
198829184724893696
198829184779419649
198829184355799042
198829184821379072
198829185274347520
198829185190473728
198829185559564288
198829185815420930
198829185056256000
198829185714761728
198829182992650240
198829185895104513
198829185437925376
198829185521823744
198829185744121856
198829186184515584
198829186390048768
198829186331324416
198829186700423171
198829186675245056
198829186566197249
198829186960461824
198829187132424192
198829187337949184
198829187400876032
198829187409256448
198829187321167872
198829187660914691
198829187858038784
198829187908378625
198829187799318529
198829187753181184
198829188243931140
198829188424273920
198829188592046083
198829188638179328
198829188306841600
198829188520742914
198829188944371712
198829188894031872
198829189086978048
198829188571082752
198829189145694209
198829189397352450
198829189313470465
198829189468667904
198829189560934401
198829189376389120
198829189615452161
198829190211051520
198829189787426816
198829190559186946
198829189871308800
198829190810836992
198829190907314176
198829190508838913
198829190584336384
198829191251238912
198829190928269313
198829191091847169
198829191624536068
198829191590981632
198829192127852544
198829192094294016
198829192069124097
198829192517926912
198829192471781376
198829192744411136
198829192358539264
198829192694071297
198829193079947265
198829192807329793
198829193218359296
198829192937345027
198829192941535232
198829193038012416
198829193415507968
198829193851715584
198829194132725761
198829194128523264
198829194170470401
198829194392764417
198829193939791872
198829194514407425
198829194690576384
198829194740908032
198829194036256769
198829195307122689
198829195344879616
198829194757685249
198829195470704640
198829195755921409
198829195802062848
198829195994996736
198829195726553088
198829196066295808
198829196112437248
198829194090774529
198829196208914432
198829196477341696
198829196699639809
198829196770942976
198829197244895232
198829197291044864
198829191582588929
198829196573810689
198829193084149761
198829191507087361
198829197668524032
198829197857271808
198829197693689857
198829197861457921
198829198423506945
198829198515773440
198829198066978816
198829198666760193
198829198343806976
198829198830342145
198829199157497858
198829199220416512
198829199413358594
198829199241388033
198829199639842817
198829199522398209
198829199665012736
198829199954419712
198829200235442177
198829200570990593
198829199459500032
198829200612925440
198829200596148224
198829200080240641
198829200470310913
198829200805871618
198829200868782080
198829200973631488
198829200793280515
198829201221103616
198829201212702721
198829201556639744
198829201569230849
198829200847802369
198829201640525824
198829200512270336
198829201451782144
198829202093506560
198829202273865728
198829202395504642
198829202299043841
198829201699250177
198829202240311296
198829202701692928
198829203062394881
198829203376979970
198829203456659457
198829203062398976
198829203611860992
198829203762839553
198829203880296448
198829204090011649
198829204287139843
198829203767042048
198829204547182594
198829204165509120
198829204693991424
198829204224229378
198829204060643328
198829204442320896
198829204664623104
198829204912087042
198829205067268096
198829205352480769
198829205688029185
198829205746761729
198829205272805376
198829205847420929
198829206178766848
198829206292013056
198829206157803520
198829205700620288
198829205956468736
198829205952274432
198829206682087424
198829206774349825
198829206283628544
198829206975688704
198829207042797568
198829207109894147
198829207126683649
198829207323803648
198829207508365312
198829207063760896
198829207483191296
198829207751634944
198829207843897344
198829208020070402
198829204698185728
198829206564651008
198829208561131520
198829208561123329
198829208754061314
198829208858927104
198829208313675776
198829208993136640
198829209379024897
198829209332883456
198829209366429696
198829209353846784
198829209441943554
198829209471287296
198829209647452160
198829209731342336
198829209576161281
198829209861369857
198829209265782784
198829209936855041
198829209387417600
198829210335326210
198829210486321152
198829210133991424
198829210519863296
198829210737971201
198829210008158209
198829210687635456
198829210045906944
198829210570199041
198829211253878786
198829211258077184
198829211308392448
198829210301767680
198829210691846144
198829211266449408
198829212084346880
198829211459387393
198829212470214656
198829212541517824
198829212193402881
198829212780609538
198829212663156736
198829212969340928
198829213149691904
198829213267132417
198829213426532352
198829213443301376
198829213300690944
198829212797386754
198829213418127360
198829213728509953
198829213082587136
198829213845958656
198829213355212800
198829214273781760
198829214324109312
198829213871120388
198829214672240640
198829214886150144
198829214584156160
198829214424760320
198829214965837824
198829214999396352
198829215389458434
198829215553040384
198829215494324224
198829215615950849
198829215808880642
198829216157024256
198829215720808448
198829216584830977
198829216127655936
198829216727445504
198829216861667328
198829216312201216
198829216760999937
198829216962314240
198829217155268611
198829216924581889
198829216584835072
198829217046216704
198829217490796546
198829217570488320
198829217708900352
198829217637609474
198829217813770241
198829216953942017
198829217822150658
198829218216427520
198829217939591169
198829217918623745
198829218891698177
198829218140921857
198829219155935232
198829219227254784
198829219155939328
198829219432759298
198829219491483649
198829219386621952
198829219537620992
198829219676045312
198829219076247552
198829219894149121
198829220095467520
198829220091277312
198829220149989376
198829219663446016
198829220510703617
198829220720414721
198829220988858368
198829221169205248
198829221068554240
198829221244706816
198829221529919489
198829221479587840
198829221752225792
198829221785763840
198829221777375232
198829221966135296
198829222045822976
198829222062600192
198829222221971457
198829222435897344
198829222322638848
198829222272315392
198829222268125185
198829222779822081
198829223115370498
198829223186665472
198829223140532225
198829223262158848
198829223257972736
198829223719346177
198829223824199681
198829223660634112
198829223996170240
198829223576748032
198829223736115202
198829223165706240
198829223882915842
198829223786450945
198829223916470273
198829224323325952
198829224860192768
198829224973443075
198829223991967744
198829224939892737
198829225007005696
198829225279635456
198829225296396288
198829225308991489
198829225288007681
198829225422241792
198829225476767744
198829225766158337
198829225724231680
198829225703243776
198829225703251968
198829225178972160
198829225891995651
198829225413844992
198829226374344704
198829226495967232
198829226269478913
198829226684719105
198829226059776000
198829226953154561
198829226969939968
198829226693115904
198829226634379265
198829227540365313
198829227846537219
198829227905269760
198829227552948224
198829227955593217
198829228194668544
198829227615854592
198829228144336896
198829228458905602
198829228563775488
198829228928667649
198829229289381890
198829228802850816
198829229436190721
198829229402632192
198829229067091968
198829229608153088
198829229582991362
198829229926920192
198829228861571073
198829230400880640
198829230459596800
198829230434418688
198829230862249985
198829230929350660
198829230916767744
198829230962905088
198829230803517440
198829231067766784
198829231235534848
198829231550115841
198829231654977537
198829231755640832
198829231831138306
198829232166674433
198829232196038656
198829232439312385
198829232523198464
198829232623861761
198829232720326656
198829231105511426
198829232728715265
198829232699346944
198829233248804864
198829232732901376
198829233412374528
198829232900677632
198829232917446656
198829233525620736
198829233529815040
198829233420775425
198829232078589952
198829232510607360
198829233664036865
198829233697587202
198829233777278976
198829233282355200
198829233928273920
198829233852792832
198829234028941312
198829234137989123
198829233991204864
198829233680814084
198829234549047296
198829234045718528
198829234486124544
198829234590990337
198829234867798016
198829234926518272
198829234691653632
198829234939109379
198829235010420736
198829235287236608
198829235350159361
198829235270459393
198829235102679042
198829235543097344
198829234939109376
198829235614400512
198829236008660992
198829236390346752
198829236474224641
198829236524556289
198829236398718976
198829236390334464
198829236289667072
198829236864286723
198829236159660032
198829236939796480
198829237183062016
198829237350825984
198829237329858560
198829237489242112
198829237438914562
198829237539573761
198829237350842368
198829237694767106
198829237657018370
198829237665406977
198829237589917697
198829237887700992
198829237988372481
198829238470705152
198829238802067456
198829238147756032
198829238571376640
198829238789488641
198829239296999424
198829239112433664
198829239313768448
198829239460560896
198829239351508992
198829239145992192
198829239678668800
198829239628337152
198829237157904384
198829240056160256
198829239502516225
198829239573807104
198829240244912128
198829240379113473
198829240794349568
198829236864286722
198829240785960961
198829240580448257
198829240865652738
198829240630779904
198829241075380224
198829241016647680
198829240525914114
198829240911802368
198829240857276416
198829241125699584
198829241318645760
198829241264111618
198829241381556224
198829241423507459
198829241197006848
198829241389944833
198829241419300864
198829241989730307
198829241276706816
198829241360596993
198829241968762880
198829242253983745
198829242438516736
198829242480459777
198829242639859714
198829242920869889
198829243038306306
198829243101229059
198829243155750912
198829243176722434
198829243185111040
198829243193503746
198829243466129408
198829243629707265
198829243570982912
198829243705200640
198829244212715520
198829244313370624
198829244657307648
198829244481146884
198829245135462400
198829244623761409
198829245286453248
198829245345173504
198829245382934528
198829244602777601
198829245160628224
198829245672341505
198829245429055488
198829245110300673
198829245697507328
198829245701693440
198829245793976320
198829245772996609
198829245659746307
198829245366140928
198829245110304768
198829245349367808
198829246272122880
198829246351806464
198829244938334209
198829247727550464
198829247714959360
198829247412969472
198829248247640065
198829247673008129
198829248662867968
198829248688033793
198829249665314816
198829249724039168
198829249711448064
198829249820495872
198829249803722752
198829250122489856
198829250030211072
198829249203941376
198829250336407553
198829250550300672
198829250764218369
198829250760015873
198829250491588609
198829250768404480
198829250999107584
198829251338829824
198829250873270273
198829251317858304
198829251498225664
198829251624046592
198829250126680065
198829251338846209
198829251770851328
198829251607281664
198829251410137088
198829252257394688
198829252286758913
198829252261588992
198829252630675456
198829252945264640
198829252433547264
198829253050122240
198829253108834306
198829252769103874
198829251384971268
198829253335318529
198829253381464064
198829253586984960
198829253553426432
198829253700239361
198829253851226113
198829253742166016
198829253826068481
198829253993824256
198829254153207808
198829254320988160
198829254362935296
198829254660726785
198829254090305537
198829254526504962
198829254497144833
198829254870446080
198829255138885632
198829253490511872
198829255134687234
198829254673309696
198829255201796096
198829255533142020
198829255851913217
198829256002895876
198829256107769856
198829255637991425
198829256162279424
198829256598499328
198829256397168640
198829256799825921
198829256850161664
198829256824991744
198829256485253120
198829256921460737
198829257126981633
198829257273782272
198829256200044544
198829257449938944
198829257722560512
198829258024554496
198829257680625668
198829258171363328
198829257668046848
198829258427215872
198829258267824128
198829258418831360
198829258540453888
198829258603368448
198829258200727552
198829258708234240
198829259161223168
198829259169611776
198829259303821314
198829259505143810
198829259349950464
198829259639373824
198829259316396033
198829259878440960
198829259970711552
198829259563864065
198829260385959937
198829260750860288
198829259932966912
198829260243345409
198829261333864448
198829261187063808
198829261489057792
198829261505830912
198829261765881858
198829261669404672
198829261774266369
198829261971406849
198829261216428032
198829262093025281
198829261912670208
198829262319529986
198829262315339776
198829262562803712
198829260130099202
198829262671839232
198829262877368321
198829262470516736
198829263280025600
198829263347130368
198829262818652161
198829263405850624
198829263351316481
198829263418433536
198829263611375616
198829263292600321
198829263686868992
198829263401648128
198829264240521217
198829264429260803
198829264429260800
198829264576053248
198829264014020608
198829265154879488
198829264521527298
198829265456873473
198829265536557056
198829265377169410
198829265591074816
198829265775632384
198829265737883649
198829265796612096
198829265867915265
198829265310064641
198829265431691264
198829265217785856
198829265372983297
198829266127953921
198829266165698560
198829265133907968
198829266299912192
198829266278940673
198829265645613056
198829266274754561
198829266207637507
198829266396393473
198829266438332417
198829266698375168
198829266098597888
198829266790658049
198829266820014081
198829266295730176
198829266731933697
198829267197509632
198829267285590017
198829267319132161
198829267679854592
198829267809865729
198829268170571776
198829267885363202
198829268468383744
198829268313178114
198829268694859776
198829268699054080
198829268921360384
198829269420478464
198829269554704384
198829269344989185
198829269546303488
198829269626003457
198829269017821184
198829269810561024
198829269739257856
198829269894447106
198829270229991424
198829269802168321
198829270385176576
198829270443888642
198829270670385152
198829271110795264
198829271064641538
198829270993354753
198829270951411712
198829271563763713
198829271836393472
198829271748321283
198829271656042496
198829271874154498
198829271035289600
198829272096456704
198829271639269377
198829272255840259
198829272268423170
198829272968863744
198829272956280834
198829273363132416
198829273128243200
198829273715453953
198829274042613761
198829274340392962
198829273660932096
198829274420092930
198829274449461248
198829273509924864
198829274604646400
198829274772410368
198829274667565057
198829274340392960
198829275208617984
198829274269089792
198829274944372737
198829275183464448
198829275909062658
198829275951009792
198829275938439168
198829275988770816
198829276286558208
198829276362047489
198829276445937664
198829276353667072
198829276420784128
198829276693409792
198829276697608193
198829276945055746
198829277427417089
198829277511286784
198829277033148416
198829277553238018
198829277741973504
198829277750366210
198829277184135168
198829278119469058
198829278132047872
198829277788119040
198829278194966528
198829278316605441
198829278358548480
198829278417256448
198829279017041921
198829278928977921
198829279092543489
198829279197405185
198829279436472321
198829279348391936
198829279558107139
198829279545536514
198829279633612800
198829280162103296
198829279092555776
198829280858357761
198829281030324225
198829281072267265
198829281185497088
198829280485056512
198829281151959040
198829281361661952
198829278350163969
198829281391030275
198829281676234752
198829281722368001
198829281386831874
198829281265188864
198829281797865474
198829281860780034
198829281739161601
198829281890148352
198829282003394560
198829281969836032
198829282292809728
198829282598985729
198829282540261377
198829282720624640
198829282854842368
198829282817081344
198829282976464896
198829283140050944
198829283119087616
198829283161014273
198829283140059139
198829282708041728
198829283102306304
198829283483987968
198829283039395840
198829283626582016
198829283706277890
198829283857276928
198829283949551616
198829283349762048
198829283353952256
198829283890839552
198829284394139648
198829284633227264
198829284243152896
198829283949555712
198829284708724737
198829284855529472
198829283710472193
198829285052645377
198829284314447873
198829285186863104
198829285358845953
198829284884889600
198829285631463425
198829285589532673
198829285891510273
198829285224628225
198829285425942528
198829286164148224
198829286126387201
198829286151553026
198829286206095360
198829286516461568
198829286554218496
198829286537428992
198829287938326528
198829287934140417
198829287988674561
198829287925760000
198829288202567680
198829288378740736
198829288416493569
198829289129508865
198829288894631936
198829289024667649
198829289867706370
198829289737687040
198829289842548736
198829287959314433
198829290303926272
198829290551377920
198829290568167425
198829289909665792
198829290807246848
198829290505244674
198829290337484800
198829291029536769
198829291021156353
198829290941456387
198829290421362689
198829291239260160
198829291084066816
198829291381862402
198829291289587715
198829291507683329
198829291637714944
198829291713200128
198829291469934592
198829291864203265
198829290958225408
198829292048760833
198829292233293827
198829291872595968
198829292455596032
198829292128452608
198829292782755841
198829292803727365
198829292812120064
198829292195553281
198829293118300161
198829292887617536
198829292807913472
198829293294460928
198829293395124225
198829293491597313
198829293676138497
198829292803731458
198829293265092608
198829293512572928
198829293797773312
198829293495795712
198829293990723584
198829294275919873
198829294435319809
198829294435315712
198829295001546752
198829295005736961
198829295743930368
198829295676825600
198829295957843968
198829296180146176
198829296293392385
198829296071094272
198829296490516481
198829296566009857
198829295983017984
198829297019002880
198829297044168705
198829297501343744
198829297576849408
198829297555869697
198829297773977601
198829297824305155
198829297883029504
198829297824313344
198829297736232960
198829298344407040
198829298608648192
198829295576154112
198829299023888386
198829298986131457
198829299074207744
198829299288113153
198829299397173250
198829299493642241
198829299850149888
198829300483502081
198829300462526464
198829300538023937
198829300500275202
198829300743536640
198829300923899904
198829301007790081
198829300374437888
198829300294758401
198829301334933504
198829301557235712
198829301603373056
198829301876011009
198829301720817665
198829301787922433
198829301846642688
198829301502717952
198829301565624320
198829301439791104
198829302190571523
198829298788999168
198829301783724032
198829301611761665
198829301473353728
198829302995894272
198829303616643072
198829303918628865
198829302345773056
198829303159455744
198829304199655424
198829304090599424
198829304526811136
198829304413564928
198829304606494720
198829304942043136
198829304870744064
198829305030127617
198829305428578306
198829305344688129
198829305520852993
198829305126596608
198829305269194753
198829305885769728
198829306426830850
198829305906737152
198829306032562176
198829306699464704
198829306946912257
198829306984660992
198829306665893888
198829307190185985
198829306619756544
198829307261493248
198829307576061953
198829306770755585
198829307404107778
198829307257290752
198829307773198337
198829307857088513
198829307177611264
198829308343619584
198829308393959425
198829307408285696
198829308742090755
198829308368785411
198829309090205696
198829309379612673
198829309799051264
198829308683370498
198829309857775617
198829310235254785
198829310696620033
198829310646288384
198829310549819392
198829310549819393
198829311204139009
198829311338356737
198829311292211200
198829311233495041
198829311556460545
198829311636144128
198829311778750465
198829311879417856
198829311875223552
198829312043008000
198829312894451715
198829312319832064
198829313049628673
198829313385177089
198829313318064131
198829313229996035
198829312907034624
198829313666195456
198829313695555584
198829313196429314
198829313922043904
198829314211446784
198829314354057216
198829314161123328
198829313896882177
198829314685411328
198829314765107202
198829314282758144
198829314999980033
198829314966437890
198829315079680001
198829315113226240
198829314597335040
198829314811248642
198829315662684161
198829315482320896
198829315968864256
198829315377467392
198829315994038273
198829314110795776
198829315914350593
198829316480569344
198829316853874689
198829316824498176
198829316946137088
198829317512380416
198829317537538048
198829317608833024
198829316841287681
198829317478825984
198829318049239040
198829318099566592
198829318162489344
198829318200242176
198829318397366272
198829317541724163
198829319353675776
198829319534034944
198829319630491648
198829319705997313
198829319752122368
198829319987015681
198829320226095107
198829319534030848
198829320398049280
198829319966035969
198829320175759360
198829320477745154
198829319433371649
198829320976859137
198829321060745216
198829321140453376
198829321270476800
198829321262080000
198829321148837888
198829321668923392
198829322050600960
198829322176442369
198829321824116736
198829321148833792
198829322277101569
198829322432299008
198829322692333568
198829322939801601
198829323350847488
198829323124346881
198829323225022464
198829323250176000
198829323401175040
198829323757686784
198829323992576000
198829323975798786
198829323380211712
198829324160344066
198829324139376641
198829321815728129
198829323719946240
198829324705603584
198829324772708352
198829324697219074
198829325078900736
198829325473157120
198829325468975104
198829325670293504
198829325628358656
198829325733216256
198829324676243456
198829326156828673
198829326395904000
198829326328803329
198829326190391297
198829324244226048
198829326584651777
198829326609821696
198829326601428992
198829326995697664
198829327201206272
198829327293497345
198829327075377152
198829327591288834
198829327599665152
198829327679369216
198829327255732225
198829326668533760
198829328040083457
198829327637422080
198829327817777153
198829327482228736
198829326660149248
198829328212049920
198829327947804674
198829327679365120
198829328673411072
198829328233005057
198829329260621824
198829328694394880
198829329466138625
198829329847828480
198829329927507968
198829329914920960
198829328987992064
198829329935892480
198829330154008578
198829330397278210
198829330565038082
198829330544070657
198829329025744897
198829330682486784
198829331236134912
198829331642978305
198829331223547904
198829331416498176
198829331970146305
198829332242771968
198829332322463745
198829332427317248
198829332611874817
198829332708343808
198829332762861568
198829332460871683
198829332993552384
198829332972576770
198829332796416000
198829333073240065
198829333438140418
198829331844317184
198829333492662272
198829334184738817
198829334599966720
198829334864203776
198829334860005378
198829334931312640
198829334784524291
198829334973255681
198829335011012609
198829334864211968
198829334998421504
198829335430430720
198829335434625025
198829335031975937
198829335271055361
198829335027793921
198829335774363648
198829335866646529
198829336051191810
198829336009248771
198829336139284480
198829335212331009
198829336185409537
198829336135073792
198829335539486720
198829335661121536
198829336382541825
198829335770177536
198829336600657920
198829336902643712
198829336931991553
198829336982323200
198829337078808578
198829337510813699
198829337556942849
198829337070419968
198829337905074176
198829336441266176
198829337510813696
198829338211266560
198829338332905472
198829338198687744
198829338156744706
198829338005745664
198829338588745728
198829338349682689
198829338983014401
198829338882355201
198829338936881152
198829338764910592
198829338987212800
198829339083669506
198829339473756160
198829339557625856
198829339914153988
198829339717025792
198829338811043840
198829339633139712
198829340203565056
198829340371337219
198829340560068612
198829340501352448
198829340992094210
198829341214388224
198829341264723968
198829341193404418
198829341562503170
198829342028087296
198829341495402496
198829342644637696
198829342762078209
198829342262968320
198829342774665216
198829343001149440
198829343114395648
198829343231840256
198829343319920642
198829343261196288
198829342854361088
198829343554797568
198829343730966528
198829343777095680
198829343911329793
198829344049725440
198829344121044994
198829344238477313
198829344406257664
198829344381083648
198829344553058304
198829344641138688
198829344943124482
198829344972488704
198829345291239424
198829345261895681
198829345396097026
198829345568071681
198829345014415362
198829345945550851
198829345530314752
198829346079768576
198829346285297664
198829346889269248
198829346549538817
198829346797006848
198829347438727168
198829347329679360
198829347098984449
198829347853971456
198829348395040768
198829348537647104
198829348550217728
198829348642492416
198829348780916737
198829347887513601
198829348705415168
198829348680241153
198829348936105984
198829348608933889
198829348877369346
198829348994818048
198829349422632962
198829348923518976
198829349384880128
198829350051786752
198829349657513986
198829349443600384
198829350169214976
198829350299242496
198829350253101057
198829350609629184
198829350626406400
198829350865473536
198829350991298560
198829349414244353
198829350852898817
198829350953549825
198829351112941568
198829351108751360
198829350999703552
198829351721115648
198829352220229632
198829352098611200
198829352136355840
198829352027303936
198829351955992578
198829352287346689
198829352371228672
198829352421568513
198829352568369152
198829352488677376
198829352031485952
198829352564178944
198829352551583744
198829352278949889
198829352845193219
198829352945856515
198829352597729280
198829353088454657
198829353180737536
198829352782266369
198829353285599232
198829353293979649
198829353373671425
198829353419812865
198829353004564480
198829354128654338
198829354686488578
198829354577440769
198829354464186368
198829353621127169
198829355143675905
198829354271256577
198829355030421504
198829355273682944
198829355554717696
198829355814756352
198829355240132608
198829355919622145
198829356221599745
198829355831525378
198829356427124737
198829356460670976
198829356406157312
198829356594905089
198829356636844032
198829357114982401
198829357421174785
198829357370834944
198829357345685504
198829357865766912
198829358335537152
198829358348111874
198829358541062144
198829358452977664
198829358432010240
198829358041923588
198829358650097664
198829358591385601
198829359015014400
198829358989844480
198829359115681792
198829359065341953
198829359027585024
198829358645907456
198829359258271747
198829359455420417
198829359547686912
198829359610593281
198829359941947392
198829359967121410
198829360021635072
198829360285884416
198829360378155010
198829360034222080
198829360147464192
198829360432676867
198829360936005633
198829361078603777
198829361288331264
198829361846157314
198829361909088258
198829361955217408
198829361791643649
198829362139766784
198829362294947840
198829362546618368
198829362383036416
198829361770668032
198829362726977538
198829360956981248
198829363758768129
198829363800719360
198829364031406080
198829364035588096
198829364341784576
198829363637125121
198829364618600448
198829364757020672
198829364832518146
198829363800711168
198829365713309696
198829365654589440
198829365780422657
198829365793013760
198829365730091008
198829365830750208
198829364312424449
198829365713305600
198829365805588481
198829366589931520
198829366682198016
198829366686384128
198829366380212225
198829366816411649
198829366975791104
198829367076458497
198829366808018945
198829366950641664
198829367177125888
198829367730774016
198829367755948032
198829367646883840
198829367877582848
198829367458136065
198829368070508544
198829368053727232
198829368682889219
198829368804519936
198829368766767104
198829369047793665
198829369295245312
198829369408503808
198829369542713344
198829369840517122
198829369832116225
198829369538519040
198829370125725696
198829370201214976
198829370549338113
198829371023298562
198829371048468480
198829370943614979
198829371228819456
198829371614695424
198829371685998594
198829371669225472
198829371916689410
198829371459510273
198829372046708736
198829371853766657
198829372134793216
198829371698589696
198829372336128000
198829372063494145
198829372118007809
198829372789108736
198829372797497345
198829372956872707
198829373053345793
198829373594402817
198829374022230016
198829374110310400
198829374479413248
198829374433271809
198829374630404096
198829374739456000
198829374013833216
198829374647181312
198829375368601600
198829375544762368
198829375599280128
198829375834161152
198829375548956673
198829376467517440
198829376501071873
198829376043876352
198829375939026944
198829376714964992
198829376534626305
198829376140357632
198829377050521602
198829377256042496
198829377205710848
198829377293795328
198829377373483008
198829377448980480
198829377423818754
198829377595785217
198829377650294785
198829377130213376
198829378153615360
198829377511899137
198829378707267584
198829378531106818
198829379252527104
198829379198005248
198829379403526145
198829379428696064
198829379365777409
198829380007501825
198829380166885376
198829380179460098
198829380418543616
198829380187865088
198829380628258817
198829380561145858
198829380624060416
198829380720525313
198829380351442944
198829380963811328
198829380833779713
198829381156745216
198829380682788864
198829380833787904
198829381332901888
198829380900880385
198829380837965824
198829381462925312
198829381475500032
198829382024970241
198829382167560192
198829382159179777
198829381681020928
198829382373085187
198829382658301953
198829382691864577
198829382842847232
198829382830268418
198829382935121920
198829383056752640
198829383165808641
198829382339530753
198829383245508608
198829383203557376
198829383073546240
198829383597830146
198829383727857664
198829383518134274
198829383941763073
198829383572652032
198829383354560513
198829384147275779
198829384428298242
198829384101142528
198829384491216897
198829384960983042
198829384268914689
198829384965173248
198829384440872961
198829385271361536
198829385447510016
198829384545734656
198829384877088770
198829385170681856
198829384927420416
198829385879519232
198829385833398272
198829385153908736
198829386215063553
198829386122805248
198829385900498945
198829386466729984
198829386756141056
198829386873581568
198829387125231616
198829386156355584
198829386940694528
198829387452383233
198829387716636672
198829387859234817
198829387825676289
198829387901181953
198829387657916416
198829388291248129
198829388278661120
198829388207370240
198829388962332672
198829389092360192
198829389079785472
198829388656148481
198829389834760193
198829388303843329
198829390254190593
198829390220636160
198829389977354241
198829390547787776
198829390430355456
198829390648455168
198829390342266882
198829390983995392
198829391030136833
198829391168540672
198829391265021952
198829391248232451
198829391445377025
198829391390846976
198829391487311872
198829391751553024
198829391927721984
198829392040955904
198829392229707776
198829390581334016
198829392380690432
198829392544276481
198829392019992577
198829393030819841
198829393244721153
198829393567682560
198829393227939842
198829393026629633
198829393731268609
198829393752244224
198829393869672448
198829393878069251
198829393961959426
198829394297495552
198829394146496513
198829394477850624
198829394503024640
198829394683367424
198829394704347136
198829393936793601
198829394205229057
198829394511413248
198829394951802881
198829391999008768
198829395081826305
198829395509645315
198829395958439936
198829394737901568
198829396096843776
198829396394647552
198829396168159232
198829396180742145
198829396658892802
198829396725993472
198829396767936513
198829396444987392
198829397208342530
198829397304807424
198829396734382080
198829397413871616
198829397778759681
198829398198190081
198829398495997952
198829398588272642
198829398865088513
198829398764437504
198829398953172993
198829398940594177
198829396742774785
198829399045447680
198829398017851392
198829399150309376
198829399116750848
198829399519412225
198829399636836352
198829398693122048
198829399863341057
198829399540371458
198829400333103104
198829400416976898
198829400337301506
198829400005939203
198829400899334144
198829401079681026
198829400102408192
198829401394249728
198829401385869312
198829401608167424
198829402061152256
198829401490718720
198829402061160449
198829401968873474
198829402858065920
198829402535116801
198829402803535873
198829403302670337
198829403487211521
198829403587870720
198829403789205504
198829403927609344
198829403969556482
198829404305108993
198829404590309376
198829404254781440
198829404829401088
198829404984582144
198829404951031809
198829404946833409
198829405517266944
198829405689229313
198829405672439808
198829405974437890
198829405831835648
198829405563392002
198829405785686016
198829406368710657
198829405739560960
198829405022330881
198829406389673986
198829406477762561
198829407572463618
198829407178199040
198829407845101570
198829408306462720
198829409149530113
198829409459896320
198829409392787456
