198835701335339008
198835702098706432
198835702224527361
198835702522331137
198835702056759296
198835702434234371
198835702522322944
198835703696719873
198835703713505280
198835703969349633
198835703830945792
198835704011309056
198835704237785088
198835703784816641
198835703587676163
198835705055674369
198835705538035712
198835705881968640
198835705881956352
198835706536267777
198835706221703168
198835706859225088
198835706880208896
198835706188136448
198835707429654529
198835707169619970
198835707429650432
198835705802276864
198835708679565312
198835707647762432
198835709388406784
198835708306268160
198835708792799232
198835710021734400
198835709820420097
198835709631668226
198835708994125824
198835706435600384
198835710957060097
198835710948675584
198835711431016449
198835711363907584
198835711619768320
198835711724634113
198835710755737600
198835713582702592
198835712462831617
198835713821777922
198835713695940608
198835714115387392
198835714224427008
198835714778071040
198835714920693760
198835714903904257
198835714954231808
198835715264626689
198835715340124163
198835715386253312
198835715742760960
198835716833292288
198835717353390082
198835717210783746
198835717877678081
198835717965758464
198835718238375936
198835718284517378
198835718607474688
198835718792019969
198835719052070912
198835719563776001
198835719710572544
198835719408586754
198835720016756737
198835720884985859
198835721199550464
198835721052762112
198835721505742849
198835721396690947
198835721975513088
198835722130690051
198835721954533376
198835722227163137
198835723120541697
198835722793398274
198835723271553024
198835723493834753
198835723858755586
198835724064260096
198835724429180928
198835724043292672
198835724529831941
198835724722769920
198835725024759808
198835725582614528
198835725670690816
198835725775548419
198835727126106112
198835727168045057
198835726610219008
198835727423905792
198835727440678913
198835728250191872
198835729118404608
198835729537843200
198835729273589760
198835729793679360
198835730271842304
198835730607374336
198835729995014145
198835729894354944
198835730758373377
198835729827241984
198835731228143616
198835732012470272
198835731765014528
198835731530137601
198835732662591489
198835732507394049
198835732838748160
198835732780032000
198835733023293440
198835734067683328
198835734478716928
198835735573446657
198835735749591041
198835735237885954
198835736093528064
198835736198385665
198835736198393856
198835736097730560
198835736064176128
198835736299061248
198835736722677761
198835733526614016
198835737003692032
198835736856895488
198835737381191680
198835737318268928
198835737502810112
198835738077433856
198835738849189888
198835739226677248
198835739281199104
198835735607001089
198835739541254145
198835739700625410
198835740422049792
198835740988289024
198835741151866880
198835741026033665
198835737578315777
198835741789388802
198835742221410305
198835742435315713
198835742452092928
198835741776822272
198835742921867264
198835742942822400
198835743123181568
198835743299354624
198835742309498881
198835743207071744
198835744192729089
198835744226295808
198835744595378176
198835744473759745
198835744868016128
198835744083673090
198835744767344641
198835745039974400
198835745308413952
198835745547497472
198835746155663360
198835746352791552
198835746558320640
198835747539795969
198835747594313728
198835747971801088
198835748550610944
198835748051488769
198835748894543872
198835748944887808
198835749074907136
198835749095866369
198835748525449216
198835749288816640
198835749351727104
198835749569830913
198835749943123969
198835750077345793
198835750014423041
198835750714871810
198835750786179072
198835751088173056
198835751289487360
198835752652648450
198835751868313601
198835752988180480
198835753583788033
198835753604747264
198835753730580481
198835753713807360
198835753512468480
198835753512484864
198835754896605184
198835754821099520
198835754657521665
198835755055984640
198835755127291905
198835754422644736
198835754753986560
198835755651579904
198835756377190401
198835756758859776
198835756792422401
198835753722191872
198835757664833536
198835754141614081
198835757413171200
198835758096842755
198835758528868352
198835758621130753
198835759141224448
198835759317397506
198835759673905155
198835760814768128
198835761133531136
198835761385177088
198835761209024512
198835761980776448
198835761850753024
198835762035306496
198835761141919745
198835762807062530
198835763285200898
198835763503300608
198835763545260032
198835763889176577
198835764996476928
198835765478830080
198835765726281729
198835766116360192
198835766489649152
198835766489661440
198835766481260545
198835767156555776
198835767215271936
198835768221896704
198835768603582464
198835767886356480
198835768947519489
198835768758771713
198835769660542976
198835770046414849
198835770486833152
198835770843344898
198835771568951297
198835771547987970
198835772084846592
198835772500090881
198835772797894656
198835772974047232
198835772747550721
198835773217312769
198835773057933312
198835773640937473
198835773498339329
198835773573828608
198835772982431745
198835773724831745
198835774425268225
198835775176056832
198835775478042624
198835775457075202
198835775968784384
198835776883146752
198835777201905664
198835777260625921
198835776446939137
198835777470332928
198835777667465216
198835778380500992
198835778384699392
198835777604558848
198835778862841857
198835778577637376
198835779789787136
198835779882057729
198835780007890944
198835779924013057
198835779806560256
198835779978543104
198835779278090240
198835780507009025
198835780884504576
198835780477648897
198835781157134336
198835781131960320
198835781425569793
198835781396209664
198835781731762176
198835782180548608
198835782205710336
198835782558031872
198835783065550850
198835783132659713
198835783501750272
198835782784520192
198835783602417664
198835783673708544
198835781870170112
198835784441278465
198835784671952896
198835784617439232
198835784491597824
198835785401761793
198835785401774080
198835785531785216
198835785674399744
198835785758289920
198835785238200321
198835786261606400
198835786483896320
198835786853007361
198835786886549504
198835786886549505
198835787163385856
198835787817693185
198835787889000448
198835788237119489
198835788471996416
198835789608656896
198835789478637568
198835789856124929
198835789528965120
198835790338469889
198835789663191040
198835790971801600
198835791907139584
198835792074899456
198835791282188288
198835792221700097
198835792062320640
198835792993456128
198835793165430785
198835793278676992
198835792699867136
198835794046226432
198835793492582400
198835795111591937
198835795333885952
198835795845586944
198835796613140481
198835797191950337
198835796994818049
198835797632360449
198835797628162048
198835798035017728
198835798139871233
198835797582024707
198835794759262209
198835797925957632
198835798471221248
198835798773207040
198835799150690304
198835799247175680
198835798467026944
198835799846957057
198835799746293760
198835800379625472
198835800572575745
198835800555794432
198835800228630529
198835800870354944
198835801172353025
198835801172348928
198835800908107777
198835801449181185
198835802065739776
198835801273016323
198835802745212928
198835803143671809
198835802942341121
198835803454062592
198835803701522433
198835803743465472
198835804380995585
198835804620066816
198835804611674113
198835806054522880
198835807484776448
198835807765798912
198835808134893569
198835808143286272
198835809309298688
198835809388998656
198835809556774913
198835809389002752
198835809418350592
198835809900699648
198835809971998721
198835809930051584
198835810030727168
198835810190102528
198835810643099648
198835810479517696
198835810928308225
198835810978643969
198835810970238976
198835810282389504
198835811221913600
198835811721027586
198835811788128256
198835811913969664
198835812325015553
198835811431616512
198835812434055170
198835810487894016
198835812987711488
198835813600083970
198835813604274176
198835813704937473
198835813973368833
198835814967410688
198835815294570496
198835815017758721
198835814422167553
198835815600766976
198835815281999873
198835815848226817
198835816322183168
198835816473174017
198835816850665472
198835817123295232
198835817324609537
198835817249120256
198835817001652228
198835818079596544
198835818067005441
198835818117332992
198835818276724736
198835817618219008
198835817924399105
198835818859737088
198835819274973184
198835819681820672
198835820277407744
198835821007216640
198835821518921730
198835822684942336
198835823347646465
198835822898843649
198835824220061696
198835824735948801
198835825230884865
198835825016979456
198835826396897282
198835826564661249
198835827382566912
198835827571294209
198835827202199552
198835827051216897
198835827726495744
198835827726499841
198835828154314752
198835828133330947
198835828347244545
198835828007518208
198835828594712576
198835828515028992
198835828926062594
198835828733120512
198835828972195840
198835828502429697
198835829303541760
198835829504872448
198835829240631297
198835829915922432
198835830180163584
198835829915910145
198835830465372160
198835830498934785
198835831060967424
198835831652368385
198835831945961473
198835832264728576
198835832508002306
198835832512192512
198835832491216896
198835832520577024
198835832805793793
198835833304907776
198835833736937472
198835833564958721
198835835167186944
198835835146223616
198835835867643904
198835835901198336
198835836383543296
198835836605833216
198835836689719297
198835835523702784
198835837000089601
198835837117534209
198835837281120256
198835837440503808
198835837381775360
198835838245810177
198835838229024768
198835838275174400
198835839416020993
198835839353098240
198835839990632448
198835840422645760
198835839839637504
198835840749805568
198835841701920768
198835842628857856
198835842792431616
198835843073454080
198835843362856960
198835843610316800
198835844168159232
198835844637925377
198835844575010816
198835845539692546
198835845741035520
198835845761998849
198835845992689665
198835845959131136
198835838820417536
198835846353403905
198835846525370368
198835846739267586
198835846701531136
198835847049654272
198835846869303296
198835847854964736
198835848521859072
198835848941285377
198835848437972993
198835849796911104
198835849956298752
198835850384130048
198835851222982656
198835851516579841
198835852355436544
198835853081059328
198835854389673985
198835854238691328
198835855006236672
198835854637137920
198835855773802496
198835855736061952
198835855358570498
198835856050630656
198835856038043649
198835856759463937
198835857023713280
198835857506050048
198835858219073536
198835858361688065
198835857917091840
198835858533650432
198835858474938368
198835857501847552
198835857774477312
198835859246686208
198835858600763392
198835860022632448
198835860479819776
198835860790198273
198835860836327425
198835860949569537
198835861733904385
198835862073638913
198835862769905665
198835862916706305
198835863512301570
198835863143190528
198835864724439040
198835864787369984
198835865605246976
198835865777213442
198835865726877699
198835866624462848
198835866725122048
198835866645438465
198835867148746752
198835867366866944
198835867601743872
198835867777908737
198835867941474304
198835868482535424
198835868771958784
198835869375934465
198835867249422337
198835868994240514
198835870084763648
198835866741915648
198835870013460480
198835870558715904
198835871984791552
198835872622317568
198835873058529280
198835872873979904
198835872760725504
198835873335361537
198835874023215105
198835874279071744
198835874404900865
198835874329407488
198835874618818561
198835875268927491
198835875587694592
198835876049059841
198835876229423104
198835876292345856
198835876309114880
198835876690788355
198835876644651008
198835876753702914
198835877143785472
198835877357699072
198835877286391810
198835877127008256
198835877848420354
198835878544674817
198835877970051073
198835878892814337
198835879366770688
198835879211581440
198835880146907136
198835880297906176
198835880935440384
198835881312923648
198835881526829057
198835881673621504
198835882223091712
198835882306965505
198835882567008256
198835882961272832
198835883095494656
198835883665932288
198835883712069632
198835883657527296
198835884106317824
198835884655788032
198835884307644416
198835885951815682
198835886484504578
198835885893091329
198835884022431745
198835887696658432
198835888032186369
198835888778788864
198835889156272129
198835889202401280
198835889839939584
198835890829795328
198835890913677312
198835891266007040
198835891588972544
198835891928694785
198835891966447617
198835892557840386
198835892746596352
198835893539323907
198835893589643264
198835893463810048
198835894281715712
198835894545944576
198835893631594496
198835896055898112
198835896102027264
198835896173334528
198835896022335488
198835897167392768
198835897058336769
198835898002051072
198835898182418432
198835897662324736
198835898656362498
198835899293908992
198835897758785539
198835899520385025
198835899830763524
198835898937376769
198835899960795136
198835899407151104
198835899944017921
198835900317319168
198835900745134080
198835901198123009
198835901319753728
198835902032773120
198835902401888256
198835902380912640
198835902036983809
198835901621739522
198835902833897472
198835903425282051
198835903584677890
198835903806980096
198835903823740929
198835903085547521
198835904046047233
198835903676944385
198835904121536513
198835905199472640
198835902750003201
198835905476304896
198835905518256128
198835905832828928
198835905765711873
198835906713616384
198835906927534080
198835906986262528
198835907355344899
198835907611209728
198835908412321793
198835907850285057
198835908701724672
198835908957577216
198835909574148096
198835910094233600
198835910228443137
198835908223569922
198835911566442498
198835911675478017
198835912703082496
198835912426262529
198835913713926144
198835913957187586
198835914196271106
198835914909298688
198835916566040576
198835917786578944
198835917220347904
198835912459829250
198835918466056192
198835919606923267
198835919623688192
198835920139591681
198835921192353793
198835920986841090
198835921288830976
198835921884422144
198835922840731648
198835923406962688
198835923071401986
198835923465674752
198835923478253569
198835923570524160
198835924514254848
198835925374091264
198835925483130881
198835926405881856
198835926590427136
198835925835456512
198835926791761920
198835927022440448
198835927261515776
198835926435233792
198835927169245184
198835927429300224
198835926800142337
198835927437688832
198835926821122048
198835928016498689
198835927571906560
198835928549171200
198835928888918017
198835929576771584
198835930059112451
198835929337700352
198835930033954816
198835929962647552
198835930516303874
198835930788921344
198835931086721024
198835931229339650
198835931405492224
198835931883638784
198835932466659328
198835932168863746
198835933162905600
198835933456510979
198835933339074560
198835933716553730
198835934253420544
198835934467330052
198835935213924352
198835934156947456
198835935767560194
198835936010842113
198835935964692481
198835936056967168
198835936216354816
198835937654996992
198835937692745728
198835937692749824
198835938053472256
198835937965379585
198835938196066304
198835938548391936
198835938938462208
198835939559211008
198835939890577409
198835940133847040
198835941106913282
198835941199200257
198835942537179136
198835941794775040
198835942717534208
198835943229239296
198835942935638018
198835943527038977
198835944462364674
198835944374272000
198835944579792898
198835945007628288
198835944261025792
198835944701440000
198835945238298624
198835945682898945
198835945674518529
198835945938751488
198835945213149184
198835946043613184
198835946198802435
198835946400133120
198835946697932800
198835946660167681
198835946823753730
198835947339644928
198835949453574145
198835949558444034
198835950049173504
198835950481195008
198835951005466624
198835950980304896
198835951999533056
198835952200859648
198835952246996992
198835952322490369
198835952410558465
