198863888572354560
198863889222483968
198863890606587905
198863890707259393
198863893232238593
198863895354552320
198863897246183427
198863898890346497
198863900375130112
198863903818645504
198863903915130880
198863903952867328
198863906322653184
198863907551576065
198863906146488320
198863907861966849
198863908117815296
198863909145411584
198863909741010947
198863910361759744
198863910068162561
198863912907714562
198863915541741568
198863916300894210
198863918918156288
198863918142197760
198863918653911042
198863920843333632
198863922726572033
198863923791921153
198863924580450305
198863927461937153
198863930926432256
198863931668824066
198863931442343936
198863932289589249
198863935686967296
198863935301095424
198863935892492289
198863935762464769
198863939164049408
198863940174872576
198863942351724545
198863942599192576
198863943857483776
198863944121720832
198863944809582593
198863945489055744
198863947904983040
198863949100355584
198863949385568256
198863951625326592
198863952250273792
198863953013645312
198863954473263106
198863954779451394
198863954821386240
198863955375038465
198863955697991680
198863956549443585
198863956658499585
198863958021652481
198863959737110528
198863960387235842
198863963134492673
198863962954141696
198863966062116865
198863968817790976
198863967718871042
198863971011395584
198863971015593985
198863976132653056
198863979362254848
198863979878170624
198863979681030144
198863981060952064
198863983040667649
198863985880211456
198863986677137408
198863990414254081
198863991253123072
198863992918253570
198863994088472576
198863993929076737
198863995162202114
198863996219170816
198863996470829057
198863997972398081
198863997703954432
198863998656069633
198863999016779777
198863999188733953
198864002061840384
198864000967127040
198864005010432001
198864004507111424
198864006616846336
198864007619289088
198864007829012480
198864006662983681
198864008068071425
198864009498341376
198864011368992769
198864011431919616
198864013550026753
198864013793312768
198864014539882497
198864015601041409
198864016788033537
198864019346558976
198864021762478080
198864022681030656
198864023406641152
198864023138222080
198864024585256961
198864026472677377
198864027680636928
198864028385296384
198864028896997376
198864029656158210
198864029006041089
198864028234285057
198864030734098436
198864031224836096
198864031900106752
198864032265023488
198864032894173184
198864032961277955
198864033636552704
198864033472974850
198864034026627072
198864035490439170
198864036832620544
198864037335937024
198864040389378050
198864039852515329
198864048215957504
198864049453281280
198864051026145280
198864050225029120
198864051634311168
198864053198786560
198864052657725443
198864053534334978
198864057938345984
198864059137925121
198864060043902976
198864061151195136
198864061943914498
198864064032681984
198864069023895552
198864070101843969
198864069741129728
198864073188851712
198864074795261952
198864079216050177
198864079434153984
198864082290487298
198864084538630144
198864085100666881
198864085306195968
198864086220554241
198864087764058113
198864087596277760
198864088334467075
198864089869586432
198864090863648768
198864091278868480
198864091736051712
198864094927917058
198864096668557314
198864097641631744
198864097993957376
198864102997770240
198864103090032640
198864101257121792
198864106906853376
198864107594719232
198864108446171136
198864109733814273
198864111394754560
198864111570919424
198864116964798465
198864118449573888
198864121318490113
198864123545661440
198864125030432768
198864126485868544
198864127106629632
198864126829801472
198864129161822212
198864129715470337
198864130776645632
198864131024109569
198864130428502017
198864130474643456
198864132198510592
198864131649056768
198864136740933632
198864137688850433
198864137747566593
