198859357318946816
198859357520281601
198859357507694592
198859358275248128
198859359504187392
198859359692926976
198859359214768129
198859359646785536
198859360456294400
198859360842158080
198859364382146560
198859364302467072
198859364164050944
198859363186774016
198859366756134912
198859367087476736
198859367255252992
198859368912011264
198859370392600577
198859373219553281
198859373051777024
198859374201020416
198859374402355201
198859375241199616
198859372472963074
198859375702585346
198859376356892672
198859377120260096
198859375241207808
198859378256916481
198859378558902272
198859379695562753
198859380052082688
198859380140163072
198859381746581504
198859385336905729
198859385789890560
198859385454346241
198859385571774464
198859386578415616
198859386221903872
198859387538915329
198859387824128000
198859388939812865
198859390697226240
198859392899235840
198859396770566145
198859397122895873
198859397970149376
198859398523785216
198859400360886274
198859400520278017
198859400595775488
198859402063777792
198859402223165441
198859403317878784
198859402445467649
198859403494035457
198859404530028544
198859404320325632
198859407398936577
198859407411523584
198859407533162497
198859408493645824
198859408405577729
198859409038917632
198859411639377920
198859405926727680
198859413262573568
198859413912686593
198859414072066048
198859415636541440
198859415804313600
198859419470143489
198859422473265152
198859422188052480
198859422234181634
198859423345684480
198859422892699648
198859424536854528
198859423744131073
198859424851435520
198859424817889280
198859424713027584
198859426558525440
198859427145711616
198859428081045504
198859425728040961
198859429821681664
198859430048178176
198859431541358595
198859434875813888
198859435366551552
198859435857281025
198859436423520257
198859436914249729
198859438646497281
198859439099494401
198859441532190720
198859443973267456
198859447706198016
198859448855437312
198859449455226882
198859450541551616
198859450549944321
198859452282183681
198859452840022018
198859453452398592
198859453687271426
198859453645332481
198859455251755008
198859454123479041
198859457495699456
198859459043397634
198859460024872960
198859461958434818
198859461903912960
198859462348513280
198859463975903232
198859463837491200
198859464802177024
198859466366652417
198859467167768576
198859468040192001
198859468874850304
198859468644171781
198859471848620033
198859472200929282
198859473991905280
198859474717519874
198859474621046785
198859474230972416
198859474503614464
198859476776910850
198859477775159296
198859479641636864
198859486285402113
198859485450747905
198859487728254976
198859486969077762
198859488659382272
198859488768438273
198859489825390592
198859489829588993
198859490899148800
198859491922558977
198859492727857152
198859493067591680
198859494279757825
198859494921474048
198859495605141504
198859496590807040
198859496620179456
198859496972488704
198859497333194752
198859497542914048
198859497823928320
198859499837206528
198859500285988864
198859500172754944
198859504199278593
198859504077635585
198859504518049792
198859503922458624
198859505549840384
198859507470839808
198859508150304768
198859509756723201
198859511212158976
198859511841308674
198859512847925248
198859514836037632
198859515200942080
198859515930738689
198859516035612672
198859516207562753
198859516710891522
198859517243555841
198859520020193280
198859519424606208
198859520666107904
198859520359940097
198859521492385793
198859522549358592
198859522817785856
198859524524879872
198859524365484032
198859524742983681
198859525997068289
198859526903037953
198859528928886784
198859529767751681
198859532712148992
198859534352138242
198859534347935745
198859536222789632
198859535924998144
198859536449290240
198859536738693121
198859537497866240
198859536965185536
198859537623687168
198859537590136832
198859537992777728
198859539108474880
198859539364331521
198859540555497473
198859538747752450
198859542669426688
198859545114718209
198859546175881216
198859546855346177
198859547283161088
198859550340816896
198859550533750784
198859552005955584
198859551880130561
198859552752537600
198859555491414016
198859556087009280
198859557341106176
198859558347747328
198859559920611328
198859559912214528
198859560805609472
198859561820626945
198859560725909504
198859562600763392
198859563351556096
198859565041860609
198859564731465729
198859565125742592
198859564781801472
198859565419347968
198859566799261696
198859566514057216
198859566677622784
198859567797510145
198859568523120640
198859568766398464
198859569387147264
198859571970842624
198859572058918913
198859572075708417
198859574063800320
198859574382559233
198859575619887107
198859575846379522
198859576571990016
198859578023215106
198859578488795136
198859579126329345
198859577624764416
198859579545755649
198859583891058688
198859583807160320
198859583664553984
198859583807172611
198859584406949888
198859584767660032
198859585539411968
198859587116474368
198859586684465152
198859588303466497
198859588513181698
198859591038156801
198859590589353984
198859590329311232
198859592191574016
198859591818289153
198859593152077824
198859593990938626
198859595190513665
198859592564871168
198859596578824192
198859597358956545
198859597673537538
198859598671777792
198859599464505344
198859597996507137
198859599963635712
198859599636463619
198859598659194881
198859602262106112
198859602429878272
198859604346679296
198859606091509761
198859606506741760
198859605336539136
198859606557081600
198859607957979137
198859608108969984
