198847026543329280
198847027864543232
198847028204273664
198847028242038784
198847028963450881
198847030800564225
198847030871859202
198847031723298816
198847032872534016
198847033250021376
198847032625078272
198847033589764096
198847035141664768
198847034873221120
198847035892445184
198847035745640449
198847036609658882
198847037897322499
198847038966874112
198847038685839360
198847038761349120
198847039700877312
198847041420529666
198847041076600833
198847041890291715
198847043077292032
198847042431352832
198847043677065216
198847044897619970
198847044872454144
198847043685462017
198847045077975040
198847045723881473
198847046868930560
198847048408236032
198847049645568000
198847049716858880
198847050195009536
198847050593484800
198847051281338368
198847051218419713
198847051587534849
198847052120199168
198847052535431168
198847052275384322
198847052413796352
198847053818900480
198847054724866049
198847055362404352
198847056113172480
198847055844753408
198847056167710720
198847056012513280
198847058411659264
198847058956914688
198847059573473281
198847060223606784
198847060647231488
198847060869529600
198847061867757568
198847062266220544
198847062727598080
198847062421422082
198847063037984768
198847063667118080
198847062463356928
198847066057867266
198847066355666944
198847066263400449
198847066317922304
198847066892546049
198847067387465729
198847068792569857
198847070751305729
198847071149756416
198847070898102275
198847070906499073
198847072001204225
198847072101875713
198847071934095363
198847072034758657
198847073213353984
198847074006081536
198847073351778307
198847074236772352
198847076069679105
198847075188875264
198847076736577536
198847078548504578
198847078137475072
198847078066167809
198847077055340545
198847079618068480
198847080607916032
198847082075930624
198847081849434112
198847082226909184
198847082570854401
198847083204182019
198847083820756993
198847083946586114
198847086182141952
198847086370889729
198847085854990337
198847087205552128
198847087775973376
198847088178626561
198847088300273667
198847088744865792
198847088459644928
198847089948631040
198847090808459266
198847091890585602
198847092637188096
198847092775596035
198847093211791364
198847093346013185
198847091668291585
198847094725939204
198847095183114240
198847095455744000
198847096470769664
198847096533688320
198847096751800321
198847097783590912
198847098496626688
198847097896845312
198847098685366272
198847101143232514
198847100639903745
198847102107926528
198847102409908225
198847102351196160
198847102053396481
198847101508128768
198847102086938627
198847103454294017
198847104607719424
198847105564028928
198847105870204928
198847106528718849
198847107065577472
198847106696486914
198847107711504384
198847108697174017
198847109045293057
198847108634255361
198847110240677890
198847111079526401
198847111679328256
198847111880642561
198847111809347584
198847112576909313
198847112388157441
198847113029894144
198847111264083969
198847114036527104
198847115059924994
198847114384654337
198847115529687040
198847115319975936
198847115626160128
198847116347584512
198847115391279104
198847116595040256
198847117245161472
198847116938969089
198847117995933696
198847118419562496
198847118973222914
198847120143421440
198847120265056257
198847120491552768
198847122597101568
198847123188490240
198847123117178882
198847123360448512
198847123620511745
198847124425801728
198847125017202688
198847125847683072
198847126766239745
198847128678834176
198847129593188352
198847130117488640
198847123574362112
198847128615919616
198847131396751360
198847129681264642
198847133250625536
198847134332760066
198847126762041345
198847135498780673
198847136085983233
198847135909810176
198847136757067779
198847137080025088
198847135536529408
198847138069880832
198847138061496323
198847138975846401
198847139521118208
198847141085585409
198847141651820544
198847142213857282
198847142239010817
198847141672783873
198847142440349697
198847145628016641
198847142637481985
198847146097782784
198847146592698369
198847147012136961
198847147267997698
198847147079245824
198847147301552128
198847147796467712
198847147800662017
198847148723412992
198847148073287682
198847149897814016
198847150682144769
198847150854119424
198847150107533312
198847151114158081
198847150979940352
198847151000924160
198847150992523265
198847151223222272
198847152137584640
198847152758329344
198847152938692608
198847152439566336
198847152921915394
198847152846405632
198847152489889793
198847153467179008
198847154238930945
198847153270030336
198847153219715073
198847154515755009
198847154335399936
198847154738040833
198847155698544640
198847155946004480
198847155950202880
198847155090370561
198847155950194688
198847156474490880
198847156763897856
198847159972536320
198847161704792064
198847162145177601
198847162992427008
198847160442294272
198847164217171969
198847164242345988
198847164175233024
198847164691120128
198847165030862848
198847167228678146
198847168419872768
198847169082568706
198847169741066240
198847170345058304
198847172454776832
198847171674640385
198847172744192004
198847173683720192
198847173826322432
198847174602268673
198847175457902592
198847175436935168
198847176078655488
198847176414203904
198847176170938368
198847177131433987
198847177445998593
198847177504722945
198847178041589762
198847177647329281
198847179866120192
198847181057298432
198847181178933248
198847181774520320
198847181770326016
198847182416265216
198847183506771969
198847184010092545
198847184131719168
198847184492441601
198847185306136577
198847185557790720
198847185729748992
198847186455367681
198847186820272130
198847188506386432
198847188950978560
198847188967755776
198847189232001024
198847189601103872
198847191190732800
198847191341727745
198847190901334016
198847191765356547
198847191207514112
198847190909722625
198847191866032129
198847191673085953
198847192281251841
198847191811506178
198847194487468032
198847194550374400
198847194525208576
198847195879981057
198847197171818496
198847198098755585
198847197821939712
198847198660788224
198847200095252481
198847200179138562
198847200866992128
198847200623730688
198847200837640192
198847203060621314
198847202775404544
198847202716688385
198847203060629504
198847203069005824
198847203085795328
198847203765260288
198847203240984577
198847203756883970
198847203857547267
198847204323098624
198847206579638272
198847207712108544
198847207837929472
198847208068628481
198847208689385472
198847206386696192
198847208240586752
198847208429326336
198847209301741568
198847209414987776
198847209817653249
198847210253860866
198847210404847616
198847211315003392
198847211646353408
198847211713462273
198847211923177473
198847212111937536
198847213147930626
198847213487661057
198847214649479168
198847214112620544
198847214171336705
198847215005995010
198847216604024832
198847218097201153
198847218122371073
198847218466295810
198847219410026497
198847219321933826
198847219422601216
198847220232093696
198847222002098176
198847223285555200
198847223562383360
198847223201677315
198847225298812928
198847225680494592
198847225844084736
198847225579847680
198847226670362624
198847226326433792
198847226632617984
198847227307884545
198847227815395328
198847228129980416
198847228293550080
198847230906601473
198847230860468224
198847231326040064
198847231061798914
198847231128911872
198847232177475586
198847232680800257
198847233502871553
198847232995360770
198847233809059842
198847233280589824
198847233561591808
198847233951670272
198847234438205440
198847235272876032
198847236711526400
198847237307109376
198847237491658753
198847238125010944
198847237890117633
198847238645104640
198847239915974659
198847240155045888
198847240767418368
198847242101211136
198847242231230464
198847239299403776
198847243229470720
198847243393048577
198847243585978368
198847244324188161
198847244022198273
198847244642955267
198847244781371392
198847244202549250
198847244403879936
198847245095927808
198847245167230976
198847245188218880
198847245142081536
198847244974301184
198847246614265856
198847246102577156
198847247545409536
198847247327313921
198847248229085186
198847247818047489
198847248275210240
198847248874995714
198847248786919425
198847249814528000
198847250795999233
198847251190255616
198847250707914754
198847251836190723
198847251848765440
198847253606178817
198847253379678208
198847254273073152
198847253723623425
198847254319202305
198847255174840321
198847255573303297
198847256718348288
198847256475090945
198847256831594496
198847256848384001
198847256986787840
198847256982585345
198847257494290433
198847257913724928
198847258081492992
198847257238446080
198847258102480897
198847259079737344
198847259155234816
198847259243319296
198847259570487296
198847259222343681
198847259692109825
198847260849745923
198847260929433600
198847260707143680
198847263148216320
198847260967174144
198847262758150144
198847263819317248
198847264519761920
198847263072714755
198847265509621761
198847265828384768
198847266038099970
198847266759524353
198847266163920897
198847267527077888
198847268252696577
198847268860866560
198847269745868800
198847270505029632
198847271423586305
198847271037702144
198847270999953409
198847272073691136
198847271696216064
198847272505708545
198847273050980354
198847273109700608
198847273281662976
198847274149875712
198847274569302017
198847273956950019
198847274678358017
198847274930016256
198847276024729600
198847275487862784
198847275886321664
198847275886329857
