198797197796585472
198797198291517440
198797198488641537
198797198547369985
198797198891298818
198797199226834946
198797199361056768
198797199260397569
198797199398809600
198797199574974465
198797200090857476
198797200514482176
198797200132804608
198797201026199554
198797200715808768
198797201508532224
198797201420460034
198797202246746112
198797202422898688
198797202729091073
198797205098868736
198797205467963392
198797203974799361
198797206277468161
198797202666172416
198797206508142593
198797207363796992
198797207762247681
198797208139726848
198797209108611072
198797209544835074
198797210014597121
198797210106867715
198797210752790529
198797212128526337
198797211931385857
198797211998498817
198797214716395520
198797214322139136
198797216184410112
198797216092143617
198797217081987073
198797216750632960
198797217014890496
198797216545112065
198797218780684288
198797218642268160
198797220361932800
198797222006112257
198797221599260672
198797222601695234
198797222584926209
198797222689771521
198797223105003520
198797224275218432
198797225747423234
198797226057801728
198797222786252800
198797226905051136
198797227253182464
198797228020740097
198797228054286336
198797229253869569
198797230369550336
198797230189195264
198797231426502656
198797231669784577
198797229815894016
198797232739323905
198797234194755585
198797233729191937
198797234018582528
198797234794541056
198797236061224960
198797236283510785
198797237931876352
198797237906714624
198797238531653632
198797239043375104
198797239450206209
198797240192598016
198797240528158721
198797240544923652
198797240960172033
198797241698365441
198797241585119233
198797241954222080
198797242746933248
198797243334148096
198797243292205059
198797243099267073
198797243485138944
198797243673886720
198797244026208256
198797244022001664
198797245250940930
198797243900366848
198797248224702465
198797248698650624
198797248870617088
198797249021616128
198797249222938625
198797249860481025
198797250028257280
198797250145697792
198797251768885248
198797252041519105
198797251982794753
198797253446606852
198797253190754304
198797255157874691
198797256076439552
198797256193884163
198797257183727616
198797257464745984
198797257842233344
198797258924376064
198797259062788096
198797259675152384
198797259935186944
198797260681785346
198797259838730241
198797260933435392
198797261340282880
198797262783123456
198797263013810177
198797263219339264
198797263022194688
198797263273861120
198797263466803200
198797265060638720
198797265614286848
198797265727520768
198797265622663169
198797267216502784
198797264376971265
198797269489827840
198797269678567424
198797270282551299
198797269816967168
198797270857158657
198797271897358336
198797271909928961
198797273222742016
198797273117888512
198797273382137857
198797273650565122
198797273843511297
198797274665594880
198797274820775937
198797275777081344
198797276410413056
198797276871794688
198797278834733056
198797278729879554
198797277593206784
198797280072044544
198797280210456576
198797281460371456
198797282517336064
198797282626371584
198797283553325056
198797284719329280
198797284933246978
198797284979392512
198797285142970369
198797285482708992
198797286006988801
198797285470113792
198797285872775168
198797286082486272
198797286682271749
198797286124421124
198797286845857792
198797285952454657
198797287068155907
198797287248510977
198797287705673728
198797287831506944
198797287907016705
198797287349157889
198797288406138880
198797287839895552
198797289312108544
198797290092249089
198797289756704768
198797290775916545
198797291463778304
198797291686068224
198797294831812608
198797295137980416
198797295242854402
198797294626279425
198797296224317442
198797296740212736
198797297646178307
198797297767817216
198797298321465345
198797298606682113
198797300171153409
198797301177786368
198797301337169920
198797301144227841
198797301718847488
198797302347993088
198797302360571905
198797302293471233
198797302679343104
198797303543373825
198797303342055426
198797304625512448
198797306173198336
198797306580045825
198797308190666754
198797308844982272
198797307683151873
198797309654470657
198797310442995713
198797310761779200
198797310912765952
198797311860678656
198797312477233152
198797312997330944
198797312770850816
198797312988942336
198797313420951552
198797313513230336
198797313785856000
198797314138189824
198797314607955969
198797315190960130
198797315039952896
198797315765579776
198797316906422272
198797318823223296
198797319456571396
198797320106688513
198797320354152448
198797320622579712
198797321042018304
198797321515958272
198797321654378497
198797322107363328
198797322572922881
198797322707152896
198797324674285570
198797324946898944
198797321151057923
198797326184235008
198797326473633792
198797327429943297
198797327874531328
198797327870337026
198797326960173059
198797328772112384
198797328814051329
198797329648717824
198797329799725056
198797330932174849
198797330756022272
198797331590688768
198797333088059396
198797333293568002
198797332836388867
198797335915008000
198797336141504512
198797336678371328
198797336640622594
198797337060052993
198797338251235328
198797339845083137
198797340298059776
198797341942235136
198797342034497537
198797341631852544
198797342038704128
198797342277779456
198797342068064256
198797345863897088
198797346891513858
198797347118006274
198797346979586049
198797347566788608
198797348116250624
198797348690866176
198797348850241537
198797349009633281
198797349152243712
198797350444085248
198797350477627392
198797351295516672
198797351224225792
198797351765278721
198797351786266626
198797351371022336
198797353027768320
198797353057136640
198797353019383809
198797352864202754
198797353463980034
198797353665310721
198797353837264897
198797356999786496
198797357679247361
198797357788307456
198797357888966656
198797356643262464
198797357142384640
198797357926727681
198797358329376769
198797359889657856
198797359981924352
198797361194086400
198797362464960512
198797363295428608
198797363735826433
198797363987488769
198797364398526465
198797364671168512
198797365065433090
198797366093029378
198797365581332482
198797365690376193
198797366428581888
198797368177590273
198797368156618756
198797368173404161
198797369511378944
198797369830158337
198797370115375104
198797370371223552
198797371407220737
198797372757778432
198797373558890498
198797372380291072
198797373634396162
198797374796218369
198797374997544960
198797375047860224
198797375148535809
198797375769280512
198797376201310208
198797377354735616
198797377421848576
198797378453651456
198797378097135617
198797378273280000
198797378017435648
198797379011481600
198797379376381955
198797380374630400
198797377438617600
198797380961841152
198797381314166784
198797381771337728
198797381544837120
198797382132056065
198797382580830209
198797382702473216
198797381184143360
198797385286172672
198797384808017922
198797386229874688
198797386083086336
198797385005150209
198797386355720193
198797388318642176
198797388616441857
198797388842942464
198797388872290304
198797388608045056
198797388238962688
198797389715357696
198797389895708672
198797389845368832
198797390155743234
198797390331904000
198797389631459328
198797390793285633
198797391019778048
198797391686664192
198797392080932864
198797392324210688
198797392194179072
198797392848494592
198797392995291136
198797393184030723
198797392974327809
198797393288888320
198797393414717441
198797394278744065
198797394207444993
198797395184713728
198797395868393473
198797397181206528
198797396992458752
198797398926032897
198797398254944257
198797400394055681
198797400301764609
198797401031585794
198797398594682880
198797401610391552
198797402403123201
198797402432479232
198797402877075457
198797402608635905
198797404991008770
198797405209100288
198797404714184704
198797404747726848
198797403673985026
198797406693900289
198797406727438337
198797404697399296
198797404747730944
198797407054606339
198797407486623747
198797407759245312
198797408182878208
198797409512472576
198797410410049536
198797410665906176
198797413136351232
198797413794840577
198797414600159236
198797415191543808
198797414994415617
198797415388688384
198797416567291905
198797416722477056
198797417141903361
198797416609222658
198797418131767296
198797419406823425
198797419960467456
198797420707065856
198797420618985472
198797422334447617
198797422800019456
198797423768903680
198797422749687809
198797424716812289
198797424951705600
198797427090788353
198797427434717185
198797427476672513
198797428483305472
198797428265193473
198797428768505856
198797428680429568
198797427019497472
198797430282657796
198797431205400577
198797431767441408
198797432065228800
198797433340305408
198797433772310528
198797434086887426
198797435370344448
198797435047391232
198797436184039424
198797436897075200
198797437333291008
198797437559775232
198797437777879041
198797438436376578
198797439304605697
198797438587379712
198797439434629120
198797440466419714
198797440067960832
198797440005058560
198797441405952000
198797442454528000
198797442018328577
198797442471313408
198797439057141760
198797442177695744
198797445541539840
198797446162296833
198797447101812737
198797446921457664
198797447370244096
198797447550611458
198797447433170944
