198794680941551616
198794681637806080
198794681491013632
198794682334052353
198794682711539712
198794682682195968
198794682459885569
198794680278859778
198794683860779009
198794684653514752
198794685018415104
198794685899210753
198794686889074688
198794687493050371
198794687585329152
198794688742948864
198794687904088065
198794689216905216
198794688910737410
198794689573429250
198794689531486208
198794687979589633
198794687874740225
198794690533924864
198794690693308416
198794691112730624
198794691607674882
198794691846750208
198794691674783745
198794693763534849
198794694782758912
198794695458029570
198794696368193536
198794695495790594
198794693562208257
198794696892481537
198794696431108100
198794697278357504
198794696808607744
198794697978810369
198794698477928448
198794701233586177
198794701619474433
198794702609317888
198794702953267200
198794703423029248
198794703410438145
198794704165404672
198794704886824961
198794705302073347
198794707676053505
198794707982225410
198794709446037504
198794709953560579
198794709613821953
198794711014719488
198794710536556544
198794711354449921
198794711572545538
198794712109420544
198794712759545856
198794713501933568
198794713359319041
198794713610989568
198794713388679169
198794715162882048
198794714672148480
198794713938145281
198794716232421377
198794715926245376
198794717150973952
198794714617622528
198794718870638594
198794719197790209
198794719264915456
198794718765776897
198794720435113984
198794720875511808
198794721043296256
198794721932488704
198794722335141889
198794722343522304
198794725166301184
198794724797198336
198794725468282881
198794725598310400
198794725279531008
198794725619286017
198794723534708736
198794726659457024
198794726890143744
198794718937743361
198794728152633344
198794728110690305
198794729222189056
198794730576949248
198794731323523074
198794731378061316
198794731067686912
198794730832805888
198794731734564864
198794730514022400
198794731239653376
198794732057526272
198794732112056321
198794733118693376
198794733559087104
198794734481842176
198794734007877634
198794735274569730
198794736650293249
198794737082310656
198794737396891651
198794737703075840
198794738499989504
198794737656938496
198794739749879808
198794739858944000
198794739896688640
198794741603762176
198794741117235200
198794742560067584
198794742841090049
198794743092756482
198794743117914113
198794742786572288
198794743013064704
198794744531394561
198794744300711938
198794744539791360
198794745047293952
198794745840017409
198794745726771200
198794746590789632
198794746926338049
198794747291250688
198794750470524928
198794750915125248
198794751787536385
198794750990618624
198794752357974016
198794752425070593
198794753825972225
198794752961953792
198794753310081026
198794753968574465
198794754266374147
198794754199265280
198794755453366272
198794755310747649
198794755482718208
198794755977658369
198794755688235011
198794756480962560
198794757407911937
198794757802168321
198794757319819265
198794758108364801
198794759509250050
198794758762676224
198794760247455746
198794760876589056
198794761178578945
198794761811931136
198794762411704320
198794762940203008
198794763703549952
198794760360689664
198794765649711105
198794766949953536
198794767797207041
198794767667183617
198794767868493824
198794769604935680
198794771253301248
198794771878260736
198794773014917120
198794773384003584
198794774357098496
198794770565443585
198794774801678336
198794775019798530
198794772972965888
198794777054031873
198794777125335042
198794778052272128
198794778341687296
198794778694004736
198794778786275328
198794781927804930
198794782179467264
198794783848804352
198794785476182016
198794786340212737
198794786126299137
198794787015499776
198794786952581120
198794788202491908
198794787783065602
198794788554809344
198794788345085952
198794788726771713
198794789091684352
198794789003595776
198794788743561217
198794789007785985
198794790282866688
198794789901176832
198794790719078401
198794791193026560
198794791213989888
198794791549542401
198794790073151488
198794791503396864
198794792480681984
198794793449558017
198794793629908992
198794794636546049
198794794670104577
198794796150685696
198794797413179393
198794797438337024
198794797610307584
198794794779160577
198794800923803651
198794801007689730
198794801322270721
198794800739262464
198794803226488833
198794800621830144
198794802911920129
198794804228919296
198794805235564544
198794804677718016
198794807139774465
198794806732914688
198794807668256769
198794807726968832
198794809064951808
198794810092552195
198794809232719872
198794810369376256
198794809639579650
198794810411323393
198794810755256321
198794812319739904
198794812739174401
198794813464772608
198794814005854208
198794814131671040
198794814953750528
198794816086224896
198794815780036609
198794816648257537
198794816782467072
198794817403232256
198794817558413312
198794817470341120
198794817709408258
198794817390649346
198794818040770560
198794818359537666
198794818535694336
198794819819151360
198794821710786560
198794822562226176
198794822092468225
198794821849194497
198794820339240960
198794823103283200
198794824017641472
198794821119377409
198794824470630400
198794823132655616
198794822335729664
198794825364021249
198794824109916160
198794825221406720
198794826991419396
198794827058515968
198794829310861312
198794829671575553
198794829814181889
198794830397177859
198794831076663296
198794828941770753
198794831609339904
198794833173819393
198794833417089026
198794836139192320
198794835963019265
198794837254873088
198794838009856001
198794839255564288
198794839855349760
198794841822474240
198794842149617666
198794842644545536
198794842543882241
198794843445669888
198794843844124672
198794843860901889
198794844825591808
198794845572169729
198794846289395712
198794846922735617
198794847186984962
198794846880800768
198794846922743810
198794847828713473
198794848407519233
198794847895818240
198794849292525570
198794849879732225
198794850148163584
198794850232045568
198794850219470848
198794851284819970
198794852039802881
198794852249505792
198794853075787777
198794852425678849
198794852136259584
198794853629431808
198794854124371969
198794854938058752
198794855114219520
198794855579779074
198794855814664192
198794856104075264
198794858163482624
198794858645823488
198794857756622848
198794856972300288
198794857924395009
198794861095305216
198794860742979586
198794861363732480
198794862231961601
198794862043205633
198794863934849024
198794864681435137
198794864505257987
198794864295546880
198794864954064896
198794863360225280
198794866854084610
198794866438840321
198794868527595521
198794868062031872
198794868833792000
198794869173530626
198794869165137921
198794867781017602
198794870419230721
198794870276636672
198794870813491200
198794871329398785
198794871404900352
198794871832711169
198794872088567808
198794872617046017
198794871643975680
198794872688361473
198794872763846658
198794873355251713
198794874336710656
198794874634510336
198794875750203392
198794876744241152
198794876991700994
198794875200737280
198794877880905728
198794878061252609
198794878430347266
198794878652657666
198794878497468416
198794880858865665
198794881060179969
198794881714499586
198794881634803712
198794878879141891
198794882570125312
198794883987800065
198794884570816514
198794884990238720
198794885661339650
198794885816528896
198794885816524800
198794886026244097
198794886332424192
198794886676361218
198794886017847296
198794888588963841
198794890769997825
198794890195378176
198794892183478273
198794893819256832
198794894389682177
198794894544879618
198794894498742272
198794895253716992
198794895404695552
198794895564095489
198794896377790464
198794896264531968
198794897472495616
198794898936311808
198794888219860992
198794900278493185
198794900186210304
198794901834579968
198794902484684800
198794902690209792
198794902673428481
198794902182690817
198794902778281984
198794903378071552
198794902832816130
198794903248056321
198794904627974144
198794904200155136
198794904862851073
198794905101930496
198794905752047617
198794905328431104
198794906595102721
198794904003031042
198794907584966657
198794907400409088
198794908021174272
198794907882754049
198794908306378753
198794909027799044
198794908604170241
198794908436402178
198794908826484736
198794909505949696
198794910026043393
198794911343050752
198794912374849537
198794912634896384
198794913280819200
198794912546828288
198794912798478337
198794913914167296
198794914153250817
198794913515700224
198794916191682561
198794916627890176
198794916141334529
198794916640464896
198794917085069313
198794916841787393
198794917735170049
198794918079115264
198794917986840577
198794919115096066
198794919068975104
198794919748440065
198794920482443266
198794920042053633
198794920344027136
198794920847351808
198794921820434432
198794922671878144
198794923288428544
198794923233902592
198794921426165760
198794923556868097
198794924177633280
198794924999704576
198794921233227778
198794925222002689
198794927939911680
198794928522919937
198794928845889536
198794929340821506
198794929944793088
198794930032877568
198794929449865216
198794929818972161
198794930116771840
198794930884325376
198794930473283584
198794930792050690
198794931253428224
