198857849194020864
198857849131118592
198857849642823681
198857851228274688
198857854009094146
198857854931836931
198857856492122113
198857856240451585
198857856949301249
198857857163210752
198857857742016513
198857857767186432
198857858727682048
198857859176476672
198857860132777984
198857860225052672
198857860623511552
198857861537857536
198857862678720514
198857862158626817
198857863429488641
198857864318685184
198857864511631360
198857862070550529
198857865396625408
198857866772361216
198857866956906496
198857868101959680
198857868689145856
198857869112778753
198857868886282240
198857870996013058
198857871176380416
198857872854106112
198857872870883328
198857874053660672
198857875475542016
198857875257430017
198857876742221824
198857878126342144
198857877585276928
198857879674032129
198857879879561216
198857881532112897
198857883339862018
198857886758207488
198857888507248640
198857885978075136
198857896354775040
198857895939543040
198857896543522818
198857898657452033
198857899378884608
198857901081763840
198857901534740481
198857902700765185
198857903384440833
198857903241830400
198857902918868992
198857903543824384
198857904294596608
198857905523527680
198857904852447232
198857909206134784
198857911886286849
198857913564012544
198857913807273985
198857915195588609
198857916890091520
198857916692955138
198857916885909504
198857919024988163
198857919633170432
198857919322787840
198857920220381184
198857920157450241
198857921319272449
198857922292367360
198857925501001729
198857928848052224
198857931062657025
198857931003936769
198857934522957826
198857936615899136
198857938557878274
198857938373312513
198857940856356865
198857941162536960
198857943674929153
198857944874500097
198857945402966017
198857945587523586
198857947001012225
198857947315576832
198857947412041728
198857948712275968
198857948586442752
198857950666833920
198857951501500416
198857950352248835
198857951971250177
198857952784941056
198857952818499584
198857953955155969
198857953871278080
198857954705944576
198857955616112642
198857955486072832
198857955876155394
198857955683205120
198857959973990402
198857961995644930
198857964084408320
198857964583534593
198857965413994496
198857965804060672
198857966387068928
198857966307377154
198857966584217600
198857966936522752
198857966219300864
198857973022461952
198857972972126209
198857973408346112
198857975333535745
198857975312551936
198857976591822848
198857976709259264
198857976407261184
198857977892061184
198857978709946368
198857979766902785
198857979758522368
198857980119228416
198857977086750720
198857981130059776
198857984217055234
198857986125463552
198857986553282561
198857987291492352
198857987094364160
198857988499456000
198857987950002176
198857989170536448
198857988478476288
198857990013595648
198857991510966272
198857992848941056
198857993222225920
198857995537485824
198857996216963072
198857996707692544
198857996300861440
198857998783889408
198857998876151808
198858001455661057
198858001958965248
198858004005781505
198858006266511360
198858007562563584
198858008476913664
198858009328369664
198858009638748161
198858009743597568
198858011182235651
198858011828170753
198858014453796865
198858015808561152
198858016207020032
198858016429314048
198858016525778944
198858017003933696
198858016588705795
198858017893134337
198858018585198593
198858021437308928
198858022049685505
198858022259392512
198858024503361537
198858024281055232
198858026382397440
198858026374021120
198858027380641793
198858028001406976
198858026550165505
198858028701859840
198858029016420352
198858030371188736
198858032212480000
198858029381324801
198858033428832258
198858034611621888
198858034745847808
198858035639234561
198858036658438146
198858034557108225
198858039888052224
198858039573483520
198858044900257792
198858046515056641
198858046896734210
198858048649953281
198858049681764352
198858052772970496
198858052902985728
198858052747792384
198858056677863424
198858057550278656
198858057197957120
198858058913431552
198858059290906624
198858058586263552
198858060368850944
198858059207032832
198858061492928512
198858064034660352
198858064340860928
198858065271984129
198858065804656640
198858066073100288
198858065573974016
198858066345730049
198858065825632256
198858066555453440
198858066895192064
198858066362499072
198858067788570624
198858067209760769
198858068237352960
198858069625679872
198858071248875520
198858072263892994
198858075778719744
198858076105871361
198858076433035264
198858076906983424
198858078068817920
198858078710542336
198858079977218048
198858079725551616
198858082787405826
198858083508817920
198858083580116992
198858087480823809
198858090181967872
198858089720582144
198858092891471872
198858094715994112
198858095504531456
198858096293056512
198858097014484992
198858096154640386
198858098331496448
