198794933371551746
198794933778382848
198794934940205058
198794938664751104
198794938882863104
198794938283065344
198794938090143747
198794939881099264
198794939184848896
198794938782199808
198794940225032196
198794940225032193
198794940594139136
198794939138715649
198794941479141376
198794940107595776
198794941714014208
198794939964997632
198794939734310913
198794942733230080
198794938232750080
198794945090420738
198794944830386176
198794945673428992
198794946092859394
198794947275657217
198794948429099009
198794949444108288
198794949406367746
198794949767069697
198794948475228160
198794950543015937
198794950589153280
198794951293808640
198794953458057216
198794953835556864
198794953843937281
198794954032676864
198794953516789761
198794954506637314
198794954800234498
198794955064487937
198794955412606976
198794957677539328
198794958038237184
198794957853687809
198794958176657408
198794957513961472
198794958747086848
198794959409782785
198794961557258240
198794962513575937
198794962786205696
198794964598128641
198794965202120704
198794965726400512
198794966762389504
198794966682714112
198794966795943937
198794968150720513
198794968863752192
198794968326864896
198794969329303552
198794970226900992
198794971489382401
198794972118532097
198794972743479296
198794973062250496
198794973389402113
198794973511041025
198794974635110400
198794975562051585
198794975503323139
198794975641747456
198794975742406657
198794975893405697
198794976572874753
198794977550143488
198794977663393793
198794976568684544
198794978787471361
198794980117069825
198794980242890755
198794979869593600
198794980473585664
198794980393893888
198794981941592066
198794983199883264
198794983443148803
198794983497670657
198794983925493761
198794985561260032
198794986257526785
198794986261721088
198794987398377472
198794987650031616
198794988476317696
198794988677644288
198794989839450114
198794988144959488
198794991026450433
198794991278112770
198794991965974530
198794993056497664
198794993580773378
198794993740161024
198794994750980097
198794995275280385
198794996353212416
198794997397594112
198794994881019904
198794998823665664
198794998903357440
198794998743969793
198794999670915072
198794999897403392
198795000715292672
198795001445089280
198795001172463617
198795001679974401
198795000912424961
198795002216845312
198795004259483649
198795004213334016
198795004192374785
198795005165441027
198795005429682176
198795007954657280
198795007770103808
198795008558628865
198795009959542784
198795009611399168
198795009716256771
198795009284259840
198795009208754176
198795010735489024
198795012102819840
198795013042356224
198795013004591105
198795014019616770
198795014250315776
198795014271275009
198795014711689216
198795015235964928
198795016120967168
198795016976605184
198795018113253376
198795019350573056
198795019979726849
198795019379945473
198795020273336320
198795020868919297
198795021011529728
198795022278209536
198795022227877891
198795023712665600
198795023964307457
198795024291471360
198795024627015680
198795025314873344
198795025256157185
198795026669645825
198795027311378432
198795028175405056
198795029173641216
198795029819555843
198795030725541890
198795031526641665
198795031430180865
198795032331943939
198795033346981889
198795033556684801
198795034127106048
198795035599310850
198795036278796290
198795036840828929
198795038594052097
198795039684558849
198795040095608833
198795040443744256
198795040506646529
198795041316143105
198795040842199040
198795042566053888
198795043279093761
198795043711098880
198795043555905536
198795043421687808
198795044436721664
198795044327669760
198795045787287552
198795045439156224
198795045900521473
198795046563233795
198795046781321216
198795046735196160
198795048127709187
198795048316440580
198795048261926913
198795048542945281
198795051785142272
198795052217155585
198795054888923137
198795053936816129
198795055400615937
198795056994455553
198795058286305280
198795060303757312
198795060328939522
198795060718997505
198795057095127041
198795060899364865
198795061004210178
198795059636879361
198795062396715008
198795063055233024
198795063650828289
198795063680176128
198795063885697024
198795064141561856
198795064091230208
198795064066052096
198795065408241665
198795064707792896
198795067245330433
198795067731881985
198795068738510848
198795068734324736
198795068608491521
198795069115990017
198795069405409280
198795069640294403
198795069728362496
198795069883551744
198795070839861250
198795072827953153
198795072710508548
198795072844738561
198795068201631746
198795074086248448
198795071561285633
198795071225733120
198795074790883329
198795074392436736
198795068977586177
198795067195002880
198795068897886208
198795073922666496
198795074916724736
198795074778308609
198795076988698626
198795077643014147
198795075088691200
198795077303271426
198795077655597057
198795076896428035
198795077500407808
198795078423166979
198795078515437568
198795078121160704
198795078578343936
198795079593361408
198795079266209794
198795079903748096
198795080709046273
198795080696467456
198795080583217152
198795081032024064
198795082290302977
198795082487443456
198795082541965312
198795083993198593
198795084672675842
198795084752371715
198795084517490688
198795085113073664
198795085243092993
198795085285048321
198795085847076864
198795087059222528
198795087986163712
198795088107802624
198795087826784256
198795088132980737
198795088808259584
198795089131208707
198795089986859008
198795090888634369
198795091014467585
198795091710713857
198795091530362880
198795092134330369
198795092264366081
198795091828158464
198795087617064961
198795092667011072
198795091274514433
198795089861017601
198795092859953152
198795093799469057
198795097805045760
198795098283180033
198795099235295236
198795099587616769
198795101726720002
198795098962661378
198795099277238273
198795101584113668
198795101940617216
198795103689641986
198795104012599299
198795104545284096
198795105774223360
198795106256564224
198795107028307969
198795108395646977
198795109221928960
198795110262112256
198795111281344512
198795111289733122
198795110090158080
198795111897903105
198795111948222465
198795111927250944
198795111600111616
198795112325709825
198795112560603138
198795112577368064
198795112774504449
198795113978265600
198795115525971968
198795115832164352
198795116725534721
198795116138348544
198795117581185025
198795116884922368
198795117660872704
198795118210330624
198795118310998016
198795118692675586
198795118935932929
198795120861118465
198795118046752769
198795122689847296
198795122719199232
198795122626924545
198795123310600192
198795124451442688
198795124413710338
198795124879269888
198795121595133952
198795124547928065
198795125822984192
198795125785239553
198795125944619008
198795126053683201
198795125873315840
198795126317912064
198795127060316160
198795127664287744
198795127991439361
198795127945302017
198795129593663489
198795129337823235
198795127408427008
198795130570940417
198795130176684035
198795131162345472
198795132009590784
198795131523051520
198795132932337664
198795133746024449
198795134408728577
198795135922880514
198795136283574272
198795136212275200
198795136833044480
198795136979832833
198795137172766721
198795139148288000
198795138049376256
198795139844538369
198795139597074434
198795139790016514
198795140205260800
198795141539041281
198795141669060612
198795141375463425
198795142235291649
198795143426482177
198795141283184641
198795144793833472
198795146039541760
198795145888542721
198795145913712640
198795147796942850
198795148430295040
198795148904247296
198795149973782528
198795150028312576
198795150766518273
198795150938480640
198795151047524353
198795151450189824
198795151945117698
198795152368742400
198795152024801281
198795151957692416
198795153346011136
198795152981110785
198795153006276608
198795153807388672
198795154440728576
198795154587525120
198795156034564098
198795156856647681
198795157276078080
198795157691318272
198795160858013696
198795161793347586
198795161466179586
198795161688473600
198795162372153344
198795162707693569
198795163596894208
198795162472816640
198795164247003136
198795164414779394
198795164532228096
198795164439953409
198795165085859840
198795165647900672
198795166084120576
198795166428049408
198795166264459265
198795167602454528
198795166440628226
198795167795392512
198795167313047553
198795168449695747
198795169968029698
198795169779294209
198795170488135680
198795170613956608
198795171096313856
198795171725455361
198795172119715841
198795172354605057
198795172362989568
198795170035154945
198795172555923457
198795174065872897
198795174569193472
198795176028798977
198795176175611904
198795176708276224
198795176548892672
198795177446477827
198795177509396482
198795178230808576
198795178759299072
198795179321327616
198795179547828224
198795179690434560
198795179501686784
198795179778510850
198795180135034880
198795180961300480
198795180780957698
198795181443661825
198795182764851200
198795182311878657
198795183154921472
198795183809245185
198795184069287936
198795184086073345
198795183515648000
