198841741099536384
198841741682556929
198841741254737920
198841742563344386
198841742345248768
198841743087644672
198841743330906112
198841743809064963
198841743955857408
198841743611928576
198841744329158656
198841743544823808
198841744568229888
198841745054777344
198841745025413120
198841746392752128
198841743804866561
198841747047071744
198841747466489857
198841746640207872
198841747999162368
198841748263407617
198841747541987329
198841749148418048
198841748724785155
198841749421039616
198841749014192128
198841749655928833
198841749102264320
198841750251515904
198841749697871872
198841747533611008
198841749815312384
198841750012436480
198841750029217792
198841748687040512
198841750360555521
198841750566088705
198841751291695104
198841751958585345
198841751899869184
198841752000528384
198841752340283392
198841753170739200
198841753145581568
198841753141383168
198841752508043264
198841753887965184
198841754076721153
198841754689081346
198841754844266496
198841752310915073
198841755074969600
198841756085792769
198841756182249472
198841755846713344
198841756110958594
198841756178059265
198841756949819392
198841757201473536
198841757339889664
198841757293744130
198841757142745088
198841757683818497
198841757365043202
198841757499260928
198841758363295745
198841756022874116
198841758132609024
198841758052913153
198841759206342656
198841759353147392
198841759525117952
198841759105679361
198841755804766208
198841759176986624
198841759088910336
198841759860666370
198841759835500546
198841760250740736
198841760095535104
198841760275890178
198841760275894272
198841760020045824
198841760254930945
198841760791797762
198841760024240130
198841761584521216
198841761211232258
198841761697771520
198841762284969984
198841762767314945
198841762872172544
198841763383873536
198841762880561152
198841757339881472
198841764205953024
198841764294049792
198841763769757696
198841763610378240
198841764654759936
198841764059152384
198841764751212544
198841760343015427
198841764470210560
198841764914806785
198841765107744771
198841765405528065
198841765766234112
198841766047260672
198841766298927104
198841766416363521
198841766697373696
198841766772875264
198841766919680000
198841767586578432
198841768010190849
198841768022773760
198841768207331328
198841768458977282
198841768417038336
198841768643534848
198841769297850368
198841769180409858
198841769612427264
198841769734057984
198841769985703936
198841770308669441
198841770094755842
198841771453726721
198841771336269824
198841771134959616
198841771692789760
198841769109102592
198841772380663808
198841772741378049
198841772657487872
198841772435193856
198841772271611904
198841773055942656
198841773357928448
198841772951089152
198841773882216448
198841773362122753
198841774062575617
198841774104518656
198841774318428164
198841775681576960
198841775148904448
198841775618654208
198841775551545344
198841776151339008
198841776008732672
198841775991959553
198841776621109250
198841776822427648
198841776444948481
198841776654655488
198841777237667841
198841777418018816
198841777510289409
198841777237667840
198841777254436864
198841773097889792
198841777753567232
198841777850023936
198841777766141952
198841775014682624
198841777938120704
198841778143641600
198841778298818560
198841778013609984
198841779078963200
198841779481608193
198841779494203393
198841779225772032
198841779368370176
198841779217383426
198841778730835968
198841779347406849
198841773555060736
198841780190457857
198841779674562560
198841780320485376
198841779787800576
198841780043653120
198841780685385728
198841780186267649
198841781427777536
198841781570379777
198841781582958594
198841780106571776
198841781666848771
198841783281655809
198841783084531713
198841783487184897
198841784888082432
198841785378811905
198841785382998016
198841785689190400
198841785060040704
198841785903091712
198841785873739778
198841786163138560
198841786632900608
198841787115257857
198841787081695233
198841786519662593
198841786809073667
198841786662264832
198841787354333184
198841787677278210
198841788553887748
198841788587446272
198841788331597824
198841788662947840
198841788503556096
198841789438885888
198841789271113728
198841789573103617
198841789908664320
198841790667825152
198841790357442560
198841791494094848
198841791909343232
198841790005121025
198841792320380928
198841791737380866
198841792874029056
198841792920166400
198841793385730049
198841793746444288
198841793515765760
198841793696120832
198841794375585792
198841794467860480
198841794610466816
198841794614673408
198841794581110785
198841795889729536
198841795998785536
198841795436744704
198841795868770304
198841796426604545
198841796565008384
198841796032331777
198841797550669824
198841797722636289
198841797710065665
198841797840080898
198841797294825472
198841797613584384
198841798460837889
198841798364381185
198841798699921408
198841798859304961
198841798720880640
198841799261954048
198841799316488192
198841800209858560
198841800096624640
198841800218251264
198841800117583876
198841800671232000
198841801057124355
198841801275219969
198841798309851137
198841802009231361
198841801300381696
198841802130853888
198841798360170496
198841802051174401
198841802906808322
198841801065496576
198841802386718721
198841803359789056
198841803405934592
198841803011665920
198841803162648576
198841803791806465
198841803967971328
198841804341256192
198841804827791360
198841805037510656
198841804882317312
198841805045907457
198841804538380288
198841804932644864
198841805574373376
198841806316777473
198841805335298050
198841806543261696
198841806643937280
198841804718735361
198841807134658561
198841807356964864
198841808531369984
198841808254545920
198841808778829824
198841809051459584
198841808397144066
198841809114378240
198841809332482049
198841809764499458
198841809521213444
198841809240211456
198841810011959296
198841809986781184
198841810087456768
198841809919676418
198841810586570752
198841810586583040
198841810796290049
198841810410418177
198841811572232192
198841811840663552
198841811677089793
198841812192989186
198841812255903744
198841812243324929
198841812989919232
198841813518397441
198841813778444290
198841813832966144
198841813862334464
198841814642470912
198841814281764864
198841816387297280
198841816244682753
198841816450207744
198841816236310530
198841815602958337
198841817142280193
198841817578475520
198841817695928320
198841817616236544
198841817297453056
198841817771417601
198841817523945472
198841818337652738
198841818144702464
198841818564141059
198841818840973312
198841818882904064
198841819340083201
198841818673184768
198841818459287552
198841819654656000
198841819675635713
198841819805655040
198841819835023360
198841820128616448
198841820434792449
198841820350918656
198841819822440448
198841820904558592
198841820506103810
198841821076533249
198841821223321600
198841819344285696
198841822028640256
198841821672112129
198841822053797889
198841822716493825
198841822334828544
198841822846521345
198841823026880513
198841823110766593
198841823437914113
198841824314531840
198841824645881856
198841825371488257
198841824436158465
198841825656713216
198841825769951234
198841825174360064
198841826017415168
198841826118086656
198841827191832576
198841826713681921
198841827657396225
198841827661594624
198841827472834560
198841827825164290
198841827254743043
198841827518984193
198841827703525376
198841828135546880
198841826789179392
198841828424945664
198841827896463361
198841828777263105
198841828504633344
198841829171527683
198841828475285504
198841829238644737
198841829393842176
198841829309939712
198841830165577728
198841829737775104
198841830060732417
198841830853451776
198841830899580929
198841831142854657
198841831285456896
198841831595835393
198841831876866048
198841832216608768
198841829720993794
198841831813939202
198841831314833408
198841832170463232
198841831860080641
198841832858324992
198841832652800001
198841832938024961
198841833730752512
198841834271809536
198841834347302912
198841834380853249
198841835601412096
198841835622367232
198841835723042816
198841835840479232
198841834917728257
198841836352192513
198841836469620736
198841836868083712
198841836549312515
198841837040054272
198841837186846720
198841836662558720
198841837815992320
198841837769863169
198841837421727745
198841837631455232
198841838071848960
198841837681782784
198841838340288513
198841838331887616
198841837778247681
198841838277361664
198841838386421760
198841839158165504
198841838982021123
198841838856187905
198841839560818689
198841840248692736
198841840567451648
198841840886222848
198841840902995968
198841841070768130
198841841511186434
198841841444077569
198841842513620992
198841841808969729
198841842022879234
198841842777853952
198841842027081729
198841842920456192
198841843704791041
198841843260194816
198841844031954946
198841845445439489
198841845130866688
198841845659353088
198841845843886081
198841844224888833
198841846334636032
198841846082965505
198841846007480323
198841846296883200
198841847014113280
198841846473035776
198841847148322818
198841846192025602
198841847399976960
198841847886512128
198841848305946625
198841848075268097
198841848532439042
198841848893145089
198841849157386242
198841849224507392
198841849048342529
198841848939282432
198841849069318145
198841849782353920
198841850533122049
198841849526484992
198841850004652033
198841850646380544
198841850738638850
198841850814152704
198841850382127104
198841850935783426
198841851049025538
198841851099357185
198841851011284993
198841851724308480
198841852156313600
198841852101787649
198841852475080706
198841852588326913
198841852886134784
198841852915499008
198841853167140865
198841852542201858
198841853339111424
198841849367101440
198841853297172480
198841853070680065
198841853192318976
198841853368479744
198841853297180672
198841853871800320
198841854475763713
198841854006009856
198841854584819712
198841854547066880
198841855402721280
198841855499186176
198841854157004800
198841855264305152
198841855625003009
198841856170262529
198841856191250433
198841856115748864
198841856753278976
198841856967192576
198841856946225152
198841857147543553
198841857210449921
198841854798741504
198841857139163136
198841857491484672
198841857885749249
198841857424363524
198841858191917057
198841858347122688
198841858682650624
198841858498109443
198841858623934464
198841857986412544
198841858980446208
198841858737184768
198841859479580673
198841859689283584
198841859580231681
198841859911585792
198841860251320320
198841859571847169
198841860201000960
198841861056638976
198841860591058947
198841860838526976
198841861241176065
198841860926619649
198841861547372544
198841861346033665
198841861891293184
198841861773860864
198841861878722561
198841862159740931
198841862562398210
198841863258652672
198841862780485634
198841863074103297
198841863405436928
198841863778738176
198841864349167616
198841864474984449
198841864911204353
198841865775222785
198841865531953152
198841865527758848
198841865716514819
198841865812975616
198841866677006336
198841866412752896
198841866555371520
198841867855593473
198841867851415553
198841867847208961
198841867545227264
198841868111454208
198841868509904896
198841868962897921
198841868883206145
198841869415878658
198841869776601089
198841870212800512
198841870217003008
198841869780795392
198841871198470145
198841871185883136
198841871282339840
198841871286534144
198841871550775296
198841871949246464
198841871898902528
198841872251236354
198841868421836800
198841872582574081
198841872620335105
198841871760494592
198841872792305664
198841872502882304
198841873371111427
198841872871985152
198841874583261185
198841874071568385
198841874721685504
198841874591645696
198841874612625409
198841874994311168
198841875040444416
198841875707342848
198841875979960321
198841875493433344
198841876227440641
198841876487479297
198841874730065920
198841876432961536
198841876311322624
198841876114182144
198841876760113154
198841876562968576
198841876982411265
198841877364088832
198841876873347072
198841877166948352
198841876537815041
198841877695447042
198841878588817409
198841878110679040
198841878198755330
198841878928572417
198841879226359808
198841879528345600
198841880086192128
198841879670951938
198841880203640837
198841880358817792
198841879931002881
198841880635637760
198841880476270592
198841880656625664
198841880614666241
198841881277378562
198841880774053890
198841880958603265
198841881126379523
198841876286152704
198841881453543424
198841881466126337
198841881499672578
198841881491275776
198841882229473281
198841882292400129
198841882233679873
198841882875404288
198841883122860032
198841883261284352
198841883722649600
198841883353563136
198841884603465728
198841884481826817
198841882414026752
198841884729294848
198841885698166784
198841885375213569
198841885815607298
198841886373453824
198841886625103873
198841887589801984
198841888302829568
198841887807913984
198841888705495040
198841887568822272
198841888634179584
198841889485635584
198841889259139074
198841888986513408
198841889963786241
198841890257379328
198841890576154625
198841891020746753
198841891494703104
198841890672619520
198841890764898305
198841891217879041
198841891289169920
198841891847028736
198841892346142720
198841891951874048
198841892576833536
198841892509716481
198841892736204801
198841892312596480
198841893394726912
198841893709295616
198841894317465600
198841895059853313
198841894162268161
198841894875316224
198841894980173824
198841895185678337
198841895156334593
198841895974215680
198841895458308098
198841895261175809
198841896091660289
198841896305561600
198841896028737536
198841896490119171
198841896590778368
198841896582381568
198841896863399937
198841897308004354
198841896997634048
198841897467396096
198841897958121474
198841898289475584
198841898524356611
198841898956361728
198841898490798080
198841899241574400
198841899392565248
198841899212218368
198841899803611136
198841900172713984
198841899971387394
198841899463884800
198841900218855426
198841899732307972
198841900462129152
198841900571181058
198841900827033601
198841900940279810
198841901078679554
198841901342924800
198841901292589056
198841901825261568
198841901426806785
198841902731239424
198841902064349185
198841903129698306
198841902622183424
198841902953541632
198841902861254656
198841899770060800
198841903616245760
198841901481328640
198841903574290432
198841904144728067
198841905067462656
198841904773865473
198841904538992643
198841904677396481
198841905595953154
198841905277190145
198841905847603200
198841905608531968
198841905990209536
198841905843408898
198841905788895234
198841906455785472
198841905746948096
198841906619359233
198841906455773187
198841907286261760
198841906975879168
198841907667943424
198841907495968768
198841907743440896
198841907508547584
198841907147833344
198841907445637120
198841907701481472
198841907944763392
198841908309659648
198841908229967873
198841908477435904
198841908565512194
198841909584736256
198841909416968192
198841909303721985
198841910633299969
198841910075457537
198841910905937920
198841911241474048
198841911279222784
198841911673499648
198841912197787648
198841912394907649
198841912994693121
198841913732898816
198841913766457348
198841913921634305
198841914261372929
198841914139746304
198841914802450432
198841914970226688
198841914815029249
198841914970222592
198841914609512448
198841914890530817
198841914785677313
198841915448365056
198841915867803648
198841915372875778
198841915511283713
198841916278845442
198841916702474240
198841916740214785
198841917277085697
198841916920569856
198841917872672768
198841917772017664
198841917742653441
198841917579067392
198841916803121153
198841919235833857
198841919235833858
198841918698950656
198841919055470592
198841920397643778
198841920527667201
198841920477335553
198841921496551424
198841921379119104
198841920871604225
198841921454612480
198841920808689665
198841921240702977
198841921697882114
198841921911799808
198841921840480256
198841922092154880
198841922012450817
198841922423488513
198841923077816320
198841923237191680
198841923509821440
198841923279130624
198841922897461248
198841923740504064
198841923375607809
198841923501441026
198841923719528448
198841923505635328
198841924319313921
198841923690168321
198841924038311936
198841925179154432
198841925460168705
198841925485338624
198841925187547136
198841925669892096
198841925195935744
198841925481148418
198841925246255106
198841926085115904
198841926013825024
198841926156431361
198841927179845632
198841926768791553
198841927360200704
198841927368581120
198841927662182403
198841927372783616
198841927653785601
198841927385350145
198841928383606787
198841927561519105
198841928631066624
198841928215830529
198841928568152065
198841928643649536
198841929415401474
198841930359111680
198841930447208449
198841930677895168
198841930623352833
198841930820497409
198841930984071168
198841930740805632
198841930946326531
198841928115175424
198841931579658242
198841931776798721
198841931592253440
198841931328008192
198841931558699008
198841931730653186
198841931663556608
198841931864870913
198841932489818112
198841932477243392
198841932997332992
198841932980551680
198841933043482627
198841933689401346
198841934255620098
198841934427598848
198841934364684288
198841934817669120
198841935442616322
198841934977052672
198841935920758785
198841936159846401
198841935807520770
198841936650571778
198841936377937920
198841936591859712
198841937304887296
198841937929838595
198841937321672705
198841938164715520
198841938034696192
198841938244403200
198841938475106304
198841938550603778
198841938164723712
198841938097614848
198841938819035136
198841938961637376
198841938932281345
198841934859608064
198841939808886784
198841939737587712
198841939611750400
198841939456561152
198841940119265280
198841939590782976
198841940232511489
198841939683057664
198841939896967168
198841940777766913
198841940945534976
198841940710658048
198841939523678209
198841940026994691
198841941138472962
198841941109112832
198841940895203328
198841941222367232
198841941541134336
198841940949745664
198841942312890369
198841941931212801
198841942539378690
198841940572254209
198841942879121408
198841943025922049
198841942807810049
198841943491481601
198841944095473664
198841943810248704
198841945169207296
198841945513144320
198841944800112641
198841945177600000
198841944892387328
198841946029043712
198841945731239936
198841945508945922
198841945827704832
198841945601224704
198841946599460864
198841945743826944
198841946964373504
198841946633027584
198841946377162753
198841947182469121
198841946922418177
198841946930823168
198841947434131456
198841947559952386
198841947627073536
198841947048259584
198841947903889408
198841947635466240
198841947857747969
198841947782250496
198841947656437760
198841948310745088
198841948826648576
198841948684025858
198841948843425796
198841948344295424
198841948696621056
198841949292212224
198841948990218241
198841949392875520
198841949128622081
198841949736804353
198841949329960962
198841948256215040
198841950185598979
198841950210752512
198841949975871489
198841950537924608
198841950441447425
198841950932180992
198841951376781313
198841951800393728
198841951561334784
198841951418712064
198841952278556672
198841952228212736
198841953062891520
198841952823820290
198841952232411137
198841952454705152
198841953230651392
198841952987398146
198841953146773504
198841953671053313
198841954321178625
198841954308587522
198841954342146049
198841954400878592
198841954828689408
198841954807713792
198841954887409665
198841954325377024
198841954845458433
198841954228912129
198841954950328320
198841955285864448
198841955394924544
198841955432660992
198841955583664128
198841955109715971
198841955260698627
198841952500858880
198841955856302080
198841956250562560
198841953411018753
198841954891608066
198841950315610112
198841956300890112
198841956695158784
198841956170870784
198841956355424257
198841956493824000
198841956510609408
198841957219450880
198841957374631936
198841957496262656
198841957898911744
198841958389649409
198841958595170304
198841959350145025
198841959350149120
198841959354335234
198841959727636482
198841960272887808
198841960256118786
198841960289665024
198841959983497217
198841960587464704
198841959727636480
198841960809766912
198841960256110592
198841960545525760
198841960981725184
198841961120145408
198841961245970433
198841961036255233
198841961229205504
198841961409556481
198841961824792576
198841961652813825
198841962089033728
198841961770262528
198841962814648320
198841963280207872
198841963892572163
198841963745779712
198841964278464514
198841964437848066
198841964299436032
198841964802748416
198841964794363904
198841964450422785
198841964672712704
198841965222182914
198841965847126016
198841965851312128
198841966237188098
198841966249779200
198841966325280768
198841965612240897
198841966400778240
198841966493057024
198841967159947264
198841967298359298
198841967721975808
198841967961051136
198841967747141633
198841967512272897
198841967847809025
198841969026400257
198841968900571138
198841968225300480
198841969064153088
198841969303232513
198841969928175618
198841969894629377
198841970045616129
198841970276311041
198841970335023104
198841970154680321
198841970695741443
198841970481840128
198841970611855360
198841971199066112
198841970699943937
198841970951602178
198841971408764928
198841971559763969
198841972029521920
198841972058894339
198841972570595328
198841972499300352
198841972407025664
198841971832397825
198841972281184257
198841971744317440
198841972679651328
198841972608352257
198841972616724481
198841971526221824
198841973141020672
198841973136818176
198841973644333058
198841973493338113
198841973879226370
198841973883412481
198841973979889664
198841974726467585
198841974231531520
198841974281867265
198841974705500161
198841971232616448
198841974676127745
198841975326257153
198841975246553088
198841976249008128
198841975338835968
198841976496459776
198841976836202496
198841977318551553
198841977326940160
198841976974610433
198841977519865857
198841977826062336
198841977645707266
198841974357377024
198841978476175360
198841979130490881
198841979042402305
198841979201785856
198841979763834880
198841979579281409
198841980032266240
198841976337076226
198841980065820673
198841980330049536
198841980124545025
198841980829171712
198841981001154561
198841980615262208
198841980795621376
198841980749492224
198841981361864704
198841981001150465
198841981164724226
198841977649893377
198841982389460992
198841982196527104
198841982871797760
198841982544650240
198841982754357249
198841982993440769
198841983043776513
198841983098298368
198841983085719552
198841983060541440
198841981059870720
198841984104931329
198841983723257856
198841984163647488
198841984096542721
198841984499204096
198841985669406720
198841984029437953
198841985858154496
198841985606483970
198841985786843137
198841986332110849
198841986273382400
198841986285961218
198841986336301056
198841986889957376
198841987082878976
198841986529230848
198841986986422273
198841986982232064
198841986948673536
198841986868981760
198841987145809920
198841987271634945
198841987724615680
198841986638282752
198841988748029952
198841988785778688
198841989213589504
198841988806737920
198841989003870208
198841988617998337
198841989599477760
198841989431705601
198841989335224321
198841989196812289
198841989914046464
198841988664143873
198841990018904067
198841990207639552
198841990417362945
198841990501240832
198841990182477825
198841991331713024
198841990807437312
198841991000358914
198841991533035520
198841991117811713
198841991654682624
198841991688237057
198841991520464896
198841992590016512
198841991545622529
198841992564850689
