198779078340382721
198779079703535616
198779080341078017
198779081238654976
198779081947484161
198779082140418048
198779082480173059
198779085206470657
198779086661890048
198779087815327744
198779088981336064
198779089069412353
198779091116228608
198779092663930880
198779095855804416
198779097067954176
198779096342331392
198779090898124802
198779091774734339
198779098678571008
198779099852980227
198779099995570177
198779102101123072
198779103522983936
198779103929835521
198779104168906752
198779104554778624
198779105225871361
198779104542195713
198779105691435008
198779106500947968
198779106748416000
198779107176226818
198779107327217664
198779107599855616
198779108807815168
198779109424369665
198779108187062273
198779109340491776
198779111223738371
198779111798353920
198779115871027200
198779117297082368
198779119822057472
198779118400176128
198779120811909121
198779123651457024
198779125547286528
198779126012850176
198779125169795072
198779126902038529
198779127828987904
198779127636041728
198779129204715521
198779130001620992
198779132505620480
198779137714962433
198779138809667584
198779141292691456
198779142114770944
198779143582777344
198779143540838401
198779144790740993
198779146598494209
198779146002890752
198779147936473088
198779148460752897
198779148469153792
198779150453055489
198779152260796416
198779152051089409
198779155029041152
198779155926630400
198779155733692418
198779156018896896
198779156601896960
198779160418713600
198779161127555074
198779161907699712
198779161232416770
198779162029326338
198779163660918785
198779163350548480
198779164415901696
198779164638199808
198779164189396993
198779167125422080
198779167129600000
198779168564056064
198779168635371522
198779170417938434
198779170455691265
198779169419694081
198779172397662209
198779173400088576
198779173781766144
198779175073615872
198779175547580416
198779180090003457
198779181394444288
198779181499289601
198779181100830720
198779182753382400
198779185823617025
198779185525825537
198779185509044225
198779186326945792
198779188029820932
198779188608634881
198779191062306816
198779192651948033
198779192253485057
198779192874242048
198779194614890496
198779200973438977
198779200658870272
198779202445651969
198779202235928577
198779206136639488
198779207042613250
198779206707060736
198779207080361984
198779209836011521
198779210217684992
198779214349090817
198779214583967745
198779214604943363
198779217096355840
198779217377374208
198779219822653441
198779219910729728
198779220753776640
198779220967698434
198779221089329152
198779222150483968
198779223576551424
198779223975002115
198779224163753985
198779224524472322
198779226311241729
198779228433547264
198779228559384579
198779231155650560
198779231919026176
198779233001160708
198779233412202496
198779233831620609
198779235211558912
198779236637614081
198779238160146433
198779238244036608
198779238789283841
198779238483111936
198779238759927809
198779239162576897
198779242006319105
198779242455105539
198779242371231745
198779248549433344
198779245898645504
198779252215250944
198779254396305408
198779255679746048
198779259668533249
198779260083773440
198779261883125761
198779262831034370
198779263195955200
198779263279828992
198779259911815172
198779264089341953
198779265435705344
198779260469645313
198779267373481985
198779267633516544
198779267969064964
198779265599291392
198779269038616576
198779270129139712
198779271517437953
198779271848796161
198779272192724992
198779273300017152
198779273954332673
198779275447500800
198779275342651392
198779278219935745
198779278387716096
198779279373381632
198779279335620608
198779281512472577
198779280396779520
198779281051095041
198779283118886912
198779283357970435
198779284347830273
198779284838551552
198779284666585088
198779284729511937
198779285782274048
198779286101049344
198779286684057600
198779287409659904
198779288173027328
198779288940589056
198779291687858176
198779292526706688
198779292505743360
198779295169130496
198779296687468544
198779296058310657
198779298201604096
198779300118401024
198779301884203009
198779302517538817
198779304384012288
198779306393079808
198779309194874882
198779309714968577
198779310578991105
198779311325585408
198779312671948801
198779313703759872
198779313821204482
198779312856514561
198779313741508608
198779314316132352
198779314987204608
198779315503116288
198779316207763456
198779309102612480
198779316341964800
198779321991696385
198779321974915075
198779322172055553
198779322448883714
198779321748426752
198779323325489156
198779324210495488
198779324646686720
198779325129043968
198779326001446912
198779325640740864
198779326487994368
198779327322669057
198779328274763777
198779328945860609
198779329684058113
