198788390416687104
198788390353764353
198788391809200129
198788392425750528
198788392434139136
198788393159753729
198788393591771136
198788395709898752
198788398402646018
198788397509251072
198788397224042500
198788399325384704
198788403519688707
198788403737788417
198788404681523202
198788404232724481
198788404694106112
198788405574909953
198788404752809984
198788406266957825
198788408414453760
198788410629038081
198788410616459265
198788412646490113
198788411967025152
198788415532171267
198788415402156033
198788416530415617
198788418992472066
198788419630006272
198788420863131648
198788421941071873
198788422788321280
198788422784126977
198788424541544449
198788424675753984
198788426001162240
198788426345086977
198788426445758464
198788427167186944
198788428207362048
198788429155274753
198788432057729025
198788433349586944
198788430434549760
198788432737218561
198788431923527680
198788434620452864
198788435392200705
198788435748732929
198788436327530496
198788435866173440
198788436864413696
198788438827347968
198788439162892288
198788440786087938
198788441272619009
198788441834651648
198788441360699393
198788443319435267
198788445404012545
198788444011499520
198788447794757633
198788447857680384
198788448532967424
198788451401859072
198788451854856192
198788453264146432
198788453998133251
198788455214485504
198788455675871232
198788457651376128
198788458137927682
198788458746097664
198788459928879105
198788460188925952
198788461208150016
198788462193815553
198788463930261507
198788464500674562
198788465851244545
198788465859641347
198788461916987393
198788465909968896
198788465788334082
198788467029848064
198788467617038336
198788467315048449
198788469366063106
198788469575778304
198788470934736896
198788471740055552
198788471643578370
198788472973172737
198788475150024704
198788476001456128
198788478094417921
198788481156259841
198788481386954752
198788483593150465
198788484016771072
198788483811250176
198788486088753156
198788486013267968
198788487292534784
198788488450162689
198788488248823810
198788489460977664
198788490807357441
198788494259269633
198788494099881984
198788494376706048
198788496322863105
198788497308532737
198788498222891010
198788498076073984
198788498436796416
198788499971907584
198788500827553792
198788502371049473
198788502765305856
198788502840807424
198788507957862400
198788507962064897
198788508998045697
198788509828530178
198788510474444800
198788510348623873
198788510604476418
198788511468486656
198788508935131136
198788512202506240
198788513909579777
198788514031222786
198788514249326592
198788514723266560
198788515092377600
198788515193028610
198788515696345088
198788515071410176
198788515369201664
198788517021757441
198788518095491074
198788519165046788
198788519777419265
198788520322670593
198788520976977920
198788521102807040
198788521681625088
198788522021359617
198788522210103297
198788522650509315
198788525380997120
198788525901094912
198788526718980096
198788527608176640
198788527805308928
198788528589643777
198788528740642816
198788528585449472
198788530435141632
198788530464505857
198788531919925248
198788532452589568
198788533601828864
198788533719281664
198788534168059906
198788536621731840
198788536491716609
198788538270093313
198788538475614210
198788539150897153
198788539230601216
198788540069462017
198788540480503808
198788540711190528
198788540979609601
198788542309220352
198788542456012800
198788544154705920
198788544423149568
198788547170406400
198788549124956160
198788552681725952
198788558151102464
198788558578913282
198788558851538946
198788559061258241
198788559216459776
198788560135000064
198788560206303232
198788562769022976
198788562689327104
198788566745219074
198788567332433920
198788568028676097
198788570616573952
198788570708844546
198788571182804993
198788571509952513
198788572151689216
198788573284155392
198788574131388417
198788574257225729
198788575528091650
198788575754588160
198788576220151808
198788579252645888
198788580129255424
198788582079610880
198788582520000512
198788583019130881
198788583111393281
198788583727955969
198788584692658177
198788584990441473
198788587599298560
198788589448986624
198788589075693568
198788591839744000
198788592871550976
198788592800235521
198788593051893761
198788592825417732
198788593890758658
198788593840435202
198788594029170689
198788595262291969
198788595459440640
198788596822573057
198788601943834625
198788602258403328
198788602593951744
198788603936116738
198788604045180928
198788604955336704
198788604410073089
198788605223776257
198788605676748800
198788607425789952
198788609439051776
198788609288060930
198788610017861632
198788610835755008
198788611536191488
198788613507518466
198788613855653890
198788614837125123
198788614249922560
198788616741322752
198788616720367616
198788617840230400
198788617982853125
198788617966059521
198788617974464512
198788617961873408
198788619077554176
198788620272934912
198788620491042816
198788621149540358
198788623418671107
198788623443820544
198788623137640448
198788623175401472
198788623875842049
198788623443828736
198788625259962369
198788625180266496
198788626329505793
198788627399057408
198788627625541634
198788629106139137
198788629064204288
198788630783856640
198788632063115264
198788633287860226
198788633648570369
198788634101563394
198788634332237825
198788634554535936
198788634978160640
198788637448609792
198788639440896000
198788640623693826
