198860112620822528
198860114319511552
198860115837853696
198860116014022656
198860116349550593
198860117666566145
198860117637214209
198860120225091585
198860118908084224
198860120569028608
198860121785384960
198860122297085953
198860122569711617
198860123345661953
198860124301950977
198860124784295936
198860125358915585
198860124847210496
198860125610577920
198860126768214016
198860130073321472
198860130815721472
198860131902033922
198860133613314049
198860135186173952
198860135739817985
198860136025030657
198860135882436608
198860134758354944
198860138625499136
198860138470313985
198860139212709889
198860139074293761
198860141318258688
198860141511192577
198860142605901824
198860141687341056
198860144896000000
198860145332195329
198860146900869122
198860148020744193
198860147991379968
198860149186760704
198860150667358208
198860150851911680
198860151908872193
198860154115080193
198860157139169280
198860158326153216
198860158955290624
198860160377159680
198860161962610688
198860158770753538
198860162776309760
198860162809872384
198860166102384641
198860167868198912
198860168467988480
198860170552549377
198860169839517696
198860171890532355
198860173534695424
198860173517922304
198860174516166656
198860174398726144
198860174654570497
198860175564742656
198860175111761921
198860175564750851
198860175615066112
198860178521731073
198860180371423232
198860181969440768
198860185677201408
198860185098403840
198860185949835266
198860183009628160
198860189481435136
198860189598887937
198860190349656064
198860191033335808
198860190047666176
198860192174186498
198860193289867264
198860194099376128
198860193600241666
198860194753675265
198860195282157569
198860196003581954
198860197337366528
198860198813765632
198860199266750464
198860199044456448
198860202504753153
198860204778078208
198860204757102594
198860207634399232
198860208133509120
198860208682975232
198860209882533888
198860208473260032
198860211262455808
198860210700431360
198860211493146624
198860211816116225
198860214139748353
198860214957641728
198860214966038528
198860216471793664
198860216308203520
198860216874438657
198860218615074817
198860218774466562
198860220313780224
198860221584646144
198860222322847744
198860222540943360
198860223056855041
198860224164139010
198860227385364480
198860227427311616
198860228501049344
198860230484951040
198860230870835201
198860230237495296
198860230996660224
198860232431116293
198860233060253696
198860235149029377
198860235358736385
198860236600254464
198860236726091776
198860238634496000
198860240203153409
198860241373368320
198860240970727424
198860241880887298
198860242073821184
198860241633419264
198860242300305408
198860244250669056
198860245127282690
198860245542514688
198860246997925888
198860246561734656
198860248134598657
198860247924883457
198860250034606080
198860250542116864
198860251796221952
198860252584755200
198860254660919296
198860256422531073
198860255994716160
198860255986323456
198860256984563713
198860257995399168
198860258926538752
198860259098497024
198860258821681152
198860258263838720
198860258322554880
198860260109328385
198860260033822720
198860263930347520
198860264576266240
198860265373188097
198860265037643776
198860267080253440
198860267109617664
198860268716048384
198860272927125504
198860275510820864
198860277813493760
198860278115483649
198860278367133696
198860279285694466
198860280120356864
198860280413945856
198860281487691777
198860282787921920
198860282762772480
198860283651960834
198860284876685312
198860286004965377
198860286063689728
198860286793490433
198860288462831616
198860290715156480
198860290111193088
198860288735449088
198860289993736192
198860290820014080
198860290652254209
198860292338368512
198860293865082880
198860294720733185
198860296159367168
198860296167755776
198860296121630720
198860297090506752
198860297275056128
198860297665130496
198860298604642304
198860298344595457
198860299602894848
198860299498041344
198860300055883776
198860300345282562
198860301356122112
198860301507117056
198860300487884800
198860302589239296
198860304040468480
198860305395220483
198860306108268544
198860307588857857
198860311950921728
198860312710090752
198860314706587648
198860314425573376
198860315071479809
198860312890441728
198860316711456768
198860316665323520
198860316833095681
198860316975702016
198860316828901376
198860317122498560
198860317772611584
198860319060262912
198860319278366721
198860319899136000
198860320641527808
198860322990333952
198860325741797376
198860328027684864
198860329411813376
198860332469452800
198860331919998976
198860332368789504
198860332507213824
198860329248243712
198860334633713664
198860334189117440
198860334663081984
198860334755352576
198860335397076992
198860335808131073
198860336525344769
198860337716527105
198860338219843585
198860339327139842
198860339260035072
198860340157620224
198860340325400576
198860341348794368
198860341776621568
198860343269785600
198860345186590720
198860345337577472
198860344670687233
198860345480200192
198860348818866177
198860349578035200
198860351301894144
198860351645827072
198860351465459712
198860353898168321
198860354833481728
198860356049838080
198860356385374208
198860356540571648
198860357584949250
198860359250092032
198860358868418561
198860359484981248
198860359749222401
