198858854061191169
198858853855657984
198858855109763073
198858857332744192
198858860352634880
198858859220185089
198858861447352320
198858863208960000
198858864232378369
198858863833923584
198858865192865792
198858866363076608
198858866207895552
198858863469010944
198858868435066881
198858867935952896
198858868397318145
198858868225359872
198858870070837248
198858870939070464
198858869450092544
198858873006858240
198858874151907328
198858874994962433
198858875145957377
198858875263385600
198858877293428736
198858878803378177
198858878350409728
198858880124596224
198858880900530176
198858883454877696
198858887175221248
198858887644975104
198858888764850176
198858889716961280
198858889201070080
198858890367074304
198858890346102784
198858891130454017
198858891742822401
198858892611035140
198858893194047489
198858893277929474
198858893928038400
198858895383470080
198858894804652032
198858896855678976
198858897509990401
198858898407555072
198858898785050624
198858899653263360
198858900030758912
198858900391473152
198858901066752000
198858901410680832
198858903369420800
198858903688192000
198858905105870848
198858906351570944
198858906456428544
198858907693744129
198858907978960897
198858910231306240
198858910327767040
198858911397326848
198858907890880512
198858910935945216
198858911653179392
198858913414774785
198858914626936833
198858915348353025
198858916346601474
198858916984139776
198858922222829568
198858922365423617
198858923648888834
198858924114452480
198858923879579648
198858923976032256
198858924244484096
198858924533882880
198858925079142400
198858924991066112
198858928220667904
198858928640106496
198858928250036224
198858928929521664
198858930376548353
198858935309049856
198858936823185410
198858937389432833
198858937888542721
198858938463174657
198858939033583616
198858940400934912
198858942015750144
198858942779105280
198858943324356610
198858944310030338
198858944117080064
198858944788168704
198858945526382593
198858943013978113
198858946344271872
198858946767880193
198858947501899776
198858947170533376
198858944893042688
198858950152691713
198858950685376512
198858950819577856
198858950991556608
198858951490678786
198858951830417410
198858953147424769
198858955760467968
198858956452528128
198858956255404033
198858956720963584
198858957085884417
198858958675509248
198858958834909184
198858961397628929
198858962060316672
198858962018381825
198858962358124544
198858964425916416
198858966846029825
198858967202541568
198858967961702400
198858968406294529
198858968091738112
198858969652006912
198858969790418946
198858970557984768
198858971552038913
198858971380060160
198858971744976896
198858972176977921
198858974156701696
198858974932639744
198858975381438465
198858975981219841
198858977168207873
198858977415675905
198858977143042048
198858977294041089
198858977323384832
198858978271301632
198858979206639616
198858979416354816
198858980532043777
198858981609979904
198858983421919232
198858983908458496
198858984130748417
198858984684400640
198858986919964672
198858987519754243
198858987930791937
198858989038084096
198858989281361921
198858990736785408
198858991604998145
198858992850702337
198858992997507072
198858993609879552
198858996176781312
198858997439266818
198858997615427584
198858999293153280
198858999540629504
198859000073302016
198859000463360001
198859000559837185
198859001096699904
198859000966692865
198859001864265728
198859002245947392
198859003005112321
198859002992533504
198859005572026369
198859006708690945
198859008344465408
198859008956829697
198859009774718976
198859011364364289
198859011725078528
198859012568137728
198859015080513536
198859015449616384
198859017689366528
198859019073503232
198859019195133953
198859022240202752
198859022449901569
198859023922106369
198859021980147712
198859023943090177
198859024677081088
198859025822130178
198859026585501696
198859026610667520
198859026640027648
198859028133187585
198859028959465472
198859030448447488
198859031824183296
198859028921716736
198859032830808064
198859033409622018
198859034131050496
198859034303008770
198859035066376192
198859035787788288
198859036161089538
198859036525993984
198859039822716929
198859039680110592
198859040103743489
198859039789170689
198859041328480257
198859042431569920
198859042486099968
198859042330918912
198859042708389889
198859043824078848
198859041055834112
198859043211722752
198859046869147648
198859048198737920
198859050459475969
198859050698543105
198859051168317441
198859050199425025
198859053462585344
198859054641201154
198859056096612352
198859056264396801
198859057837260803
198859058294431744
198859058655133697
198859058927763456
198859062123839488
198859062987857921
198859062715224064
198859063893823489
198859063726047234
198859064095158272
198859066238447616
198859068679532546
198859069157670912
198859069220601856
198859071439372290
198859070487269376
198859071946887169
198859072223719424
198859074320863232
198859074731900928
198859075239415808
198859075310718976
198859077542096897
198859082415874048
198859081342140417
198859083091156992
198859083124711424
198859080708800512
198859083359584256
198859084479463425
198859084462702595
198859085003755520
198859086153003008
198859086958297090
198859085960056832
198859087511953408
198859088166256642
198859088816381952
198859089453920256
198859089709768705
198859090192105472
198859091005816832
198859092549308416
198859093069402113
198859093572714496
198859092519956481
198859092310241284
198859094923296769
198859095627927553
198859095858622464
198859096601010178
198859096663916546
198859097519570944
198859098920456192
198859101042778113
198859100908568576
198859101529313280
198859101655146497
198859101885833218
198859103651639297
198859103869743105
198859104943489024
198859105190952960
