198787635857207299
198787635408408576
198787636494729217
198787636989673472
198787639363641345
198787639929864192
198787640068280320
198787640328339456
198787641880227840
198787644572958721
198787645168558080
198787646313611266
198787646712066048
198787651078324224
198787651187376128
198787651745218560
198787652789612544
198787652999327745
198787655922749441
198787656853889025
198787657587900416
198787657252352002
198787657776640000
198787657751461889
198787659332722690
198787659345301504
198787658267361280
198787661396320259
198787661878669312
198787663589945345
198787661413089281
198787666408517633
198787669046738945
198787669118025728
198787672024682496
198787672821608448
198787672913874944
198787673681432576
198787674008592385
198787673769512960
198787676126707713
198787676411928576
198787676252540929
198787679687680000
198787682367832064
198787682841804801
198787683718402048
198787686570532864
198787686868320257
198787687384227840
198787688843837440
198787688642523140
198787689250697217
198787692492886018
198787693554057216
198787693025558528
198787690731282432
198787694795554817
198787695844147200
198787695823159296
198787696766881793
198787697328926722
198787698633355265
198787698427838465
198787699946176512
198787700860530689
198787701233815552
198787703641346048
198787703767175171
198787704866091008
198787704857706497
198787703230312448
198787706736754688
198787707709820928
198787707726594048
198787707286196225
198787712621350914
198787712545857536
198787715066626048
198787715544793088
198787716958261248
198787717721636864
198787718208172033
198787718258507776
198787716903743490
198787719088971776
198787720225636353
198787721106427904
198787721471336448
198787724109549571
198787725569163264
198787725996998658
198787726999420928
198787725531426818
198787727091703811
198787727657938944
198787727951532032
198787729146904576
198787728861696000
198787729478254594
198787730380038145
198787731361509376
198787733567709184
198787735115399168
198787736688271361
198787737451642881
198787738588291072
198787739427160065
198787739360034816
198787741717250049
198787741801132032
198787741209735168
198787744934281217
198787745051709441
198787747689930752
198787747241136129
198787748205830145
198787748566544384
198787748780449792
198787750177157120
198787751255097345
198787751917797377
198787752878284800
198787753377411072
198787752605655040
198787754631495681
198787755134812161
198787756988698625
198787756053368833
198787760386097153
198787761455632386
198787763796058113
198787766534938624
198787766350397440
198787768292347904
198787772587311104
198787772734119936
198787775707873281
198787774780932096
198787775691100160
198787778119602176
198787775800156161
198787779101065216
198787780325801984
198787781063999488
198787781647011840
198787782829813761
198787783609958401
198787786004901889
198787786264944640
198787788093661184
198787789356138496
198787791059030017
198787791717531648
198787792246030337
198787792959057922
198787793961496577
198787794385125376
198787796075413504
198787797107220483
198787798797520898
198787799384719361
198787797786693632
198787800647217153
198787801284739072
198787799837708290
198787802266218497
198787803071524864
198787803864252416
198787804141060096
198787805558734848
198787806020108289
198787810289909761
198787810055041025
198787811707600896
198787812655513600
198787813167210499
198787816937885697
198787814320644096
198787818946957313
198787819689345024
198787821203492865
198787822264664064
198787824542154752
198787825548795905
198787828904247297
198787829587906560
198787829529186304
198787830720372737
198787831395663872
198787832872050689
198787833643794436
198787833744457728
198787835438964736
198787835896139778
198787836013588481
198787836034564096
198787835527049216
198787836860837888
198787833736077312
198787837812944898
198787837351559169
198787837578059776
198787839431933953
198787839528407040
198787840186920960
198787840350502913
198787842393128960
198787843160674304
198787843231977473
198787843391373313
198787842900623362
198787844347670529
198787847073959938
198787847778607105
198787848273543169
198787849452138497
198787849980624896
198787848923652098
198787853503832065
198787853570945024
198787854309134336
198787854976024578
198787858771881984
198787859845611520
198787862018265089
198787863029100545
198787863528214528
198787863440138240
198787865021382657
198787864895565827
198787866137079808
198787866808164352
198787866556510209
198787869043720193
198787869966471169
198787872151711746
198787871736471552
198787873225449473
198787872134926336
198787875884638209
198787876761243648
198787878778699776
198787881442082818
198787883342102528
198787883748958208
198787883837046784
