198845764775055361
198845767572652032
198845768352796672
198845770005352448
198845770231848961
198845770693218304
198845770684833793
198845771104264193
198845772022808576
198845772329000961
198845772391923713
198845773348212737
198845773419524099
198845773360807936
198845773390163968
198845772970725377
198845775671853056
198845776145813505
198845776707846144
198845777659961345
198845776863051777
198845778565939200
198845778431721472
198845778792415232
198845778557546496
198845779325104128
198845778972770305
198845778935025665
198845779820032002
198845780092653569
198845780470145024
198845780386250753
198845782122700801
198845782139478017
198845779220250624
198845777349578752
198845783389376512
198845782378549250
198845783934636032
198845784538611712
198845783292907520
198845784295342081
198845784953864192
198845785121628160
198845784907710464
198845782831538176
198845786602221568
198845786958737408
198845787357192193
198845788032466945
198845787982135296
198845788825198592
198845788460302336
198845790146412545
198845789668261888
198845790553247744
198845790964301824
198845791538905089
198845791715065858
198845791534714880
198845791643766784
198845793141145600
198845793891921920
198845793950642176
198845794281988096
198845792683950080
198845795070517248
198845795062136833
198845795737407488
198845795976495104
198845796895047680
198845797696159744
198845798182686720
198845798711173121
198845798673420288
198845799092850688
198845799696826369
198845800011399168
198845800166604802
198845800229515264
198845800829288449
198845801143865344
198845802293108736
198845802968395776
198845799864606720
198845803203276800
198845803324899329
198845805367529472
198845806357397508
198845807796035584
198845808194486272
198845808265797632
198845809452781568
198845809578614784
198845810065149953
198845810178400258
198845810321014784
198845810924990465
198845811067584513
198845811474432000
198845811344412674
198845811155677184
198845811893874688
198845811742883840
198845813311549440
198845813584179201
198845813571588097
198845813886169088
198845814263644161
198845814787936256
198845815261904898
198845816268529664
198845816562130945
198845817275162625
198845816146903040
198845816943804416
198845817233215488
198845817518440450
198845818000781312
198845818973863936
198845819242299392
198845819468775425
198845819791745024
198845820647387136
198845821058433024
198845821540769793
198845822107000832
198845823491121152
198845824896217088
198845825433092096
198845825483423744
198845826385195008
198845827014332416
198845828343939073
198845829019209728
198845828864028673
198845828713033728
198845831342862336
198845831615483904
198845834257907712
198845833905586176
198845833846861824
198845835662983168
198845837365882881
198845836740931585
198845838129238016
198845838510915584
198845838787743744
198845838527705088
198845840809394176
198845841090416641
198845840796827649
198845841438539776
198845840759062528
198845842055114752
198845844097736704
198845845112762368
198845844777218048
198845845540573184
198845846433955841
198845848552095745
198845849005072384
198845849650995200
198845849923616768
198845850686984193
198845850917679105
198845852356325376
198845851408416768
198845852301791233
198845852276633600
198845851202883584
198845853094522880
198845853346172928
198845853513945088
198845853606232065
198845853614620672
198845855023898625
198845854575108096
198845857469173760
198845857464991744
198845858148651008
198845857813106689
198845855887921152
198845859109146625
198845858773614592
198845859738300416
198845860719755265
198845860510052354
198845861202112512
198845861407637505
198845861818667009
198845861877387264
198845862221332481
198845862837878784
198845862653341697
198845863009845248
198845863500578816
198845863735476224
198845861856419840
198845865014730752
198845865450938372
198845866168168448
198845866746986496
198845867208355840
198845867711664128
198845867858460673
198845868470845442
198845868399525888
198845868894461952
198845870177927168
198845870446350336
198845871314571264
198845871608184832
198845871549448192
198845872736448512
198845872744828928
198845873055215617
198845874577752064
198845874217037825
198845874602909696
198845876968505344
198845877203382272
198845880181338112
198845881779355648
198845881116667904
198845880764334080
198845882593067009
198845882853113856
198845882962153472
198845883410956288
198845884946067457
198845884769906688
198845886766383104
198845887093555200
198845887047405568
198845888133730304
198845886523121665
198845889278787584
198845889702408192
198845889278787585
198845889316519936
198845891526930432
198845891879256064
198845892411924480
198845894630711296
198845892713918465
198845895742193664
198845895578632192
198845896790777857
198845897487032320
198845897579302912
198845899995217920
198845899898753024
198845900196560896
198845900452413440
198845901895245824
198845902377594880
198845903149346816
198845905338769409
198845905808539648
198845905359740928
198845906760630272
198845907704360960
198845908589350912
198845908685824000
198845909679878144
198845909604368384
198845910782971904
198845911122722817
198845912385191936
198845912620072961
198845913630912512
198845916583702529
198845916818579457
198845918777311233
198845919960113152
198845920345993217
198845922027905024
198845921797210112
198845922107596800
198845922275364864
198845922879352833
198845922640269312
198845923164565504
198845924670312448
198845925035225088
198845926171877376
198845926901686272
198845927740547072
198845927455338496
198845927556001792
198845928390664192
198845928352915456
198845928889790465
198845930580090880
198845930659782656
198845931863552000
198845933235081216
198845934401110016
198845934887632899
198845935239966722
198845934807949313
198845936468897792
198845937836228608
198845936825413632
198845938108866560
198845941091008513
198845941602713600
198845941866967040
198845941900521472
198845942944899072
198845943158808576
198845943687299072
198845944677142528
198845945755074560
198845948619800576
198845950440112128
198845951077646336
198845951564201984
198845952579211266
198845953011220480
198845953606811649
198845954022055936
198845953879453696
198845954718306304
198845955993374720
198845955741716480
198845955997564928
198845957142622208
198845959638233088
198845959860523009
198845960296738816
198845960766496768
198845961634713600
198845962318389248
198845958476414976
198845964713336832
198845965527027712
198845971331956737
198845971847847936
198845972611219456
198845974188273664
198845975509483521
198845975517868032
198845973928222720
198845977824739328
198845979091415040
198845980051898368
198845981704470528
198845982060978176
198845982786588672
198845982706896897
198845982467821568
198845981155004416
198845983482851328
198845984485277697
198845984695005184
198845984929882113
198845985206706176
198845985760354305
198845985986850816
198845986947346432
198845987828154368
198845988461494274
198845988834779136
198845989463924736
198845992085372928
198845994694221824
198845994652282881
198845995709243392
198845996283854849
198845997001080832
198845997277917184
198845997223395328
198846000109060097
198846000306204672
198846001010839552
198846001191198720
198846001518362625
198846002059415552
198846003334488067
198846004164956160
198846005293228032
198846005247098880
198846005767176192
198846007293919233
198846006757031936
198846007860142080
198846007272943616
198846007495245825
198846009705635840
198846010452217856
198846010246692864
198846011714715648
198846011895066624
198846012075425792
198846012478078978
198846013585367041
198846013803462656
198846013912526848
198846015405694976
198846015778988033
198846015858688000
198846016240369666
198846017108590592
198846017100189696
198846017473486848
198846018853421056
