198831171394732032
198831171365384192
198831171436691456
198831172170682368
198831171935805441
198831172392976387
198831172707557377
198831172644651008
198831172816609282
198831172896301056
198831172627869696
198831172971790336
198831173546418176
198831173840023554
198831174506913793
198831174766964737
198831174917963777
198831174431424513
198831175157022720
198831175974916097
198831176197210113
198831175886848001
198831176268513280
198831177153515520
198831177535201281
198831175958134784
198831179548467200
198831179506524160
198831179951128576
198831180689326082
198831179544281090
198831180785790976
198831179758174209
198831180739641345
198831180672544768
198831179766566912
198831181842755585
198831181276524545
198831183218475008
198831183600156672
198831183520477184
198831183998627843
198831183780519936
198831184132849665
198831184216719360
198831184434839553
198831183746961408
198831183868596225
198831184397090818
198831185491787776
198831186221604865
198831186213224448
198831186171281414
198831187085639680
198831186599092224
198831187383422976
198831187265978369
198831187647676417
198831187463127042
198831187974815744
198831187647668224
198831188574605312
198831188209709056
198831188700434434
198831189426044930
198831188897574913
198831189652537344
198831190311043072
198831190483009536
198831190998925313
198831191099576320
198831192043298816
198831192198479874
198831191162503168
198831192181702656
198831192613715969
198831192072650752
198831193070899200
198831194069151745
198831194169819138
198831194295640064
198831194568278016
198831192383033345
198831195365187584
198831195914645504
198831195667181568
198831196522815488
198831196715749376
198831197294567425
198831197864992769
198831198674501632
198831198716432384
198831198749995009
198831198808719361
198831199320424450
198831199387521024
198831199416889344
198831199576260608
198831199760809985
198831199593041920
198831201631477760
198831201916682241
198831202130608128
198831202478727169
198831202487119872
198831202550030336
198831202843639808
198831202965270528
198831201832812546
198831201543401472
198831202466140162
198831204533940225
198831205561536514
198831205645430784
198831206274576385
198831206526222336
198831206765305856
198831206631096320
198831207037939712
198831207222489088
198831207142793216
198831206664634369
198831206647873537
198831207809679360
198831208023592960
198831208468201472
198831208782770176
198831208346558464
198831209160257536
198831209332224000
198831209843933185
198831210015883264
198831209906831360
198831209659379712
198831210187849730
198831210879918080
198831211064463360
198831210661818368
198831211446153216
198831211416793089
198831211743948800
198831211852992513
198831210288521216
198831212834471936
198831212951904257
198831212930940928
198831212905771010
198831213270663168
198831213937569792
198831214117916672
198831213920780289
198831214411513858
198831214487011329
198831214952583170
198831215833399296
198831215107776512
198831216743559172
198831217720836096
198831216953262081
198831217838260224
198831214780628992
198831218475798530
198831219373387777
198831219104940033
198831219738284034
198831219729891328
198831219859922944
198831220103192576
198831220065443840
198831219968974848
198831220069638144
198831220480679936
198831220317102081
198831222129041408
198831222527500288
198831222959521793
198831223135670273
198831223307644928
198831222938533888
198831223555112960
198831224071008258
198831224507207680
198831224427511809
198831224935022592
198831225442537472
198831225425756160
198831225962635265
198831226247839744
198831225882939393
198831226273021952
198831226432405506
198831228332417024
198831229078999040
198831230215655424
198831231507501056
198831231700447234
198831231708835840
198831231738183680
198831231960485888
198831232434454528
198831232488980481
198831232883245056
198831233361391616
198831233864699904
198831234242191360
198831234577727488
198831235051687936
198831235152363520
198831235169128449
198831235634708480
198831235936694273
198831235974443012
198831236012195844
198831236125442050
198831236175773697
198831236305793024
198831236431618048
198831236490334208
198831236368707584
198831236410642433
198831237060755456
198831237790576641
198831237937377280
198831238054805506
198831238440693760
198831238914641921
198831238742679552
198831238985940992
198831238956589057
198831239090802688
198831239183085568
198831239380205568
198831239753510915
198831239749308416
198831239803842561
198831240000962560
198831240407818240
198831241011798016
198831242043592705
198831242437865472
198831242525945857
198831243188633600
198831243247362048
198831242752442368
198831243670986752
198831244224638976
198831244644069376
198831244551794688
198831244404985856
198831244740538368
198831245050916864
198831245373882368
198831245252239360
198831245747175424
198831246388903939
198831247190016001
198831247793987585
198831247416508416
198831247429074944
198831247760429057
198831248251174914
198831249404596225
198831249131978753
198831249660456960
198831249752735746
198831250679676928
198831249404596226
198831251233316864
198831251346567170
198831251216543745
198831252562911233
198831250172157952
198831250948096002
198831254605529088
198831254551019520
198831255045931009
198831255326953473
198831255482150913
198831256627191808
198831256958541826
198831257050816514
198831257411530752
198831258212642816
198831259076657154
198831259311538176
198831260280434688
198831260594999296
198831261039591424
198831261459030016
198831261287059456
198831261949759488
198831262197223424
198831261895237633
198831262763454464
198831263052857345
198831262687956993
198831263430344705
198831264109821952
198831263572959233
198831264571203584
198831264671866880
198831264885768195
198831265401671683
198831265707851777
198831266425090048
198831266458632192
198831266555117570
198831265464594432
198831266311843843
198831265321984000
198831266559303680
198831267528192000
198831267658215424
198831267964387328
198831268023123970
198831268090224641
198831269692444672
198831269822476289
198831270225125376
198831270137040896
198831270657142784
198831270699081729
198831271147864067
198831272531992577
198831272133537792
198831272418750464
198831272439713793
198831273161146368
198831273580564480
198831274452983809
198831275191181312
198831274864017408
198831275769991168
198831275656744960
198831277519011842
198831277921673216
198831278492098560
198831278370455554
198831279268040704
198831279767158785
198831279695872000
198831279708446720
198831279943331840
198831279834279936
198831280618614784
198831280283070464
198831280933183489
198831281893679104
198831282162110465
198831282778673152
198831283760152577
198831284049551360
198831280870260736
198831284661927936
198831285257510912
198831285647585282
198831285236547584
198831285886664705
198831287413387266
198831286926852096
198831287899922432
198831288130613248
198831288499699714
198831288415813633
198831288759750657
198831288734593025
198831289023987713
198831289158213632
198831288814284802
198831289913196544
198831290026438657
198831290823356416
198831291016282112
198831290760429569
198831290659774466
198831292228444162
198831292597551104
198831293146988544
198831293037948928
198831294124265474
198831293818089472
198831294535307264
198831294619205633
198831293977468928
198831294631788546
198831295047012352
198831295336431616
198831295688749056
198831295839748097
198831296095600640
198831296582139905
198831296917680129
198831297408409601
198831298004004864
198831298096279553
198831298456985600
198831297148358656
198831299136471041
198831299035795457
198831299195183105
198831299690115072
198831299430064128
198831300193419265
198831300147281921
198831300185047041
198831300340228096
198831300579295232
198831301007114240
198831300470247424
198831301715963905
198831301132951552
198831302592577536
198831302781321216
198831302718406656
198831302403817472
198831302596755456
198831302953275392
198831303716634625
198831303586615297
198831304463228929
198831304991715329
198831305553756160
198831305226600448
198831305704742912
198831305797017601
198831305406939137
198831306535206912
198831306136756224
198831306187087872
198831307491516416
198831307592187905
198831308095492096
198831308363931650
198831308175196161
198831309236350976
198831310062628866
198831309819359232
198831310666612737
198831310557552640
198831311421571073
198831311429963776
198831311471902721
198831311979429888
198831312885391360
198831313082531841
198831313195765761
198831313539702784
198831314156261377
198831314957385730
198831314399539201
198831315968204800
198831315607490560
198831318400901122
198831318140854272
198831318627401730
198831319629836288
198831318321201153
198831319793405955
198831320321892352
198831320770682880
198831321135587328
198831321483706368
198831321601155072
198831321647288320
198831321542438912
198831321592774656
198831322838470656
198831322943324162
198831322536480768
198831322830094336
198831322872025088
198831323182399488
198831322737811456
198831323337588737
198831323643772928
198831324381970432
198831324331651072
198831324742696962
198831324730114050
198831325011132417
198831324843360258
198831325216645120
198831324843347969
198831325606707202
198831325636079617
198831326969864192
198831327691288576
198831327733219328
198831327573839872
198831328240738305
198831327947141120
198831328412696576
198831328404320257
198831328676950016
198831328987320320
198831329595494402
198831329981382657
198831330002341888
198831330082033664
198831330849603584
198831330337882112
198831331097051136
198831330941861890
198831331176747008
198831331357114368
198831331470352384
198831331638128641
198831331067691008
198831331185135617
198831332162408449
198831331784916992
198831333152268288
198831333198413824
198831333290672128
198831333651382272
198831334377005057
198831333429084161
198831335039709184
198831334880329728
198831335329103872
198831335538827267
198831336281210880
198831336482553856
198831337141059585
198831337367547904
198831337682116608
198831337891835904
198831338537762817
198831338785222656
198831339355639809
198831339246592001
198831339800244224
198831340093841409
198831340072878081
198831340316135424
198831339930259456
198831340689432576
198831340941094912
198831342073552896
198831341494734848
198831343361208320
198831344665632768
198831345106030593
198831345089249280
198831345240256512
198831345479335936
198831346171387904
198831345726787584
198831346133630976
198831346926366720
198831346997669889
198831347110920192
198831347442253824
198831347660361728
198831347710705664
198831347555516416
198831347391926272
198831348255965186
198831348067205120
198831348415336449
198831348549550081
198831348826382336
198831348960595968
198831349463916544
198831350680260609
198831350432808961
198831351594618880
198831351393300480
198831352232161281
198831351921782784
198831352248934402
198831352009850880
198831352357978113
198831352408313858
198831353159102464
198831353448509440
198831353964412930
198831353884717056
198831353238794240
198831354518056960
198831354434162688
198831354597752833
198831354715181057
198831355327557635
198831355088482304
198831355780530178
198831355340128258
198831356027998208
198831356174802947
198831356166422528
198831355675680768
198831356392906754
198831357139488769
198831357391147011
198831357365977088
198831357722497025
198831358028681217
198831357982539776
198831358892707840
198831358594920449
198831358947241986
198831359928705024
198831360197144579
198831360469762050
198831360440414209
198831360524304385
198831360536879104
198831360541077505
198831360947924993
198831360503320576
198831360784334848
198831361459617793
198831362311069696
198831362059411459
198831362407538688
198831362772443136
198831363326099457
198831363389014017
198831363305111552
198831362940223488
198831363552579584
198831364265615361
198831364190113794
198831364341112834
198831364034928640
198831364383064065
198831365179969536
198831365184159744
198831365196742656
198831364852822016
198831365716844544
198831364596969472
198831365926555649
198831365888811009
198831366018834433
198831366077562880
198831366064979968
198831367268741120
198831367558148098
198831367763664897
198831368074051585
198831368648667136
198831368535412736
198831368485076992
198831369206509569
198831369281998848
198831365830086656
198831369491722240
198831369332326402
198831370389295105
198831370468990976
198831370225729536
198831370963914753
198831371257520130
198831370699681793
198831371748249602
198831371702124545
198831371907629056
198831372134125569
198831370783571969
198831371895054336
198831372629053440
198831372788436994
198831373384040450
198831373472104448
198831373501472768
198831373686013952
198831373606338561
198831373493084161
198831374365503488
198831375078531072
198831375120465920
198831375758012416
198831375888027648
198831376022253568
198831376055795712
198831376173236225
198831375703490561
198831376374571008
198831377033080833
198831377528000513
198831377452515328
198831377871929346
198831377964208128
198831378052288513
198831376328441858
198831378513666048
198831378329116672
198831378874372096
198831379264450561
198831379952304128
198831379927138304
198831379889397760
198831380531134465
198831380698890240
198831381256732673
198831381495812096
198831381512589312
198831380065550336
198831380531126275
198831380099117056
198831381923639296
198831382687002624
198831382552780801
198831383089651713
198831383848824833
198831384972886016
198831384926765056
198831385291661312
198831384834486272
198831385790779395
198831385996304384
198831386650611712
198831386570932227
198831386642231296
198831386994556928
198831387988598784
198831388106047488
198831388340916224
198831388626141184
198831387980214273
198831388710023169
198831389183975424
198831389381099521
198831389330767874
198831389498552321
198831389544689665
198831390010245121
198831390668750848
198831390459039744
198831390534533120
198831391440515072
198831391570534401
198831393558626305
198831393193730050
198831393420218368
198831393441189888
198831394577842177
198831395467042816
198831395571900416
198831396423344128
198831396771479553
198831396830199809
198831397031526400
198831398201729024
198831398323367936
198831398533083136
198831398960889857
198831399359361024
198831399673929730
198831399854284801
198831400441479168
198831400512786432
198831401003520000
198831401951436800
198831402110812160
198831401536208896
198831402660282369
198831402156961792
198831403419435008
198831403541078016
198831402731569152
198831402379251714
198831404438659073
198831404476416000
198831404585451520
198831405202018304
198831404883259392
198831405688553473
198831406472896513
198831407898959872
198831408410669056
198831408561651712
198831408993669121
198831408117055489
198831409463439360
198831409576685568
198831409610240001
198831410197446656
198831410268745730
198831410642038785
198831411124375552
198831410809810945
198831411413790720
198831411556401152
198831412080672768
198831412156186625
198831412420419584
198831412663697409
198831413276049408
198831413359943680
198831413229916162
198831412755972098
198831413833900035
198831413884227584
198831414446264320
198831414962159616
198831415155105792
198831415322873857
198831415905878017
198831416384045057
198831416006541313
198831416933490689
198831417080295424
198831417256448001
198831417302593539
198831417365504000
198831416862191616
198831417172561920
198831418179198976
198831418405695489
198831418896416768
198831419395547136
198831417017384964
198831419575902208
198831419554930688
198831419424907265
198831420255379456
198831420393787392
198831420662235136
198831421601742851
