198836708068958208
198836707951509504
198836708178010112
198836708131868675
198836708131872769
198836708266098688
198836708396113920
198836708194791424
198836710665228288
198836710690402304
198836710635868161
198836710761701376
198836710644252672
198836710816235520
198836710870761473
198836710795259904
198836710921076739
198836710145146880
198836710887530496
198836710988197888
198836711055306754
198836711063695360
198836711034339328
198836711034331136
198836710606508032
198836711218888704
198836711206301697
198836711038529536
198836711323746304
198836711344701440
198836711416008704
198836711449571328
198836711483129856
198836711596371968
198836711621537793
198836711734771712
198836711705423873
198836711676059648
198836711734784001
198836711889965056
198836712162594816
198836711965462529
198836711927713792
198836712154210304
198836711608946691
198836712040964097
198836712355545089
198836712103874560
198836712280031233
198836712405876736
198836711604764673
198836711873196032
198836712384901121
198836712162603008
198836712137433088
198836712586227713
198836710694600704
198836712858857474
198836714805018624
198836714867920897
198836714851147777
198836713282473985
198836714284908545
198836714364604416
198836714251362305
198836714779840512
198836714066812929
198836713265692672
198836714960199681
198836713269891072
198836715295739905
198836714918256641
198836713861283840
198836715073437696
198836714582708224
198836715534819328
198836715643875328
198836715257991168
198836714838568963
198836715513843713
198836715639668737
198836715694194690
198836714591096832
198836714989551618
198836715882954752
198836715585159168
198836715849400321
198836715350261760
198836715811643392
198836716012978176
198836714695962625
198836716122021889
198836714939228161
198836715287355392
198836716264624131
198836716214296576
198836715425771522
198836716373688322
198836716256243714
198836715903922176
198836716298186752
198836716486918144
198836716252037121
198836713982922752
198836715769696257
198836715706777602
198836714641424387
198836716633722881
198836719020281857
198836718550519809
198836719011897345
198836719120949248
198836719066415105
198836719263559682
198836719183859713
198836719053832192
198836719422935041
198836719573938177
198836719519416320
198836719540371457
198836719506829312
198836719582330880
198836719557152768
198836719594909696
198836719615877120
198836716365299712
198836718709915649
198836719737507842
198836719896899584
198836719691382784
198836719481655297
198836719754289152
198836719091585024
198836719909470208
198836719792041984
198836719557148672
198836720035307523
198836719796228096
198836719355822080
198836720198885376
198836720291160064
198836719586512896
198836720282767360
198836719813009408
198836720345677825
198836720278581249
198836720328900608
198836720370860033
198836720177909760
198836719951417345
198836719984971778
198836720614121473
198836720333107200
198836720626696192
198836720349876224
198836720689618945
198836720718970880
198836720664457217
198836723235565568
198836723294277632
198836722631589888
198836723344621568
198836723147472897
198836723088756736
198836723411714050
198836723327840256
198836723428503554
198836723558522882
198836723587878912
198836723516583936
198836723550126080
198836723629834243
198836723650805760
198836723394945024
198836723432693760
198836723810185217
198836723181027331
198836723952783361
198836723889868801
198836723931815936
198836724019900416
198836724082810881
198836723910848513
198836723977953280
198836724032487424
198836724158308353
198836724112166913
198836723847929856
198836724133138433
198836724221231104
198836724338655232
198836724263174144
198836724246388737
198836724334469120
198836724355444737
198836724422553601
198836724128940034
198836724456099840
198836724485472256
198836723449475072
198836724204453891
198836723789209602
198836723936006147
198836724464484353
198836724607107072
198836724590325761
198836724464496640
198836724573552642
198836727278870530
198836727337582592
198836727241125888
198836727387930625
198836727404707842
198836727379525632
198836727400505344
198836727354359808
198836727413092352
198836727467610113
198836726897197058
198836727283060737
198836727505358848
198836727618600960
198836727484391425
198836727484391426
198836727580860418
198836727647965184
198836727656349697
198836724137332737
198836727304044546
198836727836704768
198836727811543040
198836727891243009
198836727849295872
198836727891230722
198836727979311104
198836727316627456
198836728071593985
198836727912202240
198836728117727234
198836727505371136
198836728163868672
198836728193228801
198836728134512640
198836728415522816
198836727723470849
198836727987703808
198836728553947138
198836728516190208
198836728000282625
198836728579108866
198836728709120000
198836728650403842
198836728042237953
198836728210014208
198836728742690816
198836728725909509
198836728868503556
198836728822374400
198836731536080897
198836731628371971
198836730177130497
198836730995027969
198836731695480832
198836731796144128
198836731938734081
198836731968110593
198836731984879616
198836732085538819
198836732089737218
198836732144254976
198836732215570432
198836732345581568
198836732328804352
198836732471410689
198836732374958080
198836732274278402
198836732328816640
198836732513353728
198836731338948608
198836732542713856
198836732551106560
198836732521758723
198836732790177792
198836732236529664
198836732312043522
198836732848914433
198836732303642625
198836731980681216
198836732832133120
198836733004103680
198836732899233794
198836732895051776
198836732978937858
198836732874076163
198836732127485952
198836732978937856
198836733259952128
198836733155098624
198836732970541057
198836722988089344
198836732077158401
198836726146416640
198836733117345792
198836729510232064
198836733306093569
198836732794380288
198836732798578688
198836735935922176
198836735814270976
198836736107888640
198836736032378880
198836736078516224
198836736015609858
198836735596171264
198836736137236480
198836735369687041
198836735055110145
198836736288231424
198836736305016833
198836735864619008
198836736355348480
198836736388894720
198836736418267136
198836736544079872
198836736447627264
198836736237912066
198836736615395329
198836736661520384
198836736485376001
198836736753803264
198836736787357696
198836736288239616
198836736686690308
198836736745422848
198836736678313986
198836736997072896
198836737173241856
198836737236148224
198836737248731136
198836737080950784
198836737328418816
198836737265504256
198836737303261185
198836737412308992
198836737450061824
198836737357774849
198836737609441280
198836737512972289
198836737626214400
198836737567502336
198836737588477952
198836737080958977
198836737676554240
198836737680740352
198836737546518529
198836737349398529
198836737735266305
198836739907911680
198836739937288193
198836739320713217
198836739941478400
198836740033748992
198836740029550593
198836740079882241
198836739698212865
198836740134404098
198836740285415425
198836740373487617
198836740419633153
198836740381884416
198836740423827456
198836740474146816
198836740503502849
198836740432216067
198836738913878017
198836740423811072
198836740448985089
198836740574818306
198836740641918977
198836739970838529
198836740532867072
198836740545445889
198836740474159104
198836739845001218
198836740755173376
198836740759367680
198836740696440832
198836740138614787
198836740784537601
198836740872613889
198836739262005248
198836740914561024
198836741006823426
198836740822278145
198836740872613890
198836740969074688
198836741149429760
198836741149425664
198836740717420544
198836741241700352
198836741380124672
198836740977475584
198836741405278208
198836741094903808
198836741510148096
198836741484986369
198836741422055424
198836744114802688
198836744165134336
198836744165130241
198836744131579906
198836744131588096
198836743603109889
198836743905087488
198836743871528960
198836743858950146
198836744324521984
198836743699566593
198836744299352067
198836743879933953
198836744605544448
198836744672641025
198836744664252418
198836744576184321
198836744630706177
198836744244830208
198836744840413184
198836744844619776
198836744286781440
198836745012396034
198836744894947328
198836745108865024
198836745129824256
198836745058521090
198836745142407168
198836745238888449
198836745314369537
198836745305997312
198836745347923968
198836745444401152
198836745377284097
198836745540878336
198836745557651457
198836745335349248
198836745561841665
198836745545068545
198836745234690050
198836745842860033
198836745163386882
198836745192751105
198836745817686016
198836745758982146
198836745888989184
198836745587007489
198836746065162240
198836745427623938
198836745125634048
198836748313296897
198836747776425985
198836748426551296
198836748451721217
198836748443336705
198836748363644928
198836748523016192
198836748531404800
198836748221034496
198836748682395648
198836748636266496
198836748648841217
198836748745310209
198836748879544321
198836748464304131
198836748845989888
198836748732731392
198836748875337729
198836748288147456
198836748871155712
198836748397199360
198836749001166848
198836748950843392
198836748577554432
198836749080870912
198836749181530112
198836749244432384
198836749219278848
198836748841787392
198836748527210496
198836749206691840
198836749236043780
198836749328326658
198836749328318465
198836749445758976
198836749328330753
198836749508689922
198836749479317504
198836749491908608
198836749466738688
198836749592563715
198836749533851649
198836749684834304
198836749634519040
198836748447514624
198836749831639041
198836749663875074
198836749173137408
198836749982646273
198836749932298240
198836752507613186
198836752474046465
198836752448880642
198836752511811584
198836752595685376
198836752545366016
198836751970734080
198836751643578368
198836752226598913
198836752633446400
198836752671182848
198836752713125888
198836752557936640
198836751710695424
198836752708935686
198836752742486016
198836752780238848
198836752461471745
198836752960602113
198836752914464770
198836752272723968
198836752725712897
198836753216450561
198836753170300932
198836752725708800
198836753409392640
198836753405198336
198836753463902209
198836752973180928
198836753543606272
198836753505853441
198836753572966400
198836753354850304
198836753631690753
198836753661050880
198836753287749636
198836753338085376
198836753807851521
198836753187078144
198836753950453760
198836754004971520
198836754004967424
198836754067881984
198836754055307264
198836754122416129
198836754294382593
198836754327937025
198836754172743680
198836754227269632
198836753795260417
198836756697714689
198836756404117505
198836755749814273
198836756357988354
198836756957757440
198836756307640320
198836756949377024
198836756836130816
198836756454453249
198836756827742208
198836757037457410
198836756634804224
198836757230395392
198836757234589696
198836757222010880
198836756810964992
198836757423333377
198836757414944772
198836756714500097
198836756970348544
198836757637251072
198836757549162496
198836757549158400
198836757452685313
198836757687582722
198836757507219456
198836757834371072
198836757549154304
198836757909868544
198836757981171712
198836757930840065
198836757037453312
198836757851144192
198836758060863488
198836758086033409
198836757914058753
198836758245425154
198836758245425153
198836757205237760
198836758501261313
198836758631297024
198836758069264384
198836758664839168
198836758681624577
198836758698397696
198836758698397698
198836758383828992
198836758849392640
198836758908125184
198836756911628289
198836760871059456
198836760912994304
198836760917184513
198836760606814208
198836761009467393
198836760472596480
198836760392900608
198836761038831616
198836759977668610
198836760678109185
198836761068179459
198836760522924033
198836761164656642
198836761097547777
198836761286279170
198836761223364609
198836760741027840
198836761143685122
198836761269501952
198836761349201920
198836761298874368
198836761319849985
198836760694890497
198836761235955713
198836761101742080
198836761475022849
198836761198211074
198836761521168384
198836761575686145
198836761529552896
198836760925573121
198836761726693376
198836761722494978
198836761806372866
198836761747664898
198836761282097152
198836761894453248
198836761483427841
198836761852526593
198836761785401344
198836761458262016
198836762074812416
198836762183872516
198836762167095296
198836762330677248
198836762188070912
198836762238386180
198836762334863360
198836761969954817
198836762456498177
198836765098913793
198836765061152769
198836764784336897
198836765186994176
198836765115682816
198836765140852737
198836764729802752
198836764675289089
198836765241511936
198836765186985984
198836765203771393
198836764763365376
198836765358956544
198836765023416321
198836761592479746
198836764796923904
198836765539315712
198836765409288193
198836765551890432
198836765560287233
198836765686112256
198836765581254657
198836765749035010
198836765715472386
198836765665140737
198836765044379648
198836765644169216
198836765895831553
198836765790973954
198836765916803074
198836765195378688
198836765862264834
198836766118125568
198836766206210049
198836766243958785
198836765849681920
198836766256541698
198836765702897665
198836766030049283
198836766441082881
198836766403330050
198836766294294528
198836766407528450
198836766315257856
198836766516588544
198836766487228416
198836766524964864
198836764843053058
198836766483030017
198836766193627137
198836769356120064
198836768865394688
198836769343553537
198836769414852608
198836768907345921
198836769498734592
198836769599401984
198836769582628864
198836768953470976
198836769528086528
198836769607778304
198836769679085568
198836769729425409
198836768987025409
198836769783947264
198836769486155776
198836769423241216
198836769721028608
198836769909772291
198836769909772289
198836769939128320
198836769616179200
198836769955905536
198836770073362432
198836769351942145
198836769205129216
198836770165637121
198836770165628928
198836770257907712
198836770345984000
198836770220158976
198836770169827328
198836770362761216
198836770253701121
198836770425683969
198836769528094721
198836770631192576
198836770731851777
198836770832519168
198836770773811200
198836771008684033
198836770958348288
198836771121934336
198836771012870144
198836771033845760
198836771126120448
198836770983518208
198836770656362496
198836770832527361
198836770882850816
198836773462343681
198836773466550274
198836773504294912
198836773542047744
198836773151981568
198836773701427200
198836773781127169
198836772845785088
198836773470732291
198836773609144321
198836773957271552
198836773961465856
198836774041174018
198836773999222785
198836774045368320
198836774141829122
198836774141820929
198836773940494336
198836774133436416
198836774255067136
198836774313791488
198836774401880064
198836774448005120
198836774032785408
198836774456410114
198836774557073408
198836774401867778
198836773894361089
198836774481567744
198836774657732608
198836774716448768
198836774678700032
198836774208937985
198836774716440576
198836774682886144
198836774724837376
198836774775169025
198836774791946240
198836774699667456
198836774657728512
198836774674505729
198836774951337984
198836771092578304
198836774846464000
198836774200553474
198836774989074433
198836774196359169
198836774959710208
198836774376701953
198836775047798785
198836777673441282
198836777618911233
198836777744728064
198836777618903040
198836777736351744
198836777702793216
198836777857978369
198836777753124865
198836777803448321
198836777857982465
198836777795076096
198836775618232322
198836777862180864
198836777954443264
198836777929277443
198836777979613184
198836778076090368
198836778038341632
198836778042531840
198836777920905218
198836777929281538
198836778298384386
198836778298376193
198836778281611264
198836778466164738
198836778428411904
198836777555992576
198836778260627457
198836778566811648
198836778591989761
198836778554232832
198836778227081219
198836778722004992
198836778667487232
198836778734587904
198836778776526849
198836778860417024
198836778826866688
198836778847834112
198836778881392641
198836778826870784
198836778482925569
198836779107893250
198836771465854978
198836778969481216
198836778776526848
198836778512293888
198836779124666369
198836779246305285
198836779254689794
198836781871923200
198836781330870273
198836781863550978
198836781880311810
198836781800620032
198836781272145920
198836781213429762
198836781439913984
198836781557366784
198836781305700352
198836782106812417
198836782148763649
198836782182313985
198836782379450372
198836782438170625
198836782555607040
198836782484299776
198836782618509313
198836782819852288
198836782144552962
198836782878572545
198836782668845057
198836782941483009
198836782488494082
198836783121833984
198836783142805504
198836781045661699
198836783239282688
198836783159574528
198836782765318145
198836782933094400
198836783310569472
198836783482540034
198836783117643776
198836783465766912
198836783088279552
198836783490940930
198836782601744384
198836783579013121
198836783792926721
198836783725809665
198836783830671361
198836783771955200
198836783792922625
198836783801315328
198836783792926720
198836783864221696
198836783771942918
198836783855845376
198836783973273600
198836786045259776
198836785609064449
198836785986539522
198836786154319872
198836786166898689
198836786145935361
198836785978155009
198836785680359424
198836786179489792
198836786343063552
198836786355638273
198836786338856960
198836785944596480
198836786531803136
198836786116567041
198836786594721792
198836786619891713
198836785835548673
198836786083020800
198836786833784832
198836786368229377
198836786695385089
198836786275946496
198836786741522432
198836786821206021
198836786384994305
198836786884120577
198836786921873408
198836786640863233
198836786875727872
198836787181928448
198836787110608896
198836787047702528
198836786921865219
198836786968018944
198836787152556032
198836787165134850
198836787379056641
198836787534237696
198836786980585472
198836786292731906
198836787030925316
198836787488100352
198836787332919296
198836787349688320
198836787072868353
198836787605540865
198836787530043392
198836787559415808
198836787634900992
198836790264737792
198836789715288065
198836790415736833
198836790466060289
198836790017273856
198836790478651394
198836790088581120
198836789371355136
198836790570913793
198836790180839427
198836790705135616
198836790789017602
198836790877110273
198836790650617856
198836790524788737
198836790487023616
198836790331834368
198836790994550784
198836790990352384
198836791078420480
198836791070048256
198836791174901761
198836790902272001
198836791023902720
198836791086817280
198836791262986240
198836790382178304
198836791074242561
198836791145529344
198836791296524288
198836791216844800
198836791334273024
198836791292346368
198836790726115329
198836791300718592
198836789304233984
198836791237804032
198836790050816000
198836791548198913
198836791510446080
198836791376216065
198836791749525504
198836791611105281
198836790872907778
198836791707574273
198836791808237568
198836791745331200
198836791791468544
198836790747074563
198836791426547714
198836794500980736
198836794450653186
198836794559705088
198836794010255361
198836794140270592
198836794668756994
198836794186403840
198836794027016193
198836794589057025
198836794551308289
198836794693918720
198836794249326593
198836793456594944
198836794853306369
198836794404503552
198836794467422208
198836794832338944
198836794932994050
198836794941378560
198836794857488385
198836794568085504
198836794941390848
198836795117543424
198836794618429442
198836794236743680
198836794828136449
198836794610040832
198836795285323776
198836794979127296
198836795541168128
198836795528589313
198836795545370624
198836795016888321
198836795708932097
198836795771850754
198836795880898560
198836795335655424
198836794240933889
198836795922849793
198836796010921984
198836795981578240
198836796057075713
198836795461472257
198836796266786816
198836796216455171
198836795243380736
198836796266778624
198836795562147842
198836794526146561
198836796199682049
198836798619791360
198836798653341696
198836798288445440
198836796702986240
198836798598819842
198836798309416962
198836797944508416
198836798355546112
198836798812733441
198836798678499332
198836798733037572
198836798867259394
198836798800138242
198836797709623298
198836798900797440
198836798380711936
198836799076970496
198836798707871744
198836798904991746
198836798804340736
198836799404130304
198836799186022402
198836799416713216
198836799349604353
198836799492198400
198836798980493314
198836799282479104
198836799475421186
198836799483817984
198836799416700930
198836799592873986
198836799651586049
198836799651590145
198836799630618624
198836799622230018
198836799177625601
198836799664168960
198836798951129088
198836799764832256
198836799722881024
198836799714508802
198836799789993984
198836799869685760
198836799513182208
198836799844519936
198836799936802817
198836799894863872
198836799844528128
198836799840321536
198836799399927809
198836802826678274
198836802294001665
198836802759557120
198836802310766592
198836802881200128
198836802868613120
198836802268831744
198836802444984320
198836802386264066
198836801979432960
198836802902179840
198836803044782080
198836803137048576
198836803099308034
198836803254493184
198836803199959040
198836802696646657
198836803250290688
198836802755375104
198836802147205120
198836803485179905
198836803527127041
198836803564863488
198836803573264386
198836803078324226
198836803611009024
198836803384524801
198836803216736256
198836803485171713
198836803619405824
198836803032186880
198836803594227713
198836803799760897
198836803539705857
198836803887828993
198836803904606208
198836803938156544
198836803929784320
198836803954950147
198836803782971392
198836803619401728
198836804202405888
198836803724259328
198836804055605249
198836804315652096
198836804261130241
198836803845885952
198836804491816961
198836804147884033
198836804496007169
198836807121645569
198836806664462337
198836807109050368
198836807205523458
198836807230685186
198836806752538624
198836806794489857
198836806677053441
198836807251668993
198836806660268032
198836807041953792
198836807192940544
198836807444594688
198836807125831683
198836807461388289
198836807566245888
198836807465570304
198836807083900928
198836807645929472
198836807541075968
198836807071305728
198836807260049408
198836807452999681
198836807624953857
198836807675281408
198836807750787074
198836807591399424
198836807771750401
198836807893389312
198836807796920320
198836807079690242
198836807847251968
198836807964704769
198836807205527552
198836808031797248
198836808111497219
198836808317018114
198836808220545024
198836808262496256
198836808182796289
198836808346382336
198836808409296896
198836808568684544
198836808665153537
198836808518352896
198836808610623489
198836808732258305
198836807645929474
198836808887447552
198836808698695680
198836811269799937
198836811345309698
198836811404021763
198836810657447936
198836811517276160
198836811504689153
198836811504685056
198836811114622979
198836811458547714
198836811643101185
198836811571798018
198836811664068608
198836811638910976
198836811794104320
198836811819261953
198836811718590464
198836811433381888
198836811919917056
198836811420803072
198836811785699330
198836811160748032
198836811831844865
198836811857002496
198836811420811266
198836811966058497
198836811974451200
198836811458543616
198836811487911936
198836811504689152
198836812402270208
198836812557463552
198836812318388225
198836812653936640
198836812641345536
198836812377096192
198836812628770819
198836812721033216
198836812905586688
198836812179963905
198836812821704704
198836812930748416
198836812872036352
198836813027225600
198836812561653760
198836812922355714
198836812775559168
198836812985282560
198836812658118656
198836813194993664
198836813027225601
198836815417966592
198836815455731713
198836815480893440
198836814918848513
198836815640268800
198836815707385856
198836815300542464
198836815451521024
198836815791259648
198836815736745984
198836815698993153
198836815845797888
198836815736733696
198836815896125440
198836815820636160
198836815862566912
198836815548006401
198836815355060224
198836815522828289
198836816139395072
198836815803858945
198836816244256768
198836816185524225
198836816277807105
198836815787073536
198836816294592513
198836816395255809
198836816571404288
198836816462348288
198836816068091904
198836816521080833
198836815774498816
198836815954849794
198836816223277056
198836816558817281
198836816261021696
198836816747577344
198836816772726786
198836815854182400
198836816365883394
198836816642715648
198836816898568193
198836816978259970
198836816974057474
198836816395247616
198836816651100160
198836817095692288
198836816554631168
198836817032777730
198836817120858112
198836819629051905
198836819801014272
198836819381600257
198836819121553408
198836819968786432
198836819960397824
198836819469668354
198836819972997120
198836819767468032
198836819977187329
198836819478061056
198836820073644032
198836820216254466
198836819431923713
198836819700355072
198836820111409155
198836820316925952
198836820480503808
198836820329500673
198836820316930048
198836820518248449
198836820505661441
198836820514050048
198836819947823104
198836820698599424
198836820677636097
198836820669235200
198836820686016512
198836820790878208
198836820807655424
198836820652466178
198836819998158849
198836820430159872
198836820883152899
198836820807651330
198836820929290240
198836821038338049
198836821021573121
198836821076099074
198836820912517120
198836820912504832
198836821050925058
198836820631486464
198836820228845568
198836820547616770
198836821076086784
198836821340327936
198836821285806080
198836821185138688
198836821432610817
198836823802384385
198836822997082112
198836819905884160
198836823903055872
198836823840129025
198836824041472002
198836824087601153
198836823961763840
198836823953387520
198836824163106817
198836824075026432
198836824133738496
198836824246984705
198836824200851456
198836823777214466
198836824213430273
198836824456704000
198836824431525889
198836824498647041
198836824477671425
198836824242786304
198836824469286914
198836823940792320
198836824016302081
198836824683192320
198836824037261312
198836824666411009
198836824771268608
198836824821604352
198836824255377409
198836824393793537
198836824905482242
198836824939048960
198836824930648064
198836824737714177
198836824922271746
198836825022922752
198836824779653120
198836824817410048
198836825236832256
198836824725143552
198836824934858752
198836825295552514
198836824993566721
198836825215864833
198836825371058178
198836825111007232
198836825417203712
198836825740161025
198836825652080640
198836827879256064
198836828017664000
198836828038627328
198836827996692480
198836826851655681
198836828038635520
198836828009275392
198836828097363970
198836828298690562
198836828269322240
198836828256743424
198836828307070976
198836828193828865
198836828328034305
198836827598229504
198836827715674112
198836828441284608
198836828541943808
198836828265136128
198836828105752576
198836828416131072
198836828307070979
198836828529364994
198836827912814593
198836827849883650
198836828655202304
198836828609069058
198836828558737408
198836828671979520
198836828806193154
198836828785213441
198836828818780160
198836828848128002
198836828525182978
198836828831350786
198836828713926656
198836828697149441
198836828986540035
198836828911054848
198836828789420032
198836829003329537
198836828332232704
198836828382564353
198836829112381441
198836828990742528
198836829032689665
198836829162708993
198836829041074176
198836828902666240
198836829083013120
198836832304234496
198836832035807234
198836832346177536
198836832472018944
198836832140668928
198836832367165442
198836832295854082
198836832560091136
198836832245526528
198836832568492033
198836832522346497
198836832543313921
198836832702701569
198836832321028097
198836831943528448
198836832434270208
198836832555896835
198836832396509184
198836832811745281
198836832807555072
198836832773996545
198836832811757569
198836832862093312
198836832954355712
198836833017270272
198836832925003777
198836832958545921
198836833038241792
198836833084379137
198836833101152256
198836833092775936
198836833067597824
198836833172463617
198836832610422785
198836832790786049
198836832736260097
198836833226989568
198836833336045568
198836833273126914
198836833369591810
198836833382170624
198836833277321217
198836832727875585
198836832526548992
198836833268924417
198836832807567362
198836832887250945
198836833528975360
198836833466060800
198836833621262337
198836836368519170
198836836083306498
198836835785510913
198836836536291329
198836836221714432
198836836578238464
198836836586618882
198836836636958720
198836836855066626
198836836527906816
198836836792147969
198836836842471426
198836836909596672
198836836938944512
198836836179771392
198836836867637248
198836836968312833
198836836687298562
198836837127700480
198836837056380929
198836836553076737
198836837282881536
198836837232549889
198836837144473601
198836837408718848
198836837056380928
198836836846669826
198836837459038209
198836837396119552
198836837400313857
198836837459034113
198836837035417600
198836837576474626
198836837576478722
198836837505183744
198836837530353664
198836837710692354
198836837085753345
198836837681344512
198836835940712450
198836837492600832
198836837463232514
198836837710692355
198836837333204993
198836837974937601
198836837081546752
198836838079803392
198836837790392320
198836838411157506
198836838356619266
198836840617349121
198836840558641154
198836840135012352
198836840407633920
198836840600571905
198836840554434562
198836840852234241
198836840940306432
198836840919334912
198836840940322816
198836840504102913
198836841036783616
198836841003237376
198836840877391872
198836841036787712
198836840780931072
198836840999034880
198836840680275968
198836841087123456
198836841066135552
198836841053569026
198836841221337088
198836841179398144
198836840856420352
198836841036775424
198836841322004481
198836840785125376
198836841393291264
198836841024200704
198836841535913985
198836841452015617
198836841527508992
198836841619791875
198836841191972864
198836841569456128
198836841959530498
198836841779171328
198836842047606788
198836841963720706
198836841510731777
198836841770782721
198836841481379840
198836842035032065
198836841900806144
198836842047606787
198836841871446017
198836842186022914
198836842160865280
198836842253123586
198836842337017857
198836844786483200
198836844237033472
198836844891357184
198836844790689792
198836844832632832
198836844719386625
198836844371255297
198836844765523969
198836844698415106
198836844773912577
198836844341891072
198836844962648064
198836844455133184
198836845000404993
198836845071708160
198836844459327488
198836845159788544
198836844526448640
198836845159792640
198836845080084481
198836845008781312
198836844807454720
198836845461774336
198836844845215745
198836845403062273
198836844593553408
198836845440811009
198836845432414209
198836845382082562
198836845453377536
198836845663092736
198836845763760130
198836845017178114
198836845512110080
198836845856043010
198836845541457920
198836845893795840
198836845264642048
198836846002843649
198836845650509824
198836846028013568
198836846137065474
198836846225137665
198836845973483523
198836846103498752
198836845910573056
198836846506164225
198836845684080640
198836846581653506
198836846191575040
198836848989192195
198836848896909314
198836848896905216
198836848875945984
198836848473284609
198836848905293824
198836848330686465
198836849068883968
198836848943046656
198836848561356800
198836849182121984
198836848833994754
198836849396023297
198836848720748544
198836848938848257
198836849429594112
198836849580580866
198836849672863744
198836849320542208
198836849530241024
198836849177927681
198836849370857473
198836849228255233
198836849568006145
198836849899352064
198836849899352065
198836849890951169
198836850046144515
198836850079694848
198836849240834048
198836850201346049
198836850058723328
198836850134237185
198836850234896384
198836850268450816
198836850201333763
198836849450557441
198836849836429312
198836850654330880
198836850784342017
198836849194696704
198836849282793475
198836850880815105
198836850754990080
198836850230702080
198836850910179328
198836850171973633
198836850020974592
198836850440413184
198836850763382785
198836853254782977
198836853355458561
198836853443543040
198836853305126914
198836853300928512
198836853326102528
198836853414178817
198836853095399424
198836853368029184
198836853531623424
198836853640667138
198836853439340546
198836853321900033
198836853183492096
198836853879746560
198836853917499395
198836853921685505
198836852009078784
198836852260745217
198836853951045632
198836853909098496
198836854026539009
198836853581950978
198836854181724160
198836854089449472
198836853422563330
198836854328528896
198836854332719104
198836854001369088
198836854022344704
198836854353707009
198836854374670336
198836853984595970
198836854169157632
198836854617935872
198836854102040576
198836854605357057
198836854630526977
198836854877982720
198836854131400704
198836854211100673
198836854869590017
198836854953484289
198836854596976640
198836854869598209
198836855100289024
198836853720363008
198836855133839360
198836854563414016
198836855066722305
198836857436512256
198836857432322048
198836857482657793
198836857520406528
198836857495228416
198836857461673984
198836857272938497
198836857675591681
198836857570721792
198836857730117634
198836857834967040
198836857486835714
198836857272938498
198836857772064769
198836857423925248
198836858166312961
198836857973387265
198836857994350592
198836857671389184
198836858208272384
198836858279567361
198836858233425921
198836858183102464
198836858405388288
198836857889488896
198836857562349568
198836857742704640
198836857134514176
198836858124382208
198836858568978432
198836858397016065
198836858627690496
198836858560585729
198836858153742337
198836858795466752
198836858837401602
198836858833207296
198836858732560385
198836858195673088
198836858585751554
198836858606731264
198836859038740480
198836858665447424
198836859093270529
198836858870960128
198836858413780995
198836859135213568
198836858896125954
198836859047129088
198836858980007936
198836861597270017
198836860901011457
198836861593071616
198836861152657409
198836861232353282
198836861102329857
198836861727289344
198836861689532416
198836861081362432
198836861853118465
198836861735665664
198836861802790912
198836861689544704
198836861479821312
198836861937008643
198836862087999489
198836862121558017
198836862096379904
198836861765025792
198836861643407361
198836862163501056
198836861333016576
198836862457085952
198836862205440001
198836862461288449
198836862406762496
198836862557749250
198836862461280256
198836862457098240
198836862503239681
198836862545182720
198836862540976128
198836861693730816
198836862616477696
198836862683582464
198836862494842880
198836862582915074
198836862201237504
198836861798596608
198836862272548864
198836862696169472
198836860083126274
198836862708752384
198836862222217218
198836862901686272
198836862096379906
198836862666813441
198836863035899904
198836862968803328
198836861324640257
198836865929977856
198836865657352192
198836865246298112
198836865531523073
198836865846095873
198836865678315520
198836865971916802
198836865724461056
198836864931729409
198836866156462080
198836865988706304
198836866160668672
198836865699282944
198836865409875968
198836865728643074
198836866450075649
198836865938374656
198836866408124417
198836866064195585
198836866311659521
198836866622033920
198836866643013632
198836866068381696
198836866684948480
198836866533949440
198836865938358272
198836866718498818
198836866680754176
198836866563313664
198836866177433602
198836866106138624
198836866219393026
198836866215186432
198836866466840576
198836866978562048
198836866903056384
198836866135490560
198836866865311744
198836866928230401
198836867028885504
198836866819178497
198836867171491841
198836867075026945
198836866471047170
198836866496208896
198836866533949441
198836867230203904
198836867372826625
198836867226021888
198836867339255808
198836869952307201
198836869948129281
198836869579022337
198836869935534080
198836869788745729
198836869776154624
198836870040395777
198836869994258432
198836870170415105
198836870141067264
198836869734219776
198836870245912578
198836870233333760
198836870027804672
198836870032015360
198836870296248321
198836870468222976
198836870367555584
198836870413692928
198836870422073344
198836870455631872
198836870728265728
198836870132674560
198836870673743872
198836870665347072
198836870833115136
198836870828929026
198836870166228992
198836870782795776
198836870581452800
198836870849896448
198836870640173057
198836870917009408
198836870849904642
198836870833127424
198836870795378688
198836870937968640
198836870367555585
198836870971531264
198836871038640128
198836871177052160
198836871256735745
198836871294484480
198836871323852801
198836871382568961
198836871407747073
198836871349026816
198836871369981953
198836870845710337
198836871500013568
198836874121445376
198836873605562368
198836874075312130
198836873840431104
198836874276651009
198836874301816834
198836873823662080
198836874469572609
198836874591215616
198836874566041600
198836874062729216
198836874356338688
198836873236451328
198836874830286848
198836874427629569
198836874813505536
198836874431836161
198836875031621632
198836875069362176
198836875098726400
198836874691878912
198836875115507713
198836875048390656
198836874620579840
198836875052589057
198836874574438400
198836874788339712
198836874880626688
198836874775760897
198836875388129282
198836875262312450
198836874620575745
198836875060973569
198836875060985857
198836875417489410
198836874884825088
198836875438473216
198836875111317504
198836875602042880
198836875186814976
198836875643990016
198836875782393857
198836875627212801
198836875836928000
198836875836915714
198836875870470144
198836875866292224
198836875958550528
198836875966943233
198836875321028609
198836878429007872
198836878412222465
198836877976027136
198836878454177792
198836877892132866
198836878462566400
198836878462554112
198836877971820544
198836878068285440
198836878483533827
198836878764552193
198836878814887936
198836878844248064
198836878865203200
198836879083319296
198836878999437313
198836879171391488
198836879133638657
198836879179788289
198836879204941824
198836879204950016
198836878710018048
198836879339163649
198836878496116736
198836879485976576
198836879477571584
198836879485972481
198836879406280705
198836878173159424
198836879519514624
198836879183978496
198836878764548097
198836879779573761
198836879167197185
198836879838298113
198836880001871872
198836879947337728
198836879947333632
198836879972511745
198836880068968448
198836879624388610
198836879926378496
198836879150432257
198836880152854529
198836880157052929
198836880287084545
198836880240943104
198836879787962368
198836879796342784
198836880358391810
198836882526834688
198836882505871360
198836882073845760
198836882786877440
198836882820440066
198836882640076800
198836882723975168
198836882862391298
198836882845597697
198836882820440064
198836882275180544
198836883109838848
198836882568781825
198836882715578368
198836883252449282
198836883252457472
198836883516690434
198836883537674240
198836883533467648
198836883499909121
198836883411832834
198836883428614145
198836882514255873
198836883814481925
198836883814481923
198836883885797377
198836883898384388
198836883869016064
198836883961298944
198836883831259136
198836884120674306
198836883235676161
198836883856441345
198836884301037568
198836883986448385
198836884359757824
198836883214708736
198836884233916416
198836884229718018
198836884099698688
198836883952910336
198836883533475840
198836884569473024
198836884414271488
198836884133265408
198836884867256320
198836884812730369
198836884200366080
198836884774993920
198836884355547136
198836886771466242
198836886863745025
198836886930849792
198836886867943424
198836887056691201
198836887090249728
198836887119593473
198836887140564992
198836887199297536
198836887207682049
198836885915832320
198836886972801024
198836887094431744
198836887404818433
198836887266398208
198836886989574145
198836887367057408
198836887379652609
198836887530647553
198836886951837696
198836887593549824
198836887648092161
198836887358672899
198836887748751360
198836887396433922
198836887320920064
198836886956019715
198836887861989376
198836887882960898
198836887899750400
198836888008790017
198836887929102336
198836887987822592
198836888105267200
198836888155594753
198836887614525441
198836888105263104
198836887924903936
198836888407244800
198836888256258051
198836887190908930
198836886792437760
198836888524697600
198836888570834945
198836888562450432
198836888512102400
198836888646336512
198836888663097346
198836888155598849
198836887455145984
198836890957393920
198836890915442688
198836891074834432
198836891137744899
198836891095810051
198836891179687938
198836890810597376
198836890852532225
198836891620089856
198836891586531328
198836891284549634
198836891733340160
198836891733336065
198836891754303490
198836891846574080
198836891901104128
198836891834003457
198836891674607625
198836891888525312
198836891817213953
198836890835763202
198836891951448064
198836891695579136
198836891544596481
198836891884322817
198836891834003456
198836891888521216
198836892429590529
198836892232462337
198836892417015809
198836892396036096
198836892354093056
198836892089851904
198836892408627202
198836892404428801
198836892408627200
198836892454756352
198836892555419649
198836892643508224
198836892580585473
198836892723187713
198836892232454144
198836892421193728
198836892844822529
198836892744167425
198836892731588608
198836892781903873
198836892693827584
198836892899344384
198836891804631042
198836895210405889
198836895239778304
198836895164268544
198836895264948224
198836895332057089
198836895176863745
198836894757429252
198836895147495424
198836895172661251
198836895608868864
198836895558537218
198836895541768192
198836894925201408
198836895696953344
198836894744846337
198836895659200512
198836894707101698
198836895894081536
198836895357218816
198836896028307456
198836895910871041
198836895369789440
198836895994748930
198836895973773312
198836896103792640
198836895629840384
198836895961186305
198836895990554626
198836895810199552
198836896049270786
198836895835373568
198836896498073600
198836896133156864
198836893683695616
198836896514850817
198836896573554688
198836896531623936
198836896770686976
198836896082837504
198836896779075584
198836896665833472
198836896657453056
198836896900722689
198836896217042948
198836896800047106
198836896447729665
198836896837795841
198836896858783744
198836896372236288
198836897055916032
198836899371159553
198836899480211457
198836899442458624
198836899014651904
198836899165650944
198836899509575685
198836899450859520
198836899845115904
198836898897211393
198836899681533952
198836899740270592
198836899446669312
198836899668955139
198836899891265536
198836900046438402
198836900180664320
198836899970945024
198836899551518720
198836900121944064
198836899580878848
198836900260356098
198836899660562433
198836900340047872
198836900306493440
198836900377788416
198836900478451712
198836900491038720
198836900407160832
198836900436520961
198836900692377601
198836899899654144
198836899786403840
198836900713336832
198836900331655168
198836900163883011
198836900335845376
198836900331663360
198836901141164034
198836901141151744
198836901065654272
198836901178908672
198836901225054208
198836901279567872
198836901313122304
198836901304737792
198836901363462144
198836901359255552
198836900935630848
198836901489278976
198836900847566849
198836903603220482
198836903548694528
198836903217336321
198836901950664704
198836903645167616
198836903888420864
198836903930372096
198836903892615168
198836903947149313
198836904014258177
198836904010055680
198836904165249025
198836904190423042
198836903968124928
198836904236556288
198836904316256257
198836904219783168
198836903666130944
198836904395948033
198836904605646848
198836904593063936
198836904521768960
198836903833911296
198836904052006915
198836904643395584
198836904635011076
198836904962170880
198836905020891136
198836904916029441
198836905125752832
198836904525955072
198836905251569664
198836905117351936
198836904899248128
198836905360629760
198836904874082304
198836904911835136
198836905218015232
198836904882479104
198836904777613312
198836905322881024
198836905171881987
198836905008304130
198836905633267712
198836905805221891
198836905595502592
198836905922662400
198836905889103872
198836905486467072
198836905775861762
198836907684270080
198836907680088066
198836907852054528
198836907847852033
198836907533271042
198836907508109312
198836908019826688
198836907432615936
198836908011433984
198836908057563136
198836908175003648
198836908162416640
198836908195979264
198836907185147906
198836907545866240
198836908145643521
198836907701051392
198836907407446016
198836907730411520
198836907457773570
198836908099514369
198836904412712961
198836907923349504
198836908422479872
198836908460224512
198836908363743233
198836908497977345
198836908363751424
198836908497965056
198836908476993536
198836908577669120
198836908632195072
198836908539920385
198836908372131842
198836904769224706
198836908179193857
198836908753817601
198836908867076097
198836908133064706
198836908896419840
198836908900614145
198836908921585666
198836908938379266
198836908586041344
198836909185830913
198836909240365059
198836908711870465
198836909315862528
198836909546541056
198836909135511552
198836911878582274
198836911886958592
198836912000212992
198836911601762305
198836911954079744
198836911551426562
198836912096686080
198836911664660480
198836912293806081
198836912302202883
198836912155402240
198836912461586433
198836911987634178
198836912541274112
198836912478359553
198836912474161152
198836912700653568
198836912637755393
198836912818110466
198836912532885504
198836912889405440
198836912818110467
198836912197349377
198836909877903360
198836912566444032
198836912780349441
198836912566435841
198836913237540864
198836913170419712
198836912897785860
198836913296248833
198836912671305728
198836913380139010
198836913388523520
198836912411254788
198836913363361792
198836913547902976
198836913157832704
198836913061376001
198836913208176640
198836913656967168
198836913170415616
198836913711480833
198836913707290624
198836913740857344
198836913820549120
198836913451450368
198836914042847233
198836914013470720
198836913992511489
198836916081274880
198836916106440705
198836915624091648
198836915540213760
198836916198715392
198836912579026944
198836916177731584
198836915556986881
198836916102246403
198836916311965697
198836916324532225
198836916517482498
198836916366491648
198836916421005312
198836916504899585
198836916576190464
198836916521672705
198836916605566976
198836914990751744
198836916643307521
198836916748169216
198836916681064448
198836916794298368
198836916853030912
198836916978843654
198836916320346113
198836916655882242
198836917079511040
198836917155020800
198836917175988224
198836917125652482
198836917213732864
198836917222125568
198836916400041987
198836917415051266
198836916613955585
198836917566058499
198836917540884480
198836917708656642
198836917553463296
198836917721235457
198836917796741120
198836917402476545
198836917742223362
198836917972910080
198836917863854080
198836917113065474
198836918174228480
198836918107111425
198836918249734144
198836920346877952
198836920258793473
198836920317513728
198836920346882048
198836919977775105
198836920334286848
198836919684173824
198836920388812800
198836920552407040
198836919952609280
198836919914872833
198836918899851264
198836920413995008
198836920623706113
198836920598536192
198836920061673472
198836920531419136
198836919218610176
198836920208465920
198836920745332736
198836920741142528
198836920917299202
198836920992792576
198836920715980800
198836920573374464
198836921009577984
198836920984412160
198836921026355200
198836920602734593
198836920674025472
198836920585957376
198836921097662464
198836920996999169
198836921278017536
198836921391267840
198836921542250496
198836920929878016
198836921886179330
198836921714221056
198836921961680896
198836922175594496
198836921970069505
198836922100101120
198836922309820416
198836922183979009
198836921248657410
198836922293026817
198836922385301504
198836921991036928
198836922381111297
198836924478259200
198836924511830017
198836922548883456
198836924234997760
198836924599910401
198836924776067074
198836924314697733
198836924310503424
198836924918673408
198836925015138304
198836924973187073
198836924251779072
198836925061279744
198836925061283842
198836924549570560
198836925182910464
198836925199679488
198836925040300035
198836925203877888
198836923459059712
198836924717346816
198836925115805697
198836925304537088
198836925317128192
198836923945590785
198836925019328512
198836925434576898
198836925505880064
198836925568778242
198836925564596224
198836925522649090
198836925635899393
198836924834791424
198836925707206656
198836925682024450
198836924356624384
198836925744939008
198836925145161730
198836925728174081
198836925908525056
198836925799473152
198836925321314304
198836925849804800
198836925346492416
198836925988208640
198836926197940224
198836925744951296
198836926319558656
198836926390861824
198836926487330816
198836928727101440
198836928546746368
198836928152473600
198836928773230592
198836928722903040
198836928915836928
198836928467042305
198836928689344512
198836928227975168
198836928269922306
198836928320249856
198836928982945792
198836928169263104
198836928865509376
198836928639012864
198836928504799232
198836928920027137
198836928966168576
198836929150722048
198836929133944834
198836929276547072
198836929322688512
198836929280737280
198836929381400577
198836929222017026
198836929159102465
198836928982941696
198836929553367040
198836929012305920
198836929423360000
198836929448525824
198836929524011008
198836929528213504
198836928068587520
198836929595326465
198836929779875841
198836929830191105
198836929645654017
198836928810987520
198836929888923648
198836929201053698
198836929930862595
198836929914093568
198836929557577728
198836929956032512
198836929549172737
198836929876344832
198836929326886913
198836929880539136
198836930178322433
198836932896231424
198836932946575360
198836931134627840
198836933093371904
198836932963340289
198836932892041216
198836933101760512
198836932535533569
198836932883660800
198836933064007680
198836933173051394
198836932900433920
198836932489388033
198836933277925376
198836932745232385
198836932422283264
198836932829126657
198836933252743168
198836933013680128
198836933290496000
198836933516992512
198836933500219393
198836933521190913
198836933420523520
198836933529575424
198836933529579520
198836933667987456
198836933667991555
198836933215006720
198836932933992450
198836933240172545
198836933663784961
198836933642825728
198836933852540929
198836933823184900
198836933802213379
198836933835759616
198836933730906113
198836933403746305
198836933919641601
198836934037090307
198836934049660928
198836934104199169
198836934183882752
198836933928042498
198836934406193153
198836933839953920
198836934183890944
198836933785436160
198836934284550144
198836937090539520
198836937027616770
198836937069576193
198836937149267968
198836936989872128
198836937149255681
198836937379950592
198836937677746177
198836937652576257
198836937136668672
198836937690333184
198836937837129728
198836937392533504
198836937862295552
198836937891647489
198836937933590531
198836937971339265
198836937350586368
198836937342197763
198836938160087040
198836938248159232
198836938030067712
198836937354776576
198836938353020930
198836938432708608
198836938533388288
198836938130726912
198836938004893698
198836938462072833
198836938734710784
198836938864721920
198836938965397504
198836938747285505
198836938231398400
198836939049287680
198836939036700672
198836938218799105
198836938332057600
198836939108003840
198836939011522561
198836939170910208
198836939250601986
198836939212865537
198836938751492096
198836938449485824
198836939313520641
198836938831183873
198836939351277569
198836939435147264
198836939409997824
198836941251297280
198836941129646081
198836941280645120
198836941205151744
198836940886376448
198836938105552896
198836941481975808
198836941553270787
198836941674909697
198836941679116289
198836941591031810
198836941708460032
198836941691682818
198836941368725505
198836941800747008
198836941838487552
198836941872041986
198836941939146753
198836941909786625
198836942077575169
198836942115307520
198836942023049216
198836941611995137
198836942245335041
198836942241153024
198836941943341059
198836941867843584
198836942354399233
198836942463447041
198836942350196736
198836942425702401
198836942127898625
198836942077571072
198836941981097985
198836942530551808
198836941872050176
198836942719287296
198836942702526464
198836942840930306
198836942715097088
198836942903840769
198836942383759360
198836943059042304
198836942635413505
198836942782214146
198836940999639041
198836942463447040
198836942677344256
198836942622834688
198836943440719872
198836945437208577
198836945521094656
198836945596592128
198836945512710145
198836945563037698
198836945156194304
198836943491051522
198836945466564609
198836945751773185
198836945936326658
198836945894387716
198836946024398848
198836946045378560
198836944699011072
198836945948913665
198836946074746880
198836946192175105
198836946292838400
198836945865027584
198836946305429504
198836946393497603
198836946473193472
198836946284457984
198836946259292160
198836946414485504
198836946376724480
198836946573869057
198836946611609600
198836946615795712
198836946653560832
198836946729046016
198836946582253570
198836946552893441
198836946800353281
198836946775191553
198836946783567872
198836945021976576
198836946817138688
198836946909401088
198836946829713408
198836946959728640
198836946854871041
198836946980708353
198836946594832385
198836946255101953
198836946812932097
198836946783571968
198836947131707392
198836947110727680
198836946745819136
198836949790883841
198836949656670208
198836948939440128
198836949329510401
198836949304352768
198836948608098304
198836949719580672
198836949874769920
198836949895749634
198836949904142336
198836950013186048
198836949996412930
198836949715394561
198836950193541120
198836950243876865
198836950290022400
198836950143205377
198836949652484096
198836950004797440
198836950269038592
198836950315184128
198836950126436353
198836950420037634
198836950441013249
198836950457794562
198836950457794560
198836948377411584
198836949853802497
198836950164185089
198836950520696834
198836950663307264
198836950663299072
198836950390673408
198836950860439552
198836950831083520
198836950780751872
198836950541664256
198836949992210432
198836950973689857
198836950684270592
198836951216959490
198836951233732608
198836951292456961
198836951313432577
198836951292448768
198836951430868992
198836951485399041
198836949941878784
198836950847856640
198836951351173120
198836953830014977
198836953221840896
198836953100189697
198836953507041281
198836954131992579
198836954207485953
198836953502842882
198836954257817600
198836954316541952
198836953708376065
198836954299764736
198836953976799233
198836953708363777
198836954148777984
198836954668867584
198836954085851138
198836954761138177
198836954559823872
198836953871945728
198836954220068865
198836954408820737
198836953909698560
198836954362675200
198836954715004928
198836955079905281
198836954996015104
198836955130245120
198836954807287810
198836955151220736
198836955419656193
198836955193151488
198836955516108800
198836955398668288
198836955025379328
198836955604193280
198836955599994880
198836955348353026
198836955612585984
198836955763576834
198836955633553409
198836955801337859
198836955855855617
198836955847458816
198836955990069249
198836955264462848
198836955897794560
198836955088293888
198836955201548288
198836956044595202
198836956103315456
198836958011727875
198836958083022848
198836957952999425
198836958288551936
198836958208851970
198836957885906945
198836957126737920
198836958254997504
198836958200479745
198836958380822530
198836958376628226
198836958364053504
198836958477295616
198836958020116480
198836958636679168
198836958103994368
198836958242410497
198836958607310848
198836957403545600
198836958397595648
198836958468898817
198836958322098178
198836958963826689
198836958997381121
198836957630046208
198836959181942784
198836959102246912
198836958573768705
198836957508403200
198836958531825664
198836958842204160
198836959169351682
198836959278399490
198836959337132036
198836959270023168
198836958829608961
198836958716379142
198836959337127936
198836959072882688
198836959072886784
198836959181934592
198836958984802304
198836958615715841
198836959030951937
198836959202902017
