198842999474626560
198842999663370240
198843000347049985
198843000472870912
198843000686784512
198842999780802560
198843000288325632
198843000774864896
198843000699359232
198843000871321600
198843001039101952
198843001689223168
198843002121224192
198843003073339393
198843003538915328
198843003228528640
198843004369371136
198843005011103744
198843007984865280
198843007821291520
198843008546897920
198843008643371009
198843008819531776
198843009268322304
198843005183078400
198843009373184001
198843009738088448
198843009972961281
198843009343815680
198843010212052993
198843010564374529
198843011013152768
198843010597924865
198843011487105024
198843011730374656
198843012942544897
198843012695068672
198843014108553217
198843014184042496
198843014200836096
198843014326648833
198843014439907328
198843014817382401
198843015756906496
198843016448978945
198843016339931136
198843017501753345
198843017539497984
198843017388507136
198843017304604672
198843017648549888
198843017745006592
198843017791152128
198843018734862336
198843020160925697
198843021029154817
198843020878151680
198843021075296256
198843021427613696
198843021993848832
198843021641515009
198843022069350400
198843022740434944
198843022723657728
198843022807543808
198843023159869440
198843023122104320
198843023398936577
198843024468475905
198843023919022080
198843024099381248
198843024053256192
198843025378652161
198843027194785792
198843027383533568
198843027891032064
198843027891044352
198843028528570368
198843028885078016
198843029124153344
198843029317091330
198843029921071104
198843030055292928
198843029900107776
198843031133237248
198843031175172096
198843030835437568
198843031238082560
198843031980482562
198843031967899648
198843033205223424
198843033427525632
198843033029062656
198843035579191296
198843035348516865
198843035969265664
198843035570802689
198843035734376448
198843035994439680
198843036627767296
198843036728426497
198843036460007424
198843038058029056
198843038045442048
198843038083186688
198843038439718914
198843038372597760
198843038422925313
198843039270182915
198843039203069952
198843040213909504
198843040952094720
198843041145032705
198843042520768512
198843042533351424
198843042302660608
198843043204435968
198843044366270464
198843044731162624
198843044731170816
198843044961845248
198843042315255808
198843045272227840
198843045431623680
198843045456785411
198843046505349120
198843046668926976
198843044089446401
198843047654592512
198843048799649792
198843040171950081
198843049697218560
198843050292805633
198843049936302080
198843050330554368
198843050565451776
198843050796138497
198843051202977794
198843051098116096
198843051198779392
198843051874070528
198843050796122112
198843052478042113
198843052029251584
198843052448677888
198843052519981056
198843052725501952
198843052838752257
198843053073633281
198843052767444992
198843050036965376
198843052972969985
198843053987995649
198843054596173826
198843053140750337
198843054982037504
198843055380508672
198843055741218817
198843055611195392
198843055552475136
198843056085139456
198843056982724610
198843056856907776
198843057616076801
198843058094219265
198843056978538496
198843057838358528
198843058605920256
198843058664648704
198843059285401600
198843059876802561
198843060141035520
198843056974348288
198843060799545345
198843060837298177
198843061021843456
198843061411913728
198843062343053314
198843062624071680
198843063232245761
198843064033357824
198843064343736320
198843065081925632
198843061835534337
198843065690112000
198843060912791552
198843066277298176
198843067275558912
198843068194103296
198843068382855168
198843068672245761
198843068861001728
198843069032960003
198843070291259392
198843070173818880
198843071641821184
198843071746678785
198843070941364224
198843072820412416
198843072652640257
198843073143382016
198843073449562112
198843073474732032
198843073667665921
198843074108067841
198843074590416896
198843075081142272
198843074875629568
198843075328614401
198843074800123904
198843075521552385
198843076146499584
198843076016488449
198843076633047041
198843076825980928
198843077329297408
198843077350273024
198843078113632257
198843079376125954
198843076951810048
198843078109446144
198843080047206401
198843080315633665
198843080294678528
198843080558915584
198843080823152640
198843080760229889
198843080579891200
198843080974151680
198843081703964672
198843081603293185
198843081204826112
198843081372602369
198843081045458944
198843082366664705
198843083893383168
198843083901775873
198843085176848384
198843085264912384
198843084258287616
198843085113925633
198843085843726338
198843087357878272
198843087789887488
198843088221896704
198843088372891648
198843089878659072
198843090549743616
198843090730090496
198843090579107840
198843091770281984
198843092504293376
198843092827246593
198843093343154176
198843093317988353
198843093938745344
198843094207184896
198843094991507456
198843094848905216
198843095050227712
198843095754874880
198843096249810945
198843096665030656
198843097034145792
198843097596174336
198843097306775555
198843098481168384
198843098862854145
198843098900602880
198843099429076993
198843099563307008
198843099781402624
198843097529065472
198843098560860161
198843099995316224
198843100150505472
198843100733505536
198843101127774210
198843101245214721
198843102637735936
198843102595776512
198843102612570112
198843099529740289
198843103313014785
198843103879241729
198843104218972160
198843104315457536
198843104281894912
198843105741508609
198843104265125888
198843106173521920
198843106165137408
198843106773303297
198843107134025729
198843107809304576
198843107213721600
198843107993845760
198843107972874240
198843108539113472
198843108618809344
198843107914170368
198843109453467648
198843105821204480
198843109512200192
198843109667381248
198843109793218560
198843109390565377
198843110778863617
198843111034716160
198843112804712448
198843112993472513
198843112976683008
198843113295462400
198843113249308672
198843114713128960
198843115061264384
198843115627483136
198843115937873921
198843116109824000
198843116302770176
198843116218875904
198843117305204736
198843117582032896
198843113744236544
198843117468782592
198843118076952576
198843117816905728
198843117842071552
198843119452696576
198843119670804480
198843120153133056
198843120371236865
198843120606134272
198843120744542208
198843121608560641
198843121717608449
198843119612080128
198843123252736000
198843122782978049
198843123907051520
198843124276146176
198843124951425025
198843125182103552
198843125656064001
198843125471522816
198843126545264640
198843127254106112
198843127237316608
198843126910164992
198843127367335938
198843127572869120
198843127023419393
198843127556083712
198843127849697280
198843127669342208
198843128495607808
198843128541757440
198843128847941632
198843129489661952
198843130563407872
198843131297398784
198843132169814016
198843132618620928
198843134078234624
198843134573150208
198843134250201088
198843134065655808
198843134732550144
198843134682206208
198843135273603072
198843135718203392
198843136791953408
198843137781809152
198843137970544641
198843137995714561
198843138108960768
198843138188656640
198843138595495936
198843139086225408
198843139388227584
198843141636370433
198843142303268864
198843142793986048
198843142512984064
198843142726893568
198843144081645568
198843144295559168
198843144408793088
198843145214103552
198843145071505409
198843145482534912
198843145285406720
198843146015215616
198843146631778304
198843142571687937
198843146589831168
198843147516776448
198843147776819200
198843147814567936
198843145784528896
198843150821888000
198843150612172800
198843150817705986
198843151056769025
198843151610417152
198843151794966528
198843151937581057
198843151849504768
198843152029859842
198843151388127232
198843151576875009
198843151950159872
198843152528965632
198843152067608576
198843152864509952
198843153514627072
198843153313300480
198843154886168576
198843155108478976
198843155204943872
198843154743558146
198843155838275584
198843155527897088
198843156643581952
198843156769406977
198843157004292098
198843157276921856
198843157369200641
198843157524398080
198843157440512002
198843156962344961
198843158266785792
198843158338088961
198843157927047170
198843158409379842
198843158744924160
198843159579602944
198843159533469696
198843159390855168
198843159453761536
198843160137449472
198843161722896384
198843161903251456
198843161689329665
198843162138120192
198843162494644225
198843162431721472
198843163518042112
198843163014725632
198843164390465536
198843164847644672
198843165149634560
198843162008109056
198843165950746624
198843167569739776
198843167859154945
198843168039501825
198843165292249088
198843168689618944
198843168559607809
198843169176166401
198843169687879681
198843170258288640
198843170639986688
198843170468003840
198843170388316160
198843171701145600
198843171340431360
198843172300918784
198843171889876992
198843172376428544
198843172690993152
198843173722783744
198843173857013760
198843173689233408
198843173827645440
198843173785706496
198843174410649600
198843173022347265
198843174985273344
198843174817497088
198843174880419840
198843175526342656
198843176147103745
198843176038047744
198843176545558529
198843177388613632
198843177321512960
198843178021957632
198843177912893440
198843178021945344
198843179737423872
198843179754209282
198843179926167552
198843179980701696
198843180282687488
198843179779362816
198843180509184000
198843180811161600
198843181247369216
198843181935235072
198843183180955648
198843183411638272
198843183973675008
198843184221143040
198843185131294720
198843185932414976
198843186242793472
198843186267963392
198843186960015360
198843186507038722
198843187027116033
198843187148750848
198843185483628544
198843187400417280
198843187392036864
198843187899547649
198843188050538497
198843187903733761
198843188339949568
198843188650323968
198843189505961985
198843189501755392
198843189841494016
198843190323855362
198843188537081856
198843187970838529
198843190479028224
198843191083016192
198843191636660224
198843191208853505
198843193767374849
198843193813504000
198843193792536576
198843193998061568
198843193687683072
198843194476208128
198843193721225216
198843195348619265
198843196049068032
198843196648861696
198843197013770240
198843197139591168
198843197139582976
198843196988604416
198843197559017472
198843197856817152
198843197567401984
198843198414655488
198843198737616896
198843198804721664
198843199849115648
198843199983329280
198843199974940672
198843199521955840
198843200255963136
198843200008495105
198843200591511552
198843200864124929
198843200704753666
198843201031913472
198843200650231808
198843201459720192
198843201535221762
198843202399244288
198843203514925056
198843204123107329
198843205591121921
198843205914075136
198843207298199552
198843207365296128
198843205721133057
198843207344328704
198843208262877187
198843207168163840
198843209382764544
198843208854286336
198843202948694016
198843208942358528
198843209483427840
198843211140169728
198843211140182017
198843211907727360
198843212226494465
198843212419436544
198843212243275778
198843212872433665
198843214063599616
198843213908418560
198843215359651840
198843216060088321
198843216114614272
198843216324345856
198843217247088640
198843217335173120
198843217024794624
198843217175785472
198843217695870976
198843218345992192
198843219805605889
198843219818196992
198843220241813504
198843220736737280
198843220438941696
198843220745125888
198843220812247040
198843221219090432
198843222288637952
198843222750019586
198843223035215872
198843223433678848
198843223697928194
198843224117362688
198843216462757889
198843224993955841
198843225086230529
198843225203675136
198843225350483969
198843225337896960
198843225337892864
198843226055127040
198843225631494144
198843226944323584
198843226797510656
198843226994655233
198843226856243200
198843227644764160
198843227653144577
198843227955142656
198843228475244544
198843227896418304
198843228525576192
198843228651397120
198843228080967682
198843228945002496
198843231402856448
198843231616761856
198843231839064065
198843232208166912
198843232338190336
198843232828923904
198843232682127360
198843232606629888
198843233122521088
198843233487433728
198843233437097984
198843233726500864
198843233999134720
198843234959638528
198843235295178752
198843235735584769
198843238709342208
198843238898077696
198843238130528256
198843239489470464
198843239955042304
198843240802299904
198843241108488192
198843241817325568
198843242656178176
198843243125944320
198843243562151936
198843243880906752
198843244027715584
198843245910958080
198843245277609984
198843246393294848
198843245722214401
198843246712066049
198843246259085314
198843246716264449
198843247416709120
198843247647395841
198843248226209792
198843248985378816
198843248519819264
198843249333506048
198843249471918080
198843247777431552
198843249652281344
198843249513861120
198843250163974144
198843250507911168
