198848032534560768
198848032681369601
198848033318903808
198848033595719680
198848029489504258
198848034778521601
198848035193757696
198848035235692544
198848035516715009
198848036116504576
198848036527538179
198848037135728640
198848037358026752
198848038452736002
198848037949407233
198848038930882560
198848039711027200
198848039719415809
198848039731994625
198848040742813696
198848041107734528
198848041413906432
198848041304858625
198848041992732673
198848042189852672
198848042261155840
198848043028713472
198848040809926658
198848044022763520
198848044677070848
198848044647714816
198848045931167745
198848046421909504
198848046971359233
198848049198530560
198848045541101568
198848049324363776
198848050423267329
198848050247106560
198848050456821760
198848050729467904
198848051220185091
198848050888847360
198848051358609408
198848051555737601
198848052692389889
198848052763705344
198848053678047233
198848054265249794
198848054827298817
198848054537895936
198848054655336449
198848054995070976
198848055213162496
198848055489986561
198848055804559361
198848056408555521
198848056689561601
198848056756674560
198848057218039808
198848056853139457
198848057612308480
198848058107244544
198848058635714561
198848058270826496
198848058883182592
198848059105488896
198848059105492992
198848058807685120
198848059025784833
198848059935961088
198848059600408577
198848060854509568
198848061601099777
198848062406410241
198848062712586242
198848062691610624
198848064218341376
198848064302231553
198848065023647744
198848062960050176
198848064964935680
198848065371770881
198848066034466816
198848066483257344
198848067020128257
198848067892551680
198848068949520384
198848068823678977
198848068811096064
198848065883484160
198848068920152065
198848069964537858
198848070140690432
198848070681763841
198848071227023360
198848071302516736
198848071982002176
198848071428345856
198848072124600320
198848071990390784
198848071822606337
198848073441624064
198848074058178560
198848074167226368
198848073810714625
198848071122157568
198848074204987392
198848073848455168
198848074276286464
198848074624405504
198848074251108352
198848074599235585
198848076524429312
198848076478300160
198848077757562880
198848078298611712
198848077963075585
198848079481409536
198848080471261184
198848081800859649
198848081146560512
198848082048319488
198848079837925376
198848083377926144
198848083537297409
198848084111921153
198848084413915136
198848083973517312
198848084783022080
198848081905721344
198848084921430018
198848086565597184
198848086204874752
198848088142651394
198848089027653632
198848089338032128
198848090474676226
198848092269842435
198848092169179136
198848092676689921
198848093096128512
198848093041602561
198848093251309569
198848093796564992
198848094031450112
198848094161481728
198848094278918144
198848095331680256
198848095503659008
198848096363483136
198848097172979712
198848096942301187
198848097672118273
198848097571454976
198848097982488576
198848098510979072
198848098334806016
198848098125103104
198848099265949696
198848099395969024
198848099559546880
198848100134166528
198848103338618880
198848102998867969
198848104076816384
198848103560916992
198848104257163264
198848105226047488
198848105414787072
198848105326718976
198848105439952897
198848105540632576
198848106161373184
198848106517897216
198848106979274754
198848106853441538
198848107704881155
198848108107542528
198848108724109312
198848108656996352
198848109126754307
198848109709758464
198848109881733121
198848110091448320
198848110804475906
198848110636695553
198848111148400642
198848111651721217
198848112255696899
198848112763207681
198848113321058304
198848113895677953
198848114231214081
198848114826805248
198848115032342529
198848114877153280
198848115355291649
198848116059947009
198848114847793152
198848116949131264
198848116663926785
198848116772970497
198848120308776961
198848120912752640
198848121038573568
198848121348952064
198848121529303040
198848121646759937
198848122267500544
198848122317836288
198848121873252352
198848123676803072
198848123966193664
198848123815215105
198848124607938560
198848125006397441
198848125794918400
198848125551648770
198848127376179200
198848127338430466
198848127577497600
198848125933322241
198848128638660608
198848128537993216
198848128156315648
198848128986775553
198848129410412545
198848129582374912
198848129523650560
198848131654356992
198848131343982592
198848129209073664
198848132233166849
198848132220592129
198848132249944064
198848132786814979
198848132430303233
198848132736483329
198848133579550721
198848130857435138
198848134653296641
198848134300966912
198848135609597952
198848135647338496
198848135898996736
198848136733667329
198848138130374657
198848138067451904
198848138256203776
198848138684010496
198848138805649408
198848138340077570
198848139711627265
198848141414506496
198848141288673281
198848141678739456
198848143016726528
198848142681194498
198848143599747073
198848144048529409
198848144853827584
198848145541705728
198848145675919360
198848146116325376
198848146049208320
198848146300870656
198848146464456704
198848146275700736
198848146347008000
198848146632212481
198848145877250048
198848145822720000
198848147534004224
198848147416559617
198848147966001154
198848148339310592
198848148947472384
198848148616126465
198848149228503044
198848150260285440
198848149891186689
198848150327394304
198848150797168640
198848151426306049
198848151455666176
198848152638472193
198848152181284864
198848152730734592
198848153301168128
198848153435389953
198848153573793792
198848153867399168
198848154085494784
198848155071168512
198848155452846080
198848155058569216
198848155838722048
198848156048437248
198848156446900225
198848156715327488
198848155683532801
198848157264777216
198848157352865793
198848158074273792
198848157780688896
198848158829264897
198848158502092800
198848158850224128
198848159441633280
198848159768780802
198848159059951616
198848159861047296
198848160339197952
198848160326615040
198848160926412800
198848160481804289
198848160628621312
198848161186463745
198848161777856512
198848162096611329
198848162646077442
198848163229073409
198848147517210625
198848163648503808
198848164327985153
198848164449628160
198848164411867136
198848165443674113
198848165024239616
198848165099732992
198848165443674112
198848167125594112
198848167092039680
198848167171735552
198848166794235904
198848161790431232
198848166345445376
198848167222067201
198848167318523904
198848167729573888
198848169029795840
198848168824291328
198848169621196800
198848169549893634
198848170074193920
198848169809952769
198848171521220610
198848170925629440
198848172594966530
198848172339109889
198848173081493504
198848173643546626
198848174281072640
198848174687916032
198848175098970112
198848175052824579
198848175547760640
198848175237373953
198848176210460672
198848176348856320
198848176621498369
198848177133199360
198848176910905344
198848177682661378
198848177825255424
198848178181767169
198848179716894720
198848179838517248
198848180501225473
198848180220211201
198848180262146048
198848181134565377
198848181755318272
198848181528829952
198848182531272704
198848183340761089
198848183865053184
198848183298826241
198848185316278274
198848185953824768
198848186088034306
198848186922708992
198848186478108672
198848187379884034
198848187736408064
198848187929337856
198848188449423361
198848188613013506
198848188768202752
198848189615439872
198848190047461376
198848190093594624
198848190500446209
198848190668218368
198848191028936704
198848190982787072
198848191532240896
198848192115261440
198848192979288064
198848193000243200
198848193205764096
198848194191437824
198848194984161280
198848195927871488
198848196376674304
198848197353934849
198848196573790209
198848197328777216
198848197295214594
198848198117306368
198848198515757058
198848198373154817
198848198889058305
198848200327696386
198848196749967360
198848197018398720
198848201439182848
198848201510502400
198848200239624194
198848203192401921
198848202970120193
198848203515363328
198848203553116160
198848204501037056
198848204731719680
198848204597497856
198848205704794112
198848205499277313
198848205436370944
198848206329745408
198848204589117442
198848207353155585
198848210071076864
198848209836187649
198848209676812288
198848211052544000
198848211325173760
198848211799130112
198848211719421952
198848212784791552
198848212776398849
198848213023862784
198848213304868864
198848212952563712
198848212893839360
198848213506211841
198848214022111232
198848213439098880
198848213485223936
198848214105985025
198848215901147136
198848215846625281
198848215628517377
198848215355883521
198848216081510400
198848216781946881
198848217847300097
198848217029427200
198848217855700992
198848217931190272
198848218627440641
198848218942017537
198848219227234304
198848220137402368
198848220804288512
198848221458595840
198848223052447745
198848222767222784
198848222712696834
198848223975178240
198848223681593344
198848224432373760
198848224667238400
198848225392869377
198848226034585600
198848226479190016
198848226751819780
198848227234152449
198848227758448640
198848227930415104
198848228270153728
198848228085612546
198848229058678785
198848229213863936
198848227955580928
198848229289369600
198848229536829441
198848230379880448
198848230514106371
198848231235518464
198848231805956096
198848232720302081
198848233013907459
198848233240403970
198848233886322689
198848233894707202
198848234616131584
198848234679050240
198848235048157186
198848235333353472
198848236193185795
198848236264505345
198848236021235712
198848237426319360
198848237858324480
198848238202269696
198848238080630784
198848238688808961
198848239963869184
198848240597209088
198848239984848897
198848240454615040
198848241507373057
198848241222160384
198848241394135041
198848242195234817
198848242065223680
198848242677592064
198848242623066112
198848242488852480
198848242845368320
198848243399004160
198848244254654464
198848244833452033
198848244950900736
198848245064151041
198848244804108288
198848246246948864
198848246465036288
198848246196604929
198848246276304896
198848247379410944
198848248880967681
198848249086492672
198848249208127488
198848249317163008
198848249505918976
198848249854050304
198848249430425600
198848251275902977
198848251263336449
198848251657584640
198848251561115648
198848252022501378
198848252144128001
198848252211236864
198848253289181185
198848253276594176
198848253381447681
198848252802637824
198848253708599296
198848254190956546
198848256808194049
198848257454116865
198848257542197250
198848257827409920
198848258020360192
198848257449926657
198848258649501696
198848259853258756
198848259576434688
198848259928756224
198848259731623936
198848260251717632
198848259639361536
198848260604039168
198848260318822400
198848255679938560
198848261279322112
198848260985733123
198848261832974337
198848261346430976
198848261740707840
198848261568741376
198848262239821826
198848262990606337
198848263309361153
198848263200313344
198848263921745920
198848263854620672
198848264295038978
198848264768983040
198848264609595392
198848264865456128
198848264290832384
198848265209389057
198848266224402432
198848266622869504
198848267503673344
198848267730157568
198848267562385409
198848268560629760
198848268808105985
198848268942327808
198848270506803200
198848270179639297
198848270561316865
198848270955593729
198848271714750465
198848271320489986
198848272083849216
198848271429533696
198848272239046656
198848273014988800
198848273094688768
198848273283416064
198848276026499073
198848276726951936
198848275934216192
198848277599367168
198848277838430209
198848277620326400
198848277817462784
198848277356089346
198848278299820033
198848280124334080
198848280711540737
198848281290350593
198848281638477826
198848281223241728
198848281726558208
198848281873354753
198848282603159552
198848282523471872
198848283089702912
198848283882422273
