198825131949297665
198825131643125760
198825133287276544
198825133496991745
198825133299875840
198825133677355008
198825135178911744
198825135447347200
198825135887745024
198825137187987458
198825135967449088
198825136059715584
198825137053765635
198825137934573568
198825138244956160
198825138718900224
198825139482263552
198825138953797632
198825139918483456
198825140212084737
198825138853134336
198825140858003456
198825141508128769
198825142007242752
198825140363075586
198825142284058624
198825143001284609
198825143382974467
198825145006174208
198825144259584000
198825145433985024
198825145501089792
198825147489198080
198825145819873281
198825147975737344
198825148491640832
198825148323860480
198825149053669376
198825150894977024
198825151062736896
198825151612207107
198825151553474563
198825151809339393
198825152279085056
198825151847075841
198825151939350528
198825153260560384
198825154053283840
198825154523037697
198825154715983873
198825155160588288
198825156561469440
198825156578258945
198825157245149185
198825157354196993
198825157429702657
198825157878497282
198825158075629568
198825157756858368
198825158377603072
198825158482464770
198825158708969473
198825161267482624
198825162139906049
198825163058458624
198825163251384321
198825163385610240
198825163259785216
198825164320944128
198825164245442560
198825164333518849
198825165109473280
198825165596004352
198825166002851840
198825166359379968
198825166153842691
198825166892056576
198825167093379074
198825167265345536
198825167366004736
198825168284549120
198825168523624448
198825167361802241
198825169123409920
198825169534464000
198825169719005185
198825169584791552
198825170197151744
198825170704670720
198825170847272960
198825171413504000
198825171207979009
198825171577094144
198825171992317954
198825173133168640
198825174328549378
198825175062548481
198825176136286208
198825176778014721
198825177625268224
198825178883555328
198825178954866689
198825178178928641
198825178870972419
198825179370102785
198825179466575872
198825180758409216
198825181022654465
198825181408542721
198825182448721920
198825182595530752
198825182834589699
198825183224659968
198825183283396608
198825183618940928
198825183493107712
198825183899955200
198825184080314368
198825184248082432
198825183631511553
198825184923357184
198825185615421440
198825185904836609
198825186034847744
198825186013884417
198825186454282241
198825188660494336
198825189147029504
198825188907950080
198825189721640960
198825189725843457
198825190032023552
198825189402873858
198825190002671617
198825190845718528
198825191458078720
198825191177076736
198825192968044544
198825193983062016
198825194293440514
198825193920143360
198825194519920641
198825194989699072
198825194872258560
198825193945317376
198825195895664640
198825195702730752
198825195165851649
198825196881326080
198825196830990336
198825196449304577
198825197304954880
198825197481115648
198825197418184704
198825197707599872
198825198273826816
198825198043136001
198825198567424000
198825198475157504
198825199498575872
198825200475844610
198825201629270019
198825199003648002
198825203185356802
198825203298603008
198825203877421057
198825203399270400
198825204246511616
198825204691107840
198825205450293248
198825206352056322
198825203768369152
198825206851186688
198825206729547778
198825206213644288
198825204036796417
198825207102840832
198825208176586752
198825208205938690
198825208445018114
198825208809930752
198825208247881729
198825208763781120
198825209728479232
198825210726723584
198825210894499840
198825211615911936
198825212454776833
198825211943071744
198825213184589825
198825213083914240
198825214279294977
198825214161850368
198825213293625345
198825215910875137
198825216678432768
198825217894776832
198825217752170498
198825218821726209
198825218574258176
198825219568316416
198825219778023425
198825220260364288
198825221061484544
198825221778714624
198825221598363648
198825221715787776
198825220696580097
198825217294999552
198825222760185856
198825223003455489
198825222852460546
198825223167033344
198825223171219457
198825223276081152
198825223259308033
198825224232378368
198825223850704897
198825224278523906
198825224307875841
198825224538570752
198825225331286017
198825225188671494
198825225335488512
198825226140790784
198825225490661376
198825226950283264
198825228267307008
198825227877220354
198825228594462721
198825228791595008
198825228359569409
198825229026463749
198825229903077377
198825229575921664
198825230217658369
198825229961801729
198825230226046976
198825230880342016
198825230913912832
198825231463362560
198825231270416384
198825231740182531
198825233124311043
198825232977498114
198825233556307970
198825233594073088
198825233795395585
198825234340646912
198825234671996928
198825235011747840
198825235557007360
198825235456327680
198825236249067521
198825236286803968
198825236572028928
198825237389918208
198825237452828675
198825237972926464
198825237930975232
198825240569184257
198825240732762112
198825240846020610
198825241034752000
198825240971841539
198825241491935235
198825241886208000
198825242095915009
198825242142056448
198825242234331136
198825242544709633
198825242670538752
198825243303870464
198825243559723008
198825243547144192
198825244423749632
198825244696387584
198825244419563520
198825244889321472
198825246311202817
198825247041003520
198825247263301632
198825247498178560
198825248450289664
198825249435951104
198825249393999872
198825250383859712
198825250597781505
198825250706825216
198825250803290112
198825251109470208
198825251541487619
198825251180785664
198825250119622656
198825252279693313
198825253030477824
198825254402002944
198825254632685568
198825255031156736
198825255236669440
198825254955646976
198825255165366272
198825256050376704
198825256172007425
198825256285245441
198825255739981825
198825257501601792
198825256515940352
198825258210443264
198825258977988612
198825259942686722
198825260802506752
198825259892359170
198825260831883264
198825261997887488
198825263264579584
198825263650443264
198825263621087233
198825263960825857
198825263977598976
198825264371871744
198825264376066049
198825264678055936
198825263797243904
198825264422195200
198825265454006273
198825265844076545
198825265705652224
198825266284466176
198825264560611329
198825266422874114
198825268159324162
198825267525984256
198825268616511488
198825268192874496
198825268637478912
198825268817825792
198825269082066944
198825270403280897
198825270462005249
198825267895083008
198825270906593281
198825270956916736
198825270650740736
198825272080994304
198825272802410496
198825272903081985
198825272940830721
198825274064908288
198825274094272512
198825274933125121
198825274182352896
198825275390304256
198825275654541312
198825274840858624
198825276334030849
198825274647904256
198825276468248577
198825276770222080
198825276661182465
198825277567139840
198825277927858176
198825278091436034
198825278036905984
198825277525196800
198825278049501186
198825278401810432
198825278460526593
198825278208880640
198825278892552192
198825278531829761
198825279156781057
198825279165169664
198825279832076288
198825280587046914
198825280599638016
198825281702727682
198825281874690049
198825283451760643
198825283682451456
198825285112705024
198825284504522752
198825286085783553
198825285758615552
198825287281160192
198825288308752385
198825289424449536
198825290124894209
198825289718050816
198825291072815104
198825291227992064
198825291370598400
198825291097968643
198825292356263938
198825293757169664
198825295426498563
198825295921414144
198825296198242304
198825296479260672
198825297016127488
198825296529596416
198825297590747136
198825297494294529
198825298760957952
198825299222331392
198825299524325376
198825300900069376
198825300820373504
198825300950388737
198825301793447936
198825302082854914
198825296642850820
198825302695231488
198825302791696384
198825303521509377
198825303773151233
198825303932547072
198825303525691392
198825303588618241
198825304976920576
198825305912262656
198825305383776256
198825307208302592
198825308705656834
198825308332363777
198825308944732162
198825309481615363
198825309632606209
198825310412750848
198825310731517952
198825310823792641
198825311381626881
198825311985602560
198825312128204801
198825312346316803
198825313134850048
198825312530870273
198825313969512448
198825314082766848
198825314095341569
198825314296668161
198825314158264320
198825314615435264
198825315588509696
198825317048127488
198825317077491712
198825317614354432
198825318394499073
198825319338225667
198825318826512384
198825319740866560
198825320487460865
198825321091432450
198825320932048897
198825322148405249
198825321875783680
198825322773360641
198825323436052480
198825323234738176
198825323436052481
198825323360550913
198825323549298688
198825323775787010
198825324421722113
198825324698537984
198825324136497153
198825324673380352
198825324723699713
198825324820185088
198825324685950977
198825324870516738
198825326720204801
198825328943177728
198825328993509376
198825328897044482
198825331266813952
198825331895971841
198825332462194688
198825333049393152
198825333590474752
198825334337044481
198825334362210304
198825334588719105
198825334630653952
198825334823587841
198825334316085248
198825335301734400
198825335867969536
198825336585207808
198825336618762240
198825336920735744
198825337281445888
198825337466003456
198825338418106368
198825340074868736
198825341945524225
198825338434879489
198825341899378689
198825342159429635
198825342088118272
198825342255906817
198825342465605633
198825342520143872
198825344009109504
198825343795208192
198825344432734208
198825344629882882
198825345275801600
198825345263210496
198825345711996929
198825346248867840
198825346185957376
198825347716882432
198825348828381184
198825348320854016
198825349612707840
198825349658853377
198825350409633792
198825351999258626
198825352099934211
198825351886024705
198825352720678912
198825352762638336
198825354201276417
198825354398416898
198825354775900161
198825355233071104
198825355136610304
198825355509891074
198825355597975553
198825356923375616
198825357078560768
198825356801744896
198825358424944640
198825357850316800
198825358697562112
198825358810812416
198825359586762753
198825358345256963
198825359783899136
198825360148795393
198825360853442561
198825361847496704
198825361780383744
198825362564710400
198825363042873344
198825364590563329
198825364804476930
198825364984823808
198825366029209600
198825366507372544
198825366566084608
198825366465417218
198825367119736832
198825368306716672
198825368281546752
198825368554192897
198825368721956864
198825369112031234
198825369422413825
198825368126357504
198825367899869184
198825371582472196
198825372744302593
198825373021110274
198825373155340288
198825372622659584
198825373931290624
198825374438797313
198825374854029312
198825375046967296
198825375638360065
198825377190256640
198825378054275072
198825378628894720
198825378595352576
198825379362910208
198825379295789056
198825379622957056
198825379920756737
198825380709281794
198825380860280832
198825381170651136
198825381455863809
198825381564911618
198825382705766401
198825382718357505
