198780840254251010
198780841508339712
198780841726451713
198780841458016256
198780841055367171
198780841839693824
198780841550282752
198780841814536192
198780843680993280
198780844016541697
198780844075266049
198780846373748737
198780847665594370
198780849632706562
198780850031173635
198780850534498305
198780850698076160
198780851641786368
198780851478200321
198780851755028481
198780851822149632
198780854498111488
198780854565220352
198780855735427072
198780855576035329
198780855857070080
198780856054190081
198780857438310400
198780857413140481
198780858734350336
198780858189090816
198780857912274947
198780859229286400
198780860231712769
198780859988451328
198780858679824384
198780860969926657
198780860470788096
198780860554686464
198780862026891264
198780860529512450
198780864409243648
198780863855591424
198780864195334147
198780864384086016
198780866946805763
198780867152314369
198780867018096641
198780867357843457
198780868414812162
198780869350146048
198780873494110209
198780873435394051
198780873569607680
198780873875787777
198780874102288384
198780874756603905
198780874920181760
198780876090384384
198780876186849280
198780877617102848
198780878674075648
198780879374532609
198780879424847872
198780880976756737
198780881224204288
198780881274540033
198780881719132160
198780881190662144
198780878296592384
198780881471680513
198780883199725569
198780883501723650
198780884185395200
198780884361547777
198780884508352512
198780884126679040
198780884625788928
198780885422702593
198780887482105857
198780886978789378
198780888866242563
198780891428958210
198780891210854401
198780891647062016
198780889809948672
198780892880191490
198780893714857984
198780894507581440
198780893991669762
198780896025903104
198780895967186944
198780897078685696
198780893375107072
198780898152427521
198780898672508928
198780899209388033
198780901021327361
198780900996161536
198780901080047616
198780902673887232
198780904334831616
198780904305471489
198780904318054400
198780904385150977
198780904649408512
198780906050289664
198780906138378240
198780906679439360
198780907262455809
198780907778351104
198780907916763136
198780912245288960
198780911859408896
198780913667149824
198780913629413376
198780917471379456
198780917634973696
198780918649982979
198780918897442817
198780919140720640
198780920285765632
198780919807606785
198780921711820800
198780922936565760
198780924220014592
198780925071458304
198780925306347521
198780924882722816
198780927990706176
198780928632430593
198780930276601856
198780930675064833
198780932403101697
198780933279715328
198780933728509952
198780935402041344
198780935955693568
198780936429645826
198780938149310464
198780940284215296
198780940783325185
198780941529919488
198780941689290753
198780943048261632
198780943673212929
198780944696619008
198780944734367744
198780945241870337
198780944742756353
198780944847609856
198780945237688321
198780946084937728
198780945954914304
198780947397746688
198780947557126144
198780947297091584
198780948312109056
198780939130765313
198780949725585408
198780950346342401
198780950644146176
198780951017431040
198780952007294976
198780954544840706
198780953928286211
198780955752808448
198780957438914560
198780957837361153
198780957866737664
198780958936285188
198780959276007424
198780960664338432
198780961549320192
198780961134092289
198780962623078401
198780962685980673
198780962904084480
198780960521719808
198780964149788672
198780964900577281
198780965324197889
198780966028840960
198780966762852352
198780967618494465
198780969262653440
198780968956469248
198780969765978113
198780972437745664
198780974929154051
198780975470231553
198780975793176578
198780976124538880
198780976602677248
198780976623652864
198780977923891203
198780977286356993
198780978116825089
198780978397855746
198780978355904512
198780978884378625
198780979899404288
198780979916177408
198780981086404609
198780980008452097
198780983061909504
198780984970321921
198780985834344450
198780989579870208
198780989294641154
198780987356889088
198780991056265216
198780991194669057
198780992545239040
198780992520069120
198780993769975809
198780995061825537
198780995028271104
198780996122976256
198780997439991808
198780997326737408
198780998530506753
198780998857662467
198780998857670656
198780999671361536
198780999428087808
198781000535388160
198781000828989442
198781002636738560
198781003219734528
198781003815333888
198781003471400960
198781004893261825
198781004977160194
198781005484662785
198781006541635584
198781007669903361
198781007615369218
198781007221112833
198781007611166720
198781008630398976
198781008714276868
198781010010308608
198781010400378882
198781010169696257
198781011344105472
198781011448971265
198781011901943808
198781011910332416
198781013499973632
198781014338846723
198781015089610754
198781014963785729
198781007741194242
198781016784117761
198781017048363010
198781017769787393
198781018407313409
198781018826752001
198781019363622913
198781019694968832
198781017702678529
198781020336685056
198781020319916032
198781020286369794
198781020458323969
198781020642885632
198781020844199937
198781021137805312
198781020382826496
198781021750181888
198781022538706946
198781023553732608
198781026628149248
198781027177603072
198781028377174016
198781029450907649
198781030306549760
198781030948286464
198781031791337472
198781032030412800
198781031564845057
198781032152043521
198781033804599296
198781034152726530
198781034953842690
198781038099574784
198781037713694721
198781038682587136
198781039169118208
198781040293187584
198781041937354752
198781042788810752
198781044374245377
198781045586395136
198781046953754624
198781048295915521
198781049201893377
198781049604554752
198781050133032961
198781050741198849
198781052712529921
198781052196622339
198781054004363265
198781053660434433
198781054067277826
198781053136150530
198781054209896448
198781054805487616
198781054667063296
198781054419603457
198781055640158208
198781056151859201
198781056302854144
198781056114114560
198781057271738368
198781057796030464
198781058362257409
198781058836217856
198781058873962496
198781059343712257
198781059570204673
198781060350345217
198781060903993347
198781061981929472
198781062078406656
198781062460080129
198781062376202244
198781062606880769
198781062854361088
198781063613517824
198781063240224768
198781064527884289
198781064460775424
198781065593241600
198781065610018818
198781066151079937
198781066910253058
198781067942051840
198781068042715136
198781069443604480
198781069632356354
198781072102789121
198781072849379328
198781072941645824
198781071779823617
198781073415606272
198781074862645248
198781076666191872
198781078369087489
198781078989840384
198781079623188480
198781079379910656
198781080826945537
198781078364880900
198781082211069952
198781081967788032
198781082370441216
198781083574222848
198781083439996928
198781083972681729
198781085704921089
198781085981745153
198781085444866048
198781086929666048
198781086988378113
198781088288612353
198781089525927936
198781090083782659
198781090176053249
198781090004086785
