198799714244755456
198799714370592769
198799716442587138
198799716715208704
198799717361127424
198799717398888448
198799717726027778
198799718028029952
198799720670429186
198799720762703872
198799719873519617
198799720645263360
198799721769345024
198799719957397504
198799722624987136
198799722230718464
198799722922786818
198799724671807488
198799725321916417
198799725615529986
198799726391472131
198799726471151618
198799727406485504
198799727918202880
198799728127901696
198799728790605825
198799729566560259
198799729776263168
198799730019545089
198799730770329600
198799730921324544
198799731852451840
198799732766814209
198799732838121473
198799733551136768
198799730334105600
198799734620688386
198799734591336449
198799734725558275
198799735421808641
198799735618945025
198799736063541248
198799736235507712
198799736399069184
198799736336154625
198799736998854656
198799737271496704
198799738244562944
198799738521395200
198799738844360706
198799738743689216
198799739234426880
198799739834220545
198799740891181056
198799741813927936
198799741272850433
198799742724083712
198799740115234816
198799743919456257
198799744334700544
198799744842207232
198799744787693568
198799745941123072
198799740471750657
198799746717057026
198799747195224064
198799746821926912
198799747656581120
198799747945996288
198799748868739073
198799748847763456
198799747342008320
198799749233643520
198799750328369154
198799750227689472
198799750512918529
198799750676484096
198799753012707328
198799753247592448
198799754048700417
198799755286028288
198799755495735296
198799755839668224
198799756087140354
198799755042754562
198799758129774593
198799758775693312
198799758435946497
198799759983644672
198799759794905090
198799760486973441
198799760642146304
198799761137074177
198799762139521024
198799762630250497
198799763817242624
198799764039536640
198799764324753408
198799763523649537
198799764454772737
198799764890976257
198799764983250944
198799764983255041
198799766308659201
198799766476427264
198799766480617472
198799766178631681
198799766803591170
198799766509989888
198799767587913730
198799767667621889
198799767780859905
198799767957024768
198799767726333954
198799767826993153
198799768183521280
198799768737161216
198799768707801089
198799769076908034
198799769173377026
198799769995456513
198799770280656897
198799770364555266
198799770842697728
198799771211796481
198799771572510722
198799772075835392
198799772130344960
198799771446681600
198799772440723457
198799772163907584
198799772704980993
198799773602545666
198799774353326081
198799774399463424
198799774323974144
198799774118445056
198799776882499586
198799776970588161
198799777197068289
198799778010775553
198799776068796419
198799777981407233
198799778400829440
198799779193569280
198799780808359936
198799781223596033
198799781244571649
198799780439265282
198799781290713088
198799781454282753
198799782154747905
198799782758715392
198799782863572993
198799784155418624
198799784251895810
198799784436445184
198799785254330368
198799785375961088
198799786248380417
198799786168688641
198799786894299136
198799787796078594
198799787850608640
198799788274233344
198799788404252672
198799788651712512
198799788890796032
198799789536722944
198799790329430016
198799790635626496
198799791365439488
198799792053305345
198799792132997120
198799791646441472
198799792158162945
198799792896360448
198799792514674689
198799793814904832
198799794481803264
198799786831396864
198799794989309953
198799795240964096
198799795236769792
198799794842513408
198799794905415683
198799796574752768
198799794678935556
198799800525791233
198799802325143552
198799802266435584
198799802685857794
198799799703699456
198799803721842688
198799804162248706
198799806523637760
198799807500914689
198799807026966529
198799808713064449
198799809312862208
198799810046861312
198799809602256897
198799809891667974
198799810600513536
198799811883958272
198799811795894272
198799811829432320
198799813448450050
198799813838516225
198799814203412481
198799814681567234
198799814652198914
198799815348469760
198799815298138113
198799815348465666
198799816594178048
198799816749363200
198799817030373376
198799817034563584
198799817051357185
198799817844072448
198799817219112961
198799818355777536
198799818984927232
198799818942971906
198799818980732928
198799820410990593
198799819806998528
198799820759109633
198799820859781121
198799821098856449
198799821711212544
198799819039453184
198799821895761922
198799822575239170
198799822973714432
198799823531556865
198799824701767680
198799825242824705
198799825695809536
198799823456059394
198799827226722304
198799826916347904
198799828304662528
198799824647225344
198799829370023937
198799829487456257
198799830234046465
198799830053683200
198799828384354306
198799831345537025
198799833430110208
198799834159915008
198799833790816256
198799834562572288
198799833912451074
198799834654851072
198799835036532736
198799836059930626
198799835854409729
198799835929919490
198799836546482177
198799837989322752
198799838211612673
198799838530371585
198799838442303489
198799839058870272
198799839444742144
198799841244094464
198799841671917569
198799841751601154
198799842095529984
198799842322026496
198799842598858754
198799842875686912
198799842976342017
198799844024913920
198799843727126528
198799844503064576
198799846013018112
198799846835109889
198799846981906432
198799847598465024
198799847481028608
198799848714145792
198799848789655553
198799848189870080
198799848240197633
198799849351688192
198799849620119552
198799850182152192
198799850622558209
198799851352363008
198799852979748864
198799850396057600
198799853931868160
198799853508243456
198799854149971968
198799856616222721
198799857216008192
198799857757073409
198799858138742785
198799858960826369
198799860328185859
198799859912949760
198799860596617216
198799860407877632
198799860684697602
198799861397729280
198799861909430272
198799862387576832
198799862555361281
198799862433722368
198799863205478402
198799863486480385
198799863671042050
198799863553601537
198799864115625985
198799866867101696
198799867227807744
198799867655626752
198799867785646080
198799867735314432
198799866166644736
198799871388553216
198799872059645952
198799872537796610
198799870155436032
198799872894312448
198799873468928001
198799874081308672
198799874291019776
198799874920169473
198799874429427715
198799876081983491
198799877042487297
198799877503844353
198799877969416192
198799879164796929
198799879248683008
198799880108515328
198799880133677058
198799880527937538
198799879974301696
198799880666357763
198799881131929600
198799881794625537
198799881496829952
198799883447189504
198799883761745920
198799884483166208
198799884730642432
198799885070381057
198799885393330178
198799886462894081
198799886609678336
198799887301750785
198799887045894144
198799888522293250
198799887993806848
198799888056725505
198799888807493633
198799888761356288
198799888820088832
198799888870420480
198799889914806274
198799889977704448
198799891303108608
198799891672203264
198799892729180161
198799892418789376
198799893337350148
198799893551255552
198799893161185281
198799893836480513
198799894062972928
198799894142652417
198799894964748288
198799895233179649
198799895765856256
198799895707127808
198799896994791424
198799897015750656
198799897435181057
198799897498107904
198799898919964672
198799899645591552
198799900186640385
198799900639629312
198799900849352705
198799900731899904
198799901520437248
198799902124408832
198799902334136321
198799902640312320
198799902191534081
198799902887776256
198799904645189633
198799904854904832
198799904586469377
198799905765081090
198799905857355778
198799906264186880
198799908172607489
198799907878998018
198799908201963521
198799908210348032
198799907925139456
198799909279907840
198799909590274049
198799910236200960
198799911465127937
198799911746146304
198799911779713024
198799912002002946
198799912308195329
198799912442400770
198799913834909696
198799913495183360
198799914011074560
198799914078191616
198799914942214144
198799914828972032
198799916133388289
198799916288585728
198799915239997440
198799916590567424
198799916775116800
198799917911777282
198799918322819072
198799918146654210
198799918545117184
198799919258157057
198799920617099266
198799921455955968
198799921606955009
198799922626174976
198799921330130946
198799924186447873
198799924547174401
198799923385348096
198799925079838721
198799925000159233
198799925092421634
198799926698840066
198799926724014080
198799926866624513
198799927793553408
198799929022492674
198799929433522176
198799929530003457
198799931362914304
198799931534884864
198799932285648896
198799933321658369
198799934152118273
198799934236008450
198799934772883456
198799935280390144
198799936589017088
198799936857452544
198799937029423105
198799937432068096
198799937486594050
198799938128326656
198799938220593152
198799939306913792
198799940347105280
198799940166758400
198799939642462209
198799942511370240
198799943278919681
198799944243613696
198799944478502916
198799945015377920
198799945904553984
198799945980067843
198799946231721984
198799946177196035
198799946277847041
198799946026192896
198799946470797312
198799946638573569
198799947058003970
198799946231726081
198799948228206593
198799948513415169
198799949423583232
198799949419397120
198799950505721857
198799951055175680
198799951298428928
198799952388956160
198799952498016256
198799952883875840
198799952930029568
198799953257185281
198799954075066369
198799953831792640
198799954444161025
198799954939101184
198799955006205953
198799955501129730
198799955689873408
198799955920568320
198799956012834818
198799956088328192
198799956050591745
198799956453232640
198799957287911425
198799957346627585
198799956826521600
198799958114189312
198799958105792513
198799958802051074
198799959104045058
198799959657693186
198799959846432768
198799959888367618
198799959687053316
198799959657693184
198799960114868224
198799960173588480
198799962425925632
198799962132316160
198799963818434560
198799963742932992
198799964065890304
198799964317564928
