198817833805815808
198817833893888001
198817833818402816
198817834002952192
198817834376249344
198817835835863040
198817835395457025
198817836506955778
198817837421314048
198817837912043520
198817837429698560
198817838130139137
198817838310506496
198817837987532800
198817839526850561
198817839614922754
198817836288835587
198817838922866689
198817839652675584
198817840445407233
198817841066151936
198817841229729792
198817840848048128
198817840541876224
198817842332835840
198817842253135872
198817840646733826
198817842412523520
198817842550943744
198817843297525761
198817843662434304
198817844060889088
198817844048297984
198817844841025536
198817845092691969
198817844924915714
198817845348548609
198817847005298689
198817847223390208
198817848074842112
198817848171315200
198817849362493440
198817848162922496
198817850121650176
198817850494943232
198817850385903616
198817851052802050
198817851140878339
198817851753250820
198817853061869569
198817853628100608
198817853934280704
198817854731202562
198817854760566784
198817854739595264
198817854722809856
198817853615513600
198817856153059330
198817856010452994
198817856211787777
198817856534749184
198817856329232386
198817857348435968
198817856966758403
198817857516216321
198817857965010945
198817858266988545
198817858149556224
198817858896138241
198817859089076224
198817859416240128
198817855284846592
198817860225744896
198817860011823105
198817861249142785
198817861731483650
198817863044313088
198817863711203328
198817864164196352
198817864675893250
198817864604594178
198817865971941376
198817866269720576
198817865774796801
198817866580115456
198817866118733824
198817867523825664
198817867964223489
198817869012811776
198817870577283072
198817871080587265
198817871319678976
198817871680372739
198817871546155008
198817872007532545
198817871546159104
198817872724766721
198817873362305024
198817873366487040
198817873639112705
198817873102249985
198817873735593985
198817873689452544
198817873966272513
198817875572699137
198817875509772288
198817874528305152
198817875262308352
198817876155695105
198817876558360576
198817877002948608
198817877057478656
198817877627899906
198817877061664769
198817877116190720
198817878785536002
198817878659694593
198817879301439489
198817879897026561
198817880765235201
198817880693944320
198817881255968768
198817882451353600
198817882963050496
198817883294416897
198817883156000768
198817883843858433
198817883621556224
198817884179398656
198817884313616384
198817884888240128
198817885332836352
198817885450289152
198817885601267712
198817885827760129
198817886112972800
198817886347866112
198817885819379712
198817886318505984
198817886524022784
198817886817628160
198817888260464640
198817889585872896
198817889648787456
198817889652977665
198817889426485248
198817889879461889
198817890055618561
198817890173059072
198817889858490368
198817890714136576
198817890634432512
198817891129364480
198817891053879297
198817891641081856
198817890953211904
198817891624292352
198817892211507202
198817891473305600
198817892412821506
198817892232478720
198817892685451265
198817892404428800
198817893130043392
198817893528510466
198817893146828800
198817893591416832
198817893650153472
198817894715490306
198817894778421248
198817895810220033
198817895957012481
198817896359669761
198817895919263745
198817897542455296
198817897819275264
198817897760567296
198817898565869568
198817899157262337
198817900348452864
198817900306509824
198817900688179201
198817900872740865
198817900063236097
198817901480902656
198817901757739008
198817902139408384
198817902240075776
198817903292858369
198817904668577792
198817905083826176
198817906140778496
198817906883178496
198817906799284224
198817908158238721
198817908296646658
198817908581859329
198817908967751682
198817909815001089
198817910393810945
198817910582542336
198817910762913794
198817911320743937
198817911673065472
198817911668867073
198817911840845825
198817913841528832
198817914214813696
198817914516799489
198817914776854532
198817914625855488
198817915091431424
198817915087237120
198817914462281731
198817915527626753
198817915603128321
198817915921891328
198817916362301442
198817916450385921
198817917264084993
198817917217947648
198817916987248641
198817918274908160
198817918706913281
198817918673367040
198817919243792385
198817919281528832
198817915716378625
198817920007151616
198817920065875969
198817919591911424
198817920141377538
198817921143799808
198817920657272834
198817921890390017
198817922712481792
198817922762813442
198817923148677120
198817923903655936
198817924440539138
198817924524417025
198817925451362304
198817925510086657
198817924381814784
198817925132582913
198817925816258560
198817926155993088
198817926856441856
198817927468814336
198817927531741186
198817927644987392
198817927179411458
198817928529985536
198817929209458688
198817929305931778
198817929742127105
198817929981214721
198817929658245120
198817930962677760
198817931369512961
198817931327574016
198817930140590080
198817931721846784
198817931927371776
198817932627812352
198817932623613953
198817932648779776
198817933412155392
198817933449895936
198817934125178880
198817934582349824
198817934527823872
198817934364250112
198817934590750720
198817935182139392
198817935622545408
198817936411082753
198817937308659713
198817938726330369
198817939875569664
198817940605382656
198817941607821313
198817942031446016
198817942060806144
198817941641371650
198817942639620096
198817943239393280
198817941528133632
198817942765453312
198817943398785024
198817943474278400
198817943616888834
198817943423954944
198817944753549314
198817944891965441
198817945789530112
198817945470775296
198817946544513024
198817947068805120
198817947437907970
198817947890892800
198817947970568192
198817949014953985
198817949249847296
198817949342117890
198817948947857409
198817949832851456
198817949916733440
198817950227111936
198817951711891456
198817951170838528
198817951971938304
198817952127139840
198817952479449088
198817952341037056
198817952856932354
198817953486094336
198817953679020032
198817952378785792
198817954274623490
198817954316562435
198817954513686528
198817955650347010
198817955922984960
198817956522766338
198817956812177409
198817957709746176
198817958200487937
198817959190339586
198817959660109824
198817959794319360
198817960134053888
198817959458779136
198817961744670720
198817961941794816
198817961878880256
198817962176679936
198817962461892608
198817962730332160
198817963057479680
198817963862802432
198817964265451522
198817964093485056
198817964546465792
198817964114460672
198817964118638594
198817964974280704
198817965708283904
198817966186430465
198817966337429504
198817966517780480
198817966375190530
198817966391951360
198817966559727616
198817967029497856
198817967348252674
198817967805431809
198817968120008704
198817967373422593
198817967901904897
198817969063723009
198817970233942016
198817970326216707
198817971538366464
198817971626446849
198817972226232320
198817971941031938
198817972716978176
198817973446774784
198817973463564288
198817973962670081
198817973304164355
198817974537297920
198817974289842179
198817974742827009
198817974465998848
198817976235986944
198817976680579073
198817976655421440
198817977125175296
198817977402003457
198817976680591360
198817978068905985
198817978677075968
198817979146842113
198817979734044673
198817980161851392
198817979931164672
198817980212199425
198817981168492545
198817980962971649
198817981319487488
198817982321930240
198817982233849856
198817983198535684
198817984196784128
198817986092605440
198817986314911745
198817986260381697
198817986616885249
198817987124404224
198817987418009600
198817987602550784
198817987782918145
198817987820658688
198817987841622016
198817987912941570
198817988198146049
198817987707412482
198817988575629312
198817988814704641
198817989297053697
198817982120595456
198817988948934657
198817989573869568
198817989548707841
198817990140112896
198817990203023360
198817989959749633
198817990735695872
198817991276765185
198817990995755008
198817991918497793
198817992312758272
198817992920928256
198817992967065600
198817993139032066
198817993050947585
198817993986285568
198817993868840960
198817993445212161
198817994938396672
198817995068407808
198817995072614400
198817995198443520
198817995408158720
198817995148111872
198817995613679616
198817996070858752
198817996746141696
198817997236879361
198817997786320896
198817997375283201
198817997526282241
198817998390312961
198817998792966144
198817999229157376
198817998902013956
198817999724085248
198818000269348864
198818001020133376
198818000504233984
198818001519255553
198818002836258816
198818003016630272
198818002454585344
198818002928533505
198818003633176576
198818004274905088
198818004715315200
198818005008912385
198818004950196224
198818005361229824
198818005273165827
198818005986181120
198818006242050050
198818006359486464
198818006728581121
198818006871191552
198818007097675776
198818006770528257
198818007164792833
198818007953313794
198818007739408384
198818006753738752
198818008183996417
198818008322420737
198818008465014785
198818008741851137
198818009282908162
198818009370984449
198818006506274816
198818009991753728
198818010302119937
198818010008526849
198818010545397760
198818005407371266
198818010809638913
198818011031937024
198818011522670592
198818012210528257
198818012827095040
198818013112303617
198818013271687171
198818013552705537
198818012801925120
198818013741449216
198818013598851073
198818014332850176
198818013867294721
198818014777450499
198818014932635650
198818015377231872
198818015486287873
198818015503069186
198818015788285952
198818016107048960
198818016673271808
198818017159819264
198818016975261697
198818016736194560
198818017558274048
198818019412156417
198818019454095361
198818020020322304
198818020003561474
198818020095827968
198818019542171649
198818020733366272
198818021677072384
198818021282807808
198818021907767296
198818022041989120
198818022859874305
198818023036030976
198818023728099328
198818023627423744
198818024067842049
198818024004927491
198818024764088321
198818024902508545
198818024558563328
198818024596307969
198818025850404864
198818026114650113
198818026555052032
198818026584420353
198818026668302336
198818026852847616
198818027016421376
198818027553300482
198818029000343552
198818029272969218
198818029537214464
198818030061498369
198818030283800576
198818030023749632
198818031105867776
198818030938099712
198818030657077248
198818028908060675
198818031001018368
198818031630159872
198818031646949376
198818031625977857
198818031709847553
198818032225755136
198818032141869056
198818032775208960
198818033177853952
198818033798615040
198818034180300800
198818034993995776
198818035027542016
198818035178553344
198818035417616385
198818035602161665
198818035681865728
198818035564429312
198818036273262592
198818037107933184
198818037338619907
198818036818526208
198818037837733888
198818039163133953
198818039603544064
198818039595155457
198818039662247938
198818040111042560
198818039695806466
198818040010375168
198818039767109632
198818041226739712
198818041751023617
198818042300477440
198818042120118272
198818042082369537
198818042740867072
198818042979942401
198818043357446144
198818043365822464
198818043713949696
198818043634257921
198818043755896832
198818043973996547
198818044078866432
198818043957215232
198818044460535808
198818043902693377
198818044481503233
198818044737355776
198818042711506944
198818045169381376
198818045311987712
198818045874012161
198818046192791552
198818046461231104
198818045731422211
198818046712877057
198818046800957440
198818047832756224
198818047799201795
198818047593676803
198818047161667584
198818048466104323
198818049187528704
198818048763887617
198818049598558208
198818049707606018
198818050022195200
198818049632112640
198818049279791104
198818048411570177
198818049837629441
198818050445819905
198818051095924736
198818051808952321
198818051876077568
198818052614270976
198818052295507969
198818052853342210
198818053256003585
198818053927079936
198818053566369794
198818053994192896
198818054191316992
198818054480728064
198818055495749632
198818055055347713
198818055340568576
198818056342994945
198818056397529089
198818056590462976
198818056611438592
198818056665960448
198818056875679744
198818056523350019
198818057504833537
198818057790038017
198818058490490880
198818058284969985
198818058431770624
198818058897338368
198818058373054465
198818058935078915
198818058993799168
198818059404849154
198818057999761408
198818059132211200
198818059866210304
198818059606179841
198818060218544128
198818059841052672
198818060516327424
198818060445024257
198818060260483074
198818061975961600
198818062366019586
198818062177271808
198818063024537600
198818063628505088
198818063934697475
198818064123437058
198818064299601920
198818064681279488
198818064123437059
198818065222340608
198818065352364033
198818064899383296
198818064840663040
198818065541120001
198818065796960256
198818065943773185
198818065272668161
198818066405142528
198818066509996032
198818066954596354
198818067713753089
198818066690359297
198818068447768579
198818068443570176
198818069085298688
198818069815099392
198818070536536065
198818070985322496
198818071203426304
198818072000335873
198818071593500672
198818071983554560
198818071694147584
198818072658841600
198818073136988160
198818072830808064
198818074181382145
198818073522864128
198818074412068865
198818075108327424
198818075116716032
198818075720683520
198818075775217664
198818076702146562
198818077155147779
198818078606368768
198818078828662784
198818078170152960
198818079256481792
198818079176798208
198818080523157505
198818080678350848
198818080820961280
198818081374617603
198818082456735745
198818082897141760
198818083329150976
198818083253657600
198818084222537728
198818083882795008
