198795939736072193
198795940088397825
198795940251975681
198795940604284929
198795940692377600
198795940621066240
198795941325705216
198795942013579265
198795942533664768
198795942080679936
198795943443832834
198795943510937602
198795943804551168
198795944211390464
198795944576286720
198795944278495232
198795945406771202
198795945264168960
198795945968799744
198795945025077248
198795947243876354
198795948049170433
198795947751391234
198795948841897984
198795947264851968
198795948535721986
198795948938366977
198795949907263488
198795950175690752
198795950335078400
198795950888730624
198795950876143617
198795950775468033
198795951631110146
198795952616783873
198795953795371008
198795953468211200
198795954097373186
198795954479050754
198795954533564416
198795954428715010
198795956668477440
198795957536686081
198795957725442048
198795958643990528
198795959352827904
198795960955043841
198795961395458049
198795961122820097
198795961663897600
198795963412918275
198795964004302848
198795964008501249
198795963010269184
198795965623320579
198795965589753856
198795965099020289
198795964503441409
198795966659301378
198795968278310912
198795968542556160
198795969876332545
198795970589372416
198795970736160768
198795970350284801
198795966957101056
198795970140573698
198795971503718403
198795971860234240
198795971398877185
198795972220956672
198795973135319042
198795973441495040
198795973554737153
198795974108397568
198795974552993793
198795974699782144
198795974536204290
198795974741733377
198795974779482114
198795975660290049
198795977757429760
198795978059431937
198795977656774656
198795979078639618
198795978583711744
198795979376443392
198795975597367296
198795980148195329
198795981624586240
198795980596977664
198795982090141697
198795982551519232
198795982819966977
198795982899654657
198795982727675905
198795982949982208
198795983495237634
198795984166322177
198795985055518721
198795985676279808
198795985898573826
198795986745823232
198795987010068481
198795988117360640
198795987324649473
198795989274996736
198795989665058817
198795989895741440
198795990034161664
198795991300837377
198795990826885122
198795991112101888
198795991573471233
198795991422468097
198795992361996289
198795992231981056
198795993158909952
198795992575909891
198795992743673858
198795993607712768
198795994152976384
198795995088297987
198795997311270913
198795997839757312
198795999051915266
198795998867357697
198795998565384194
198795999282601985
198795999316164608
198795999760760832
198796001203593216
198796000767389697
198796002315075586
198796002222800898
198796002554150914
198796002474459137
198796003397218308
198796003997003777
198796004059906049
198796004198330369
198796003363659777
198796004571627520
198796004479336448
198796005397897217
198796008010944512
198796008073854979
198796008514260993
198796007994167299
198796006698127362
198796009957109761
198796007608287232
198796010867269632
198796011815190530
198796011949400066
198796012347867137
198796012641456129
198796012452716546
198796012968615936
198796012989595648
198796013790691329
198796013631311872
198796014113665025
198796014864433152
198796014927347712
198796017028710400
198796012867944448
198796017930481665
198796018005983232
198796017901113344
198796018211495938
198796019033571328
198796019092295680
198796019041964032
198796018941296640
198796019763384320
198796019834683395
198796020124098560
198796019922780161
198796020623224832
198796020908441600
198796021764063234
198796022456139776
198796024616194048
198796025132089344
198796024251289602
198796024981110784
198796025861914624
198796025262125056
198796026033876993
198796026394583041
198796025782222849
198796026470084608
198796026642046976
198796023991250946
198796024381313025
198796027946483714
198796027879374850
198796029003440128
198796029540306944
198796029871652865
198796030249148416
198796032107220992
198796032660881408
198796033399070723
198796033248083968
198796033021587456
198796033969496064
198796034737057793
198796034195996672
198796032505679872
198796037417213952
198796037547237376
198796037882777602
198796038662926340
198796038771982337
198796039157841920
198796039711498240
198796039707303936
198796040189644800
198796039652786177
198796040978182146
198796041099808768
198796038646136832
198796044111314944
198796043398287360
198796044463644673
198796044992126977
198796045772275712
198796045969399808
198796046351085568
198796045734510592
198796047223504897
198796048007831552
198796048070737920
198796047764570113
198796048808951808
198796049710710785
198796050201448448
198796050390196228
198796050725740545
198796050650238978
198796051120005120
198796051220664320
198796052499922945
198796051719786496
198796052801916928
198796051182923777
198796053837922304
198796054240559105
198796055423369216
198796055683407872
198796055830212608
198796056278999041
198796056253833218
198796056316739584
198796057105272832
198796058153852929
198796058455851008
198796058271297536
198796058082557952
198796061236658177
198796061266030594
198796062381707264
198796063069573120
198796063140888576
198796063489007616
198796064931856384
198796065833631746
198796066076889089
198796066466963456
198796066508910593
198796067360358401
198796066932523008
198796067834314752
198796068748660737
198796068497006592
198796069256175616
198796068815781888
198796069361029121
198796070388641792
198796071546261505
198796071441403905
198796071802126337
198796071856644096
198796072204775424
198796072318017536
198796072863277057
198796072963944450
198796072666148864
198796073354018816
198796073374978049
198796073769246720
198796074079629312
198796074666831872
198796074771681281
198796075304370176
198796075782508544
198796076566855680
198796076910772225
198796077539930113
198796077405708289
198796077783191552
198796077074354177
198796078072602624
198796077720285184
198796078005493761
198796078152298497
198796079146348544
198796078840164352
198796080681463808
198796080882794496
198796080480141312
198796081021198337
198796081499348992
198796082405310464
198796083118350336
198796083504226306
198796083856556032
198796085416837122
198796086507352064
198796087052603392
198796087031640064
198796087400730627
198796087945986050
198796088021499905
198796089678241792
198796089619517440
198796089850204161
198796090257047553
198796091397910528
198796091372732416
198796093465702400
198796093566353409
198796094753341440
198796095705460736
198796095755780099
198796095957106691
198796096934387712
198796097425125377
198796096905035776
198796097609674754
198796097093779457
198796098075234305
198796097798406145
198796098603720705
198796098893131777
198796098918293506
198796099568406530
198796097567735808
198796100851871744
198796102420533252
198796102345035777
198796103041286144
198796102965788672
198796105021001730
198796104878407680
198796105054556160
198796105851478016
198796106174431232
198796105897615360
198796106761646082
198796106614841346
198796107315290112
198796103813042176
198796107361431553
198796107592118272
198796108351275010
198796108540026881
198796108661661697
198796108326117377
198796106774220800
198796108485492736
198796110259699712
198796110062567424
198796111060795392
198796111132110848
198796112646254592
198796112889511937
198796112918872064
198796113388634112
198796114357534721
198796113959071744
198796114521096192
198796115439652864
198796114877624320
198796115171221504
198796114458185729
198796116324646914
198796116144291843
198796116249153536
198796117239021570
198796117289345025
198796117582938112
198796119357128706
198796119768170498
198796119889817601
198796117742333953
198796120485400576
198796119449411584
198796122477703168
198796122167312384
198796124620988416
198796124822323200
198796125803782144
198796125384347648
198796126437122048
198796126705557505
198796127070457856
198796127032709123
198796127519260672
198796127657656321
198796128169369601
198796128513310721
198796128240672768
198796128353910787
198796129138257921
198796129155031041
198796128915963904
198796129004044288
198796130673377283
198796130635620354
198796130165858305
198796130815971329
198796131692584961
198796132745347072
198796132455940097
198796132879581186
198796133139619841
198796132925702145
198796133273841664
198796134360170496
198796134616018945
198796134666346496
198796135278723072
198796135165464577
198796135530364928
198796136713162753
198796136172105728
198796136641867776
198796136960638977
198796138005012480
198796138667708416
198796138399277057
198796138642546688
198796139682738176
198796140450283520
198796140731314178
198796140999749632
198796141398204416
198796142006382593
198796141364658178
198796142316765184
198796142165753856
198796143105282050
198796143520526336
198796143025586176
198796138898391041
198796144283881473
198796144275501056
198796144216768512
198796146972434434
198796147328946176
198796147870011393
198796147920338944
198796148373331968
198796148562075648
198796150025887745
198796148574666752
198796151040905216
198796151032524800
198796152043343872
198796152013983744
198796152433426433
198796152710250497
198796152739594241
198796152894799873
198796149715513344
198796153008037888
198796153188397056
198796153960144898
198796154010472452
198796154190823424
198796153507155969
198796155159707649
198796155314913280
198796155549777921
198796155725942784
198796155621089282
198796154983563265
198796156174741505
198796156086665217
198796156438978560
198796156401229826
198796156082470914
198796156829044737
198796156489302016
198796156736782336
198796157248487425
198796155646246912
198796158502584320
198796158976528385
198796158804566017
198796158712299520
198796160167718912
198796161300172800
198796161333727235
198796161480531968
198796161602170881
198796162558476288
198796161795104771
198796162617184256
198796163137273857
198796163942588416
198796164550766592
198796164726915073
198796165624508417
198796167310622720
198796167335776256
198796167029600258
198796166886981632
198796168224972801
198796168849932288
198796169206448129
198796169701359616
198796169814605824
198796170410201088
198796171442012160
198796171102261248
198796171911761920
198796172679319553
198796172658348032
198796172750626816
198796173719506944
198796173115535361
198796173765644290
198796174071840769
198796174243790848
198796174340276225
198796174977802240
198796175837626369
198796175736979456
198796175858610176
198796175988621312
198796176437420032
198796176743608320
198796176902995970
198796177930600448
198796178459066369
198796179285356544
198796182699507712
198796182942793730
198796183165091842
198796184020717568
198796184008130560
198796185354514432
198796185320964096
198796185266434048
198796186285654016
198796186533105664
198796185262239745
198796187086757888
198796187086761984
198796188198240256
198796189414600704
198796189154553857
198796189062279169
198796189674651649
198796189565591553
