198811793911586816
198811793823514625
198811794062585857
198811793911578624
198811794125492225
198811794117099521
198811794121302017
198811794477809666
198811794817560576
198811794901450752
198811794112905218
198811794934988800
198811794775609345
198811794737872896
198811795333447680
198811794494586880
198811795723522050
198811796012941312
198811795727724545
198811796147142656
198811796084232192
198811796226846721
198811796260397058
198811796465917953
198811796335898625
198811797036343296
198811797011181568
198811796998586368
198811795954208770
198811797149585410
198811797199921152
198811797149585409
198811796835024897
198811796730159105
198811797426405376
198811797434793985
198811796927299585
198811797585793025
198811797808099328
198811797845839872
198811797392855040
198811797971677186
198811797321555968
198811798667931648
198811798898618368
198811798168809472
198811798265278465
198811799393542145
198811798340763649
198811799393542144
198811799208988674
198811798617587713
198811800081416192
198811799825555456
198811798395301888
198811798705680384
198811798995079170
198811799250935808
198811799737475073
198811798554673153
198811800639254530
198811796822437888
198811800777670656
198811800630857729
198811800840572928
198811800953827329
198811800899305472
198811800089796612
198811800664408064
198811801096433665
198811800945434625
198811800299520000
198811800765087744
198811801012535298
198811799322247169
198811800517623808
198811801763319809
198811799129300995
198811801847218178
198811801708806144
198811800362422272
198811800945430529
198811801893347330
198811800765079552
198811801910120448
198811801159335936
198811802585403392
198811802480558081
198811802212114432
198811802795122689
198811802845446145
198811802627350528
198811803113893888
198811803013230592
198811801968844801
198811802610581505
198811803143258113
198811803382333441
198811803352969216
198811803340374019
198811803600424962
198811802463776768
198811803503964161
198811803260686338
198811803805958145
198811803822731264
198811803956944897
198811804229566464
198811804254748672
198811803801751553
198811804984541184
198811805093605377
198811804850335744
198811803956940800
198811804904861698
198811805349445632
198811804640616449
198811805458501632
198811805403983872
198811805148131328
198811805672419329
198811805802438657
198811806062493697
198811805605298177
198811806247038976
198811805567553539
198811806058299395
198811805659840512
198811805823401984
198811806448369665
198811805596925953
198811805802430466
198811806423203840
198811806779707392
198811806662279169
198811806217666560
198811806213488640
198811806867800068
198811806683242496
198811806913925120
198811806989434880
198811806498701314
198811806603542528
198811807060721664
198811807064932353
198811807467569152
198811807652134912
198811807928942594
198811807517913090
198811807450796032
198811806863601667
198811808264499203
198811807874416641
198811808616812544
198811807819898880
198811808344186881
198811808797163520
198811808176414720
198811808813953024
198811808830722050
198811809141100544
198811809115930625
198811808688123907
198811809250152449
198811808641990658
198811809409544192
198811809648611328
198811809384370176
198811810189672448
198811809661194242
198811810290343937
198811810378424321
198811810193879041
198811810542006272
198811810806235137
198811809824776195
198811810340667392
198811810420367360
198811811099844609
198811808100909056
198811811250835457
198811811372482560
198811811372482561
198811811305373697
198811811749957633
198811811745775616
198811811657687040
198811811624136706
198811812303613953
198811811993227264
198811812370710528
198811811724804096
198811812609802240
198811812660121600
198811812874027008
198811812286832641
198811813406715907
198811813419286528
198811813519953921
198811813519953920
198811813666766848
198811813125685249
198811813310234624
198811814165884928
198811814086180865
198811813469622274
198811814023278592
198811814115540992
198811814828584962
198811814853754881
198811815013138433
198811815218651137
198811815365447680
198811815147343872
198811815512256514
198811815227031552
198811816015564800
198811815399014401
198811816288206848
198811816267231233
198811816464363520
198811816560832512
198811815885545472
198811816548241411
198811816774737920
198811816959291392
198811817097691136
198811817143840769
198811817127051266
198811817726853122
198811817173196800
198811817139646464
198811817353555968
198811816397250562
198811818213376001
198811817852674048
198811817689100291
198811817886220288
198811818741862400
198811818737672192
198811818754453504
198811818804781056
198811817944940544
198811818775429120
198811818293075969
198811818758643713
198811818502782976
198811818976743425
198811818754449408
198811818108534785
198811818855120896
198811819819794432
198811819786244096
198811819727519744
198811820092424193
198811819899502592
198811819815612416
198811820801269760
198811820734156801
198811820566388736
198811820453146626
198811820998402048
198811821044547586
198811821141008384
198811820721577984
198811820310536192
198811821405245442
198811820717383680
198811820704808961
198811821661093888
198811821455572992
198811820214071297
198811821363310595
198811822416084993
198811822084734976
198811822877442049
198811822936178688
198811822772588544
198811823280095234
198811823351406592
198811823477235713
198811823674359809
198811823640813568
198811823317843968
198811823464656896
198811823070388224
198811824269955072
198811824383197185
198811824324493312
198811824479670273
198811824345452545
198811824764891136
198811824379006977
198811824190259203
198811824592912384
198811824890707968
198811824408367104
198811825024933889
198811825230462977
198811825352089601
198811825343696896
198811825662472193
198811825595351040
198811824639062016
198811825972850688
198811825939288066
198811825876385794
198811825981239296
198811825805074432
198811826073501696
198811825679237122
198811826249678848
198811826597793793
198811826727813121
198811826824286208
198811826857852928
198811826450993153
198811826341949441
198811826887196672
198811826908180480
198811826954305537
198811827109502976
198811827147247618
198811826706845697
198811826622967808
198811827499573248
198811827239522304
198811826719424515
198811827637993474
198811826857840640
198811827898036226
198811828288106496
198811828271321088
198811827721875457
198811827457638400
198811828493615105
198811827457630209
198811828611055617
198811828766253056
198811828799803392
198811828816580609
198811828502016000
198811828376182784
198811829101789184
198811829244403712
198811828757860352
198811828896268288
198811827784777729
198811829139542016
198811829793861632
198811829814837250
198811829521223680
198811830011969540
198811829479284736
198811828900466689
198811830141984768
198811829869363200
198811829697384448
198811829781270529
198811830397845504
198811830456565760
198811830586589184
198811830641102848
198811830712401924
198811830842425344
198811830540439554
198811830360088577
198811829600915456
198811830704021505
198811831622578177
198811831123451904
198811831643549696
198811831744208896
198811831400280066
198811831760986113
198811831983284224
198811831874228224
198811831874224128
198811831932944384
198811831534485505
198811832532729856
198811832658563072
198811832423690240
198811832784392192
198811832805359616
198811832776003584
198811832532729860
198811832994115585
198811833279324164
198811833191235584
198811833400954880
198811833631645696
198811833568727040
198811833094782976
198811833455493121
198811833614864387
198811832713097216
198811834076246019
198811834449539072
198811834063663105
198811834151735296
198811833761665024
198811834348879872
198811834055262208
198811834801864704
198811834998996992
198811834319507456
198811835317760000
198811835749773313
198811835913347074
198811835896578048
198811836047568896
198811835997241344
198811835733000192
198811836542500864
198811836341157890
198811836735422464
198811836748009475
198811836571860993
198811836823506945
198811836966125568
198811836970307585
198811837003870208
198811837020651522
198811836664131585
198811836907388928
198811837129691137
198811837427494912
198811837867884545
198811837884669952
198811837532344321
198811837997907968
198811837893058560
198811838207623171
198811837637206017
198811838186655744
198811837788192768
198811838559956992
198811838702563328
198811838765477889
198811839042301952
198811839201677312
198811838669004800
198811839243624448
198811839470125056
198811838849368065
198811838719336449
198811839486902273
198811838857748480
198811839788883968
198811839252021248
198811839692414976
198811839935676416
198811839247822848
198811839734358017
198811839906324480
198811840145403904
198811840845848577
198811840988446721
198811841332387841
198811841697284097
198811841965719552
198811841479192578
198811841470808064
198811842334830592
198811841969922048
198811841781170176
198811842116718592
198811842481627136
198811842498404352
198811842032836608
198811841865060353
198811842611650560
198811842653597697
198811842586480640
198811843454705666
198811842754265089
198811843551170560
198811843060445185
198811843630858241
198811843840585728
198811843941253120
198811843354034176
198811843563757568
198811843555364865
198811844499091457
198811842536161281
198811844687835137
198811844184510465
198811844582977536
198811845103058944
198811845182750723
198811845849661440
198811845841272833
198811845493133313
198811845245677569
198811846151634944
198811846134870016
198811846222954496
198811846415888385
198811846789181441
198811846529134592
198811847124713472
198811846415892481
198811846667542528
198811847758057472
198811847800004608
198811848110383104
198811847762247681
198811848626282496
198811848571752448
198811848991186944
198811848634667009
198811848919883777
198811848756305921
198811849209294849
198811849809080320
198811850111066114
198811850316578816
198811849905545217
198811850178170880
198811850371104770
198811850534682624
198811850572431360
198811850467581952
198811850857656320
198811850283024384
198811850798927872
198811850916372480
198811850639552513
198811850492743681
198811851558100994
198811851272884225
198811851763617792
198811851201581056
198811851495194625
198811851792990209
198811851692326914
198811852212404224
198811852560547841
198811852480843776
198811852422119424
198811851700707329
198811852493422592
198811851889442816
198811852451479552
198811852657000450
198811852216614912
198811852363411461
198811853269372929
198811853323907073
198811853634273282
198811853705592833
198811853894328320
198811854011760640
198811853625896960
198811853604921346
198811854083076098
198811854485721089
198811853693009920
198811854649298945
198811854657699844
198811854800302080
198811854913548288
198811855072935940
198811855110672384
198811854687043584
198811855152611328
198811855064539137
198811854796099584
198811855324581888
198811855496556544
198811852795416581
198811855622385665
198811855286837249
198811850144620544
198811855622373376
198811855337164800
198811855530106880
198811855324594176
198811856289267712
198811856255713280
198811856486400000
198811856515768320
198811856289271809
198811856587071489
198811856880664576
198811857081999360
198811854947094530
198811857044258818
198811857237180418
198811856180219904
198811857606291458
198811857702764547
198811857916657664
198811857354620928
198811858340290560
198811857866342400
198811858218655745
198811858784886785
198811858705203201
198811858310938626
198811858902323200
198811858579357696
198811859414040577
198811859598589953
198811859103657985
198811859300782080
198811859556634624
198811859590193152
198811859611156482
198811859795709953
198811859267227648
198811859095273474
198811859133005824
198811859405635586
198811859187531777
198811860038991874
198811859783135232
198811860303228928
198811860433256448
198811860483575810
198811860127059969
198811860592635904
198811860919783424
198811861007876097
198811861993537538
198811861335031808
198811861523759104
198811862027083776
198811862236807169
198811861683159042
198811862308093954
198811862282932225
198811862396190721
198811862241001474
198811861783822337
198811862551375872
198811862371008512
198811862836588546
198811863490904064
198811863738355713
198811864099061761
198811864107450368
198811864279429123
198811864380084224
198811864115843072
198811864447193088
198811864703053825
198811864786944000
198811865017622528
198811865223135232
198811865114091520
198811865617408000
198811865760014336
198811865810354177
198811865848086528
198811865927782401
198811866032640000
198811865911001088
198811865751633921
198811864552062976
198811866854719489
198811866821165056
198811866905067521
198811866896670720
198811866993147904
198811867261575168
198811867236417536
198811867257372673
198811867156725760
198811867462901762
198811867131551745
198811867681001472
198811867852980224
198811867534213120
198811868180127745
198811867408379906
198811868305960960
198811868251435011
198811868364673025
198811867928477697
198811868800884736
198811868230455297
198811868431785986
198811869211918336
198811868431785985
198811868696035328
198811869371318272
198811869971103746
198811870122098688
198811869354524676
198811870461820928
198811870466023424
198811870944169984
198811871141302272
198811871111942144
198811871195832320
198811871220998144
198811871489437697
198811871380389888
198811871044837378
198811871883689986
198811872001134593
198811872126971905
198811872173113344
198811872034701312
198811872227622912
198811872294731778
198811872424763393
198811871858536448
198811872919691265
198811872273776640
198811873104236545
198811872705777665
198811873565605888
198811872206663681
198811872995188736
198811873947295744
198811873951481858
198811873427202049
198811874438033408
198811873917939713
198811874010202112
198811874714849280
198811874777776129
198811875016835072
198811875511775233
198811875713089536
198811875352379393
198811875184623616
198811875880869888
198811875725676544
198811876350631936
198811876648423424
198811876610674688
198811876841365506
198811876417736704
198811876996554755
198811876967198722
198811877667651585
198811877646667776
198811876283523072
198811878384861184
198811877873168385
198811878263226368
198811878720417793
198811878049316864
198811879102095362
198811879269859329
198811878795919361
198811879643152385
198811879748018177
198811879802535936
198811879232126977
198811879647363072
198811879890632704
198811879974510592
198811880029044736
198811880318435328
198811880712712192
198811880821751809
198811879500546049
198811881417351168
198811881505435648
198811881341849600
198811881438326788
198811881891307520
198811881979379713
198811882226860032
198811881719332864
198811882365263872
198811882243633153
198811882121986049
198811882491084800
198811882348494849
198811883002789889
198811883111858176
198811882675650560
198811883443195906
198811882902126592
198811883745181696
198811883510304768
198811883040555008
198811883858440194
198811883887800322
198811884177203200
198811884324012032
198811884470812672
198811884877656064
198811884567269377
198811884290441217
198811885095747586
198811885779423233
198811885729099776
198811885812977666
198811886014312448
198811886064644098
198811886257577985
198811886257582081
198811886224015361
198811886576345088
198811886756708353
198811886970609664
198811886781865984
198811886576340993
198811886828011520
198811887264215040
198811886735736832
198811887322935296
198811887176122369
198811884273664000
198811887499096065
198811887759138818
198811887289384960
198811888061136896
198811887973040130
198811887234859009
198811888128237568
198811888312782849
198811888795136000
198811888803512320
198811888988065792
198811889151643649
198811889147457537
198811889332006912
198811888979689472
198811889600442369
198811889055174656
198811889743044608
198811889747230721
198811889998905345
198811890678378496
198811889994698753
198811890254745601
198811890955198464
198811890984566784
198811890510606337
198811891093618688
198811891122966528
198811891286544390
198811891395592192
198811891399802881
198811891496259584
198811890913251328
198811891718565888
198811891756306432
198811892108636160
198811891856982017
198811892402237441
198811892549029890
198811892842631168
198811892930715649
198811892343508993
198811893413056513
198811893782167554
198811893199151105
198811893811519488
198811894088335362
198811894159654914
198811894155456516
198811894352588801
198811894348394496
198811893970907140
198811893954134016
198811894604234752
198811894600044546
198811894306447361
198811895317278723
198811895266947072
198811895359225856
198811895497633792
198811894851710978
198811895606677504
198811895086587904
198811895703150592
198811896013537281
198811896206462976
198811896147742721
198811896604917765
198811896516841473
198811896567177217
198811896546197504
198811896730746882
198811896734945280
198811896848195584
198811896441339905
198811897032744961
198811896730746880
198811897540251648
198811897515094016
198811897670275072
198811897720614913
198811897796112384
198811897955487745
198811897359896578
198811898429444097
198811898563670016
198811898643349505
198811898521718785
198811898362331136
198811899238948865
198811898941161474
198811899394129921
198811899796795392
198811899830349824
198811899448664065
198811898358140929
198811900820197376
198811900962803712
198811901285769217
198811901180915716
198811901805858816
198811901562589184
198811901969432577
198811901919105026
198811902061723648
198811901721985024
198811902334349312
198811902590197762
198811902267236352
198811902787330049
198811902799921152
198811902497923072
198811902892179456
198811903051567105
198811902850240515
198811902644727808
198811902799912960
198811903252897794
198811903521325056
198811904108535809
198811903802355714
198811903844294658
198811904087568384
198811904364384257
198811903764598784
198811904288899073
198811904481820672
198811904645410818
198811904074989571
198811904788008960
198811904209190912
198811904901251072
198811904972566530
198811905169698816
198811905287131136
198811905316503553
198811905421344771
198811905035476993
198811906037919746
198811906163752960
198811906134384640
198811906637701120
198811906432184322
198811907011002368
198811907023585281
198811907061334018
198811907132633088
198811907031961600
198811906495086593
198811907443003393
198811907161985025
198811907359117313
198811907342348288
198811907417837571
198811908244123650
198811908298653699
198811908864868353
198811909024251904
198811908302848002
198811909116534784
198811908747440129
198811908705497088
198811909141700608
198811909330440192
198811909259149314
198811909003296768
198811909632425984
198811909875707904
198811910399983616
198811910471303169
198811910655848448
198811910785875968
198811909661790208
198811910928465922
198811910899105794
198811910731333632
198811910995591168
198811910701977600
198811911217872897
198811911226273792
198811911222079489
198811911498891264
198811911549235200
198811911490506752
198811911243046912
198811910819418112
198811911700226049
198811911977041922
198811912421654528
198811912392286208
198811912400678912
198811912878825473
198811911993819137
198811913038200832
198811913134682113
198811912635555841
198811912484569089
198811913428275200
198811913466036225
198811913772204032
198811913675747328
198811913935781891
198811913960964097
198811913910624256
198811913638002688
198811913893851137
198811913742856193
198811914543960066
198811914351026176
198811914795626496
198811914896289792
198811914959192064
198811914262937601
198811915001135104
198811915156332545
198811914770460673
198811915319914498
198811914732716032
198811915139559424
198811915437355009
198811915064053760
198811915399606272
198811915915505666
198811916062306304
198811916024557569
198811916074876928
198811915445743618
198811916632731648
198811916645318656
198811916427214848
198811916821475331
198811916636930052
198811916582391808
198811917068926977
198811917224116224
198811917471592450
198811917547077632
198811917471588352
198811917098303488
198811917110882304
198811918255915010
198811917807140864
198811918276890624
198811917844881408
198811919065423874
198811919048650753
198811919208026113
198811918608248835
198811919543574528
198811919518400512
198811919992360960
198811920185307139
198811920281763840
198811919904276480
198811919874924545
198811919971397632
198811920743149569
198811920491487232
198811921074499585
198811920940285952
198811921397456896
198811921066115073
198811920499879936
198811921527476224
198811921447780354
198811921821089792
198811921984667648
198811921326153729
198811922219548675
198811921783336960
198811922412474370
198811922576056322
198811922336989184
198811922748014593
198811922601218048
198811922538299392
198811922949341184
198811923129708544
198811923779813376
198811922978717699
198811923976962048
198811923347808257
198811923880484865
198811924136341505
198811923469443075
198811923997921280
198811924459290626
198811924417363969
198811924056653824
198811925633712128
198811925717594112
198811925679833088
198811925986021376
198811925226864642
198811925952466948
198811926137012224
198811926137028609
198811926078308352
198811926267052032
198811926401253376
198811925897940992
198811926325755905
198811926002798592
198811926560636931
198811926891991041
198811925059092481
198811926984269824
198811926652919808
198811927407894528
198811927596630017
198811927575666688
198811927663755264
198811927558885376
198811927567273984
198811927827329024
198811927290449920
198811927726653440
198811928204808193
198811927097511937
198811928477446147
198811927965736960
198811929093996544
198811929182081026
198811928846548992
198811929391808512
198811930071273472
198811930104836097
198811930201296896
198811930461356034
198811930666860546
198811930620735488
198811930754953217
198811930150977536
198811930671067136
198811930784317443
198811930914340865
198811931027582977
198811931056930816
198811930759151616
198811931312791552
198811931048542210
198811931543482368
198811931371515904
198811931476373506
198811931740610560
198811931975495680
198811931992272896
198811932122292226
198811931635748864
198811931765780480
198811932512358400
198811933221208066
198811932881457152
198811933510598656
198811933355409408
198811933099565057
198811933665796096
198811933208621056
198811933808402432
198811933682577408
198811933716119552
198811933623844864
198811934613704704
198811934559191041
198811935041519617
198811935502905344
198811935318360066
198811935792316416
198811936496955392
198811936043958272
198811936933163009
198811937025433600
198811936199147522
198811937570701313
198811937562308608
198811937516167168
198811937461649408
198811937990131713
198811937990127617
198811938363412480
198811938514415617
198811938283728896
198811938921267202
198811938694774784
198811939428761603
198811938526998528
198811938648625152
198811939395207169
198811938145316867
198811939147747332
198811939722379265
198811939831431168
198811939990814720
198811940024352769
198811937000271872
198811940137598978
198811939516846080
198811939726557185
198811941324595201
198811941106495489
198811940812886016
198811941312008193
198811941265883136
198811941907607552
198811942159265793
198811941307809792
198811941857267712
198811941974708227
198811942641602561
198811942557720577
198811942675169280
198811942830354433
198811943165886465
198811943115567105
198811941987299328
198811943555956739
198811942943596545
198811942641606658
198811943195262976
198811943925063680
198811943451111424
198811943946043392
198811943929262080
198811944029929472
198811943455301634
198811944407400449
198811944017346560
198811944487100419
198811944252219393
198811943887306753
198811945011396609
198811945179164672
198811944784891904
198811945401466880
198811945611169792
198811944944279556
198811945032359936
198811945795719168
198811946097704962
198811946227740672
198811946244509697
198811945749585920
198811946034806785
198811946517151744
198811946961735680
198811947041427456
198811946928189440
198811946844303363
198811947376979968
198811947435700225
198811947511193600
198811947720912896
198811947980963840
198811947133702144
198811947989344256
198811947666391040
198811947704139776
198811948337479681
198811948182274049
198811948446531584
198811948673011713
198811948647845888
198811949050494977
198811948396195841
198811949197299714
198811949411209217
198811948719153152
198811948840783873
198811949667069952
198811949847429120
198811949184712704
198811949964853248
198811949323137026
198811950229094400
198811950585610241
198811950740807680
198811951420293120
198811951323824129
198811950791147520
198811951042805760
198811950610784256
198811951801970688
198811951084740608
198811951734857728
198811952540155905
198811952074588160
198811952041037826
198811951810363393
198811952217198594
198811952775041025
198811952808607748
198811953320304640
198811953500667904
198811953278369792
198811953727143937
198811953827815424
198811953165111296
198811953894920193
198811954377273344
198811951638388737
198811954847023105
198811954649903104
198811954750558209
198811954985439232
198811955069333504
198811954524069888
198811955107069953
198811955258077184
198811955862061057
198811955446820864
198811955572641792
198811956365373440
198811956415696896
198811956004651008
198811955891404801
198811956650586113
198811956868685827
198811956667359233
198811957044850688
198811957233598465
198811957288112128
198811957002903553
198811957669806080
198811958441545728
198811958441553922
198811958756114432
198811958991003648
198811958915497985
198811959108440064
198811958529622017
198811959305580544
198811959452385280
198811959309762562
198811956134674435
198811959678861313
198811959221698560
198811960085716992
198811960320602113
198811959771136001
198811960429654017
198811960375132161
198811960693882880
198811960198955008
198811960282853377
198811960085712896
198811960081526785
198811960358350848
198811957749485568
198811960811335680
198811961218170880
198811961167851520
198811960605802497
198811961260130304
198811961830539264
198811961767628800
198811961973161984
198811962199638016
198811961922813954
198811962652631040
198811962958823425
198811962900086784
198811962916864000
198811963403415553
198811963512467456
198811962572939264
198811963755728898
198811963944484864
198811964229697536
198811964170964995
198811963759919104
198811964129021953
198811962119962625
198811964674293761
198811964615569409
198811964267446273
198811964879810562
198811964422631424
198811964980477953
198811965064364032
198811964292595715
198811965257297920
198811964779147264
198811965399891968
198811965748027392
198811964909162496
198811965852876800
198811965869662208
198811965995495426
198811966003888128
198811965546708992
198811966054219777
198811966742081539
198811966914048000
198811967224430593
198811968000372736
198811968411406337
198811968423989249
198811968444964866
198811968071680000
198811968159756290
198811968390434816
198811968512073729
198811968918917121
198811968285589504
198811969032159233
198811969107668993
198811968625315841
198811969023774720
198811969241882625
198811969279623168
198811969443209217
198811967757099010
198811969703247872
198811969770364929
198811965819334656
198811969149616129
198811969908785153
198811969426436097
198811969996865537
198811970068160512
198811970072346624
198811969531289600
198811969602600960
198811970470805504
198811970919608320
198811970877669377
198811971028656129
198811970852487169
198811970584051712
198811971175460864
198811971536158720
198811970982518784
198811971800403968
198811971913662464
198811971800416256
198811972488273924
198811972756717568
198811972546994176
198811972630872064
198811973239058432
198811973008359424
198811973318750208
198811973461344256
198811973155176448
198811973780111360
198811973926912003
198811973662687232
198811973826265089
198811972970610688
198811974140833792
198811973109035009
198811973876580353
198811974363119616
198811974618980352
198811974266667011
198811974832898048
198811974979690496
198811974698663936
198811974665125891
198811975818547200
198811975021633538
198811975944384513
198811975940182016
198811975667548160
198811975902437377
198811975692722177
198811974824505344
198811976376385536
198811977261391872
198811977399808001
198811977399812096
198811976384786432
198811976795820032
198811978020564992
198811978209308672
198811977739534336
198811977852780544
198811977752133632
198811978553241601
198811978423222272
198811978381275137
198811978758750209
198811978272215044
198811979006226432
198811978746171392
198811979396296705
198811978804887553
198811979350163456
198811979362729984
198811979715055616
198811978666491906
198811979866054659
198811979530518529
198811980415504385
198811980579094528
198811980780404736
198811980788801536
198811980390334465
198811980956581888
198811981543780354
198811981132742657
198811981778665472
198811981556359169
198811981812219906
198811981665406977
198811982323924993
198811982336491520
198811982911119360
198811981866737664
198811982902734849
198811982810460160
198811982999199745
198811983112441856
198811982537822210
198811983418621952
198811982932082688
198811983393464320
198811983053725698
198811983506702337
198811983921954817
198811983989051393
198811983729004544
198811984353951745
198811983783534592
198811984161017857
198811984672718848
198811983896780800
198811984798556163
198811984223940609
198811984601432065
198811985100541953
198811985071190016
198811984941154305
198811983657701376
198811985327030272
198811985234759680
198811985620635650
198811985582891008
198811985847132160
198811984903417857
198811986010705920
198811986342060032
198811986404982785
198811986056847361
198811986807623681
198811987097030656
198811986476281857
198811987126398976
198811987193499651
198811986660823042
198811987105423361
198811987474518016
198811988158201857
198811988325965824
198811988401455106
198811989328396288
198811989714280448
198811990133714945
198811990205009920
198811990297292801
198811990972567552
198811991048065025
198811991094206465
198811991282958337
198811991371038721
198811991446528000
198811991396204544
198811992289579010
198811991941459968
198811991316504577
198811992205688832
198811992650297344
198811992293773312
198811991647862786
198811992704823296
198811993166184450
198811992415416320
198811993019387904
198811993027776512
198811993749196800
198811993858260994
198811993015201795
198811994130882560
198811994328023040
198811994189611008
198811994772611072
198811994655170563
198811994877468675
198811994948763649
198811995108159488
198811994873270272
198811995254951937
198811995384971265
198811995506618368
198811995473055744
198811994969751554
198811995187838978
198811995200430080
198811995192049664
198811995762475010
198811996085432321
198811996005728258
198811996144156675
198811994227359744
198811995955400705
198811994340605952
198811996462915584
198811996781682688
198811996639068160
198811996664242176
198811996295143424
198811996743942146
198811997566021632
198811998048370692
198811998190972928
198811998044168192
198811998010605568
198811998589435905
198811998996267009
198811998325186560
198811998451019777
198811998773981185
198811999021445120
198811999319228416
198811998790750208
198811999487012864
198811999709298688
198811999910641664
198811999889661952
198812000317472771
198812000158105600
198812000258752512
198811999902248961
198812000489455616
198812001001160704
198812000065818624
198812000321671168
198812001596743682
198812001693212672
198812001894547456
198812001965838336
198812002569830400
198812002402058241
198812002792116225
198812002867613696
198812003190583298
198812003119267842
198812002745974786
198812003110891521
198812003148627969
198812004058791936
198812004104929280
198812003941367808
198812004574699522
198812004444676096
198812004427902976
198812005463900160
198812005870731266
198812006378250244
198812006743158784
198812006344704001
198812007015780352
198812007447801856
198812007229689856
198812006730571777
198812007401652227
198812007833677824
198812008144060416
198812007737204737
198812007892398082
198812008857075712
198812008622211073
198812009360400384
198812009083572224
198812007875608576
198812008932585472
198812009255542784
198812009586884608
198812009519775745
198812008513159168
198812010388013059
198812009863712769
198812010199257090
198812011017146368
198812011218472961
198812010375417857
198812011432390657
198812011633721344
198812011306557441
198812011319140352
198812011495301121
198812012275433474
198812011591766017
198812012606783488
198812012078317569
198812012854251522
198812012590014464
198812012556464128
198812012367716353
198812013042999298
198812013550518273
198812013244334080
198812013751832576
198812013609226240
198812013814759425
198812013776994305
198812014620065792
198812013902827522
198812015039488000
198812015442149377
198812015081422848
198812015005929473
198812014016073729
198812015408594945
198812015089819648
198812015949643776
198812014200635392
198812014645231617
198812015588945920
198812015853191168
198812016213889024
198812012770369537
198812016427806720
198812016813674496
198812017409277952
198812016348110848
198812017900003329
198812017920978945
198812017954537473
198812017757405184
198812016918532098
198812018600443904
198812018801774593
198812018604642304
198812018801770496
198812019363819521
198812019514814468
198812018860503040
198812019820990464
198812019619672065
198812020299145216
198812019686776832
198812019938443265
198812020391428099
198812020366254080
198812020169117696
198812019963600897
198812020328505346
198812020831821824
198812020928299009
198812021058318336
198812021494513664
198812021192523776
198812018889850882
198812021754576897
198812021809090561
198812021964288000
198812021561626626
198812022098509826
198812022585040896
198812022782177281
198812022568259584
198812022639566848
198812022983507970
198812022509535233
198812019779047425
198812022845095936
198812023126110209
198812023239348224
198812023117709313
198812023407132672
198812023897862144
198812023642001410
198812023461654529
198812024258576386
198812024594112513
198812024585719811
198812024090796032
198812024975794176
198812024472485888
198812025420382208
198812025802076161
198812025407803392
198812025877577729
198812026229891074
198812024480870401
198812026934525952
198812026825486338
198812027005837314
198812027567878144
198812027869868033
198812028406738945
198812028335435777
198812028205416449
198812028436099072
198812028486422528
198812028960391170
198812029216227329
198812029363036160
198812029019111426
198812029375610880
198812029417562113
198812029954437120
198812029925076994
198812029925081088
198812030038310912
198812030361276418
198812030348701696
198812030696816641
198812029669212161
198812030772318209
198812030810071040
198812030696824832
198812030805876736
198812030990422018
198812031070109696
198812030789103616
198812031342755840
198812031904776192
198812031917363200
198812031753793536
198812032693305344
198812033037238272
198812032844300288
198812033184047104
198812032613625860
198812032299057152
198812034664644608
198812034387804161
198812034941468673
198812034832412672
198812034966622208
198812035201503234
198812035407024128
198812035524464640
198812035528667136
198812035637723136
198812035360894976
198812035818065921
198812036203937792
198812035671273473
198812037323829248
198812037583863809
198812037277683713
198812038066208769
198812037873270784
198812036610801664
198812037156061185
198812038221402112
198812038343032832
198812038275936260
198812038510821376
198812038619860992
198812038582108160
198812038338842624
198812035490922496
198812038951211009
198812038657605632
198812039525826560
198812039211261952
198812039781683202
198812039341281280
198812039949463553
198812040012382208
198812039861379072
198812039639076865
198812040624738304
198812040662491136
198812040540864513
198812041027387392
198812040951898113
198812040993845249
198812040452780032
198812041207742468
198812040943501312
198812041551675394
198812041543299073
198812041442623488
198812041627172866
198812041086119937
198812041815920641
198812041748819968
198812042075967488
198812042138894336
198812042013052928
198812042545733632
198812042742857728
198812042994528256
198812043703353345
198812042801577984
198812042440880128
198812043841781762
198812043321679872
198812043757887488
198812044101816322
198812044055683072
198812044147949568
198812044391227393
198812044559007744
198812044886151168
198812044940677121
198812044550606849
198812041627176961
198812045016174594
