198824628288888832
198824628276301824
198824628599259136
198824629631074306
198824630037913600
198824631082299393
198824631191347200
198824631463972864
198824630738358272
198824631195541504
198824631824695296
198824632185401344
198824631925346304
198824632600637440
198824632768401408
198824634198671360
198824634731343872
198824635410821121
198824634873946115
198824634211250177
198824635486318592
198824635834441728
198824635389841408
198824636291620864
198824633355612160
198824636627156992
198824635939291137
198824636132233216
198824637336010753
198824635893153793
198824636761378816
198824638975971330
198824638535569408
198824640171347968
198824640850833408
198824640913735680
198824640724992000
198824640964079616
198824640850837504
198824641484165120
198824641614184448
198824641932963841
198824642432073728
198824642696327169
198824643312893952
198824642771824641
198824644491476993
198824644160131072
198824645040939008
198824644432773120
198824645737197568
198824646097907712
198824645737189376
198824646487965696
198824646173396992
198824646324387840
198824647033233408
198824647276494848
198824647586885632
198824648966811648
198824649679843328
198824649944084480
198824649285582849
198824650598383616
198824651495981056
198824652234178560
198824651940573184
198824653316292608
198824654650085376
198824654733979649
198824655568637952
198824657007292416
198824657036644353
198824657657405441
198824657770647553
198824658575953921
198824658496270337
198824658986991618
198824659112837120
198824658634682368
198824659767136256
198824661214183424
198824658940858369
198824661558108161
198824661193199617
198824662279528448
198824662417948672
198824663990804480
198824663944675328
198824664745771008
198824664997429248
198824665077129216
198824665236508673
198824667052646401
198824667107168256
198824667224616960
198824667593707521
198824666792607744
198824668164136961
198824668663259138
198824668797472771
198824669149790208
198824669497929728
198824669762158592
198824670181588992
198824670391304192
198824670835916800
198824671708315648
198824672287141889
198824672287145985
198824673193107458
198824673172135937
198824673318928384
198824673377660928
198824673570586624
198824674178768897
198824674740805632
198824674875015169
198824675789385728
198824676456284161
198824676779229186
198824677232230400
198824676900864000
198824677626478593
198824678943506432
198824679446822912
198824679224516609
198824679807524864
198824681648820225
198824681770463234
198824682307325953
198824682420572160
198824681770467328
198824682659659778
198824682198278144
198824682345086978
198824683020357632
198824683586600961
198824684886831104
198824685088145408
198824685658578945
198824685100732416
198824686543577088
198824685981540352
198824688342933504
198824688376492032
198824688770752514
198824690855317505
198824690603655168
198824691253776385
198824691572555779
198824690070978560
198824691736129537
198824691543191552
198824690763051008
198824692541440001
198824693128638464
198824693896187906
198824694537916417
198824694848290816
198824695259332608
198824695490019328
198824694349185024
198824695745875969
198824694772801537
198824695984955392
198824696232427520
198824696333090816
198824698799337472
198824698803535873
198824698635759616
198824698832879618
198824699332009984
198824699973730304
198824700451897344
198824700149895169
198824700225388545
198824700883910658
198824701076844545
198824702351917057
198824703492767744
198824703199150080
198824703626973187
198824704398725121
198824705287929857
198824704650383361
198824704662974464
198824705032077312
198824705552158720
198824706734964736
198824706290360320
198824706726567937
198824706399404033
198824706453934081
198824707242475521
198824706927898627
198824706856583168
198824708806950912
198824708848893952
198824709087952896
198824709150875648
198824709599657985
198824708404289536
198824710132350977
198824711008944131
198824710862159872
198824711885557760
198824711449350144
198824711721988096
198824711537438721
198824713085124608
198824712749584384
198824713789767680
198824714158870529
198824714808987648
198824715308109825
198824716109234176
198824716025331712
198824717304606720
198824718009249794
198824719984771073
198824719942811648
198824719934423040
198824720542597120
198824720353865728
198824720190283776
198824720928489472
198824721482125312
198824721851232256
198824722434228224
198824721771540480
198824722501337089
198824722727833600
198824723134685184
198824723214372864
198824724095188993
198824724145516545
198824724778852352
198824725353463808
198824725571579906
198824725559001089
198824725730959361
198824728360787969
198824727802953728
198824723164049410
198824730223063040
198824730751545346
198824730764128258
198824731410038785
198824732118884352
198824734035685376
198824733503012866
198824734069243904
198824734690000896
198824736053133313
198824736095080449
198824737164636160
198824737315622913
198824737986707457
198824738276114432
198824738750083073
198824738674577409
198824738968186880
198824739609915392
198824739924484096
198824739458912256
198824739790258176
198824740314562562
198824741241495553
198824741627371521
198824741933559808
198824742478815233
198824742537535488
198824742520766466
198824743061823489
198824742453645313
198824743862927362
198824744747925504
198824744831823872
198824746165604352
198824745989455873
198824746861862912
198824748539588608
198824748711546880
198824749235838977
198824749709787136
198824749806272513
198824749458141184
198824749214859265
198824749978234880
198824750578024448
198824750653505536
198824750913568768
198824751794364417
198824753291735041
198824753245601792
198824752817770497
198824751307821056
198824754633904128
198824754847825922
198824754839429123
198824755741200385
198824755825090563
198824757007876096
198824756231946240
198824757343428609
198824757708324865
198824758756913152
198824758765293568
198824759012765696
198824759633526784
198824760342355968
198824761458040834
198824761785196545
198824761340608513
198824761944576001
198824762938626048
198824763219652609
198824763400003585
198824764503113728
198824764943515648
198824763307724801
198824764826075136
198824765019009024
198824765853671427
198824766243749889
198824766700912642
198824767636258817
198824767917260802
198824767921455106
198824768441556993
198824769372688384
198824769251061762
198824769200721922
198824770358353923
198824770551287808
198824770467405824
198824771142692865
198824771062996992
198824771742474241
198824770765197313
198824769339138048
198824773000757248
198824773336313859
198824773101420544
198824773004959745
198824773550215169
198824773474729984
198824773642498049
198824773705404416
198824775576068097
198824776230375425
198824776972767232
198824777106997248
198824776742084608
198824777769684993
198824778117816320
198824779262857217
198824779728429058
198824779116052480
198824780374347776
198824780760223744
198824780424683520
198824781154484224
198824782077243392
198824782190485505
198824782450524161
198824782010126336
198824783088066563
198824782861582337
198824783381671936
198824783327133699
198824783461359616
198824784115666945
198824785227169792
198824785394937856
198824786175078400
198824786330263552
198824786904887297
198824786833588224
198824788121231360
198824788532277248
198824788981055490
198824788351909892
198824789291442176
198824789635379202
198824789933174785
198824790075777027
198824790298071041
198824790432292864
198824789928984576
198824790918832133
198824791090790403
198824791355039744
198824791627661313
198824792042905601
198824791644442625
198824792361676800
198824791766077440
198824792894341120
198824793041145856
198824793292800000
198824793557049345
198824793347325952
198824793783545856
198824793338945536
198824793850658817
198824793523503104
198824794370744320
198824795318661120
198824796094607360
198824796568551424
198824796308520961
198824797910745089
198824798703460352
198824799823335425
198824800301481984
198824800578310144
198824801442340864
198824802126012417
198824801954041856
198824801681408000
198824803145232386
198824803401089024
198824803396886529
198824803367530496
198824801958240256
198824804231561217
198824803921174530
198824804445458433
198824805347241984
198824805384986628
198824800850939904
198824804915232768
198824805749895168
198824805494046720
198824806429368321
198824806819434497
198824806962053121
198824806991400960
198824807398252545
198824804395130880
198824808467808256
198824808274866176
198824808199368704
198824809336025089
198824809621241856
198824809847730176
198824810145513472
198824810275553280
198824810405576704
198824810363625472
198824810925670400
198824810627866625
198824811902935041
198824811890352128
198824811521261569
198824812326555649
198824812762775552
198824812108455936
198824812519501824
198824812674686976
198824812662104065
198824812582416384
198824813698088960
198824814000095232
198824813282856960
198824815514238977
198824815598112768
198824815753314304
198824816566992896
198824816701222912
198824817007403008
198824817644941312
198824820044079104
198824820291534849
198824821067497473
198824820689993730
198824821080076290
198824821847638017
198824821558222848
198824821902163968
198824821151379456
198824821528862720
198824822816509953
198824823059791872
198824823588274176
198824823634407424
198824823990915072
198824824464867329
198824824708153344
198824824624250881
198824824888508416
198824824934641665
198824825693802499
198824826763350017
198824826532675584
198824826180345857
198824827728035841
198824827749023744
198824828575293441
198824830257213441
198824831670689792
198824831456780288
198824831263838209
198824832115290112
198824830919905280
198824832962527232
198824833319043073
198824833583300608
198824833319043074
198824832639569921
198824834539593728
198824834090803200
198824834858352640
198824831981060097
198824835999203329
198824834959015937
198824836540284929
198824836938743808
198824837119090688
198824837626609664
198824838025060352
198824839291740160
198824839535009792
198824840243843072
198824840361279488
198824840386461697
198824841552474112
198824841858658305
198824841636360192
198824843083395072
198824842882064385
198824843687378944
198824844261994497
198824843817394176
198824843817385984
198824845813878784
198824845818081280
198824845490913281
198824847172845569
198824847491596288
198824847470641152
198824847734882304
198824848275939330
198824849412591617
198824849832017920
198824850100453376
198824850675085313
198824851379716096
198824852537356289
198824852369584128
198824853657223169
198824854043103232
198824853950832641
198824855477555200
198824855859240960
198824856102506496
198824856689713152
198824857239171072
198824857666985984
198824858698784768
198824858971422722
198824859353096193
198824859613134849
198824860523302912
198824861341188097
198824861639000065
198824861781606401
198824863270576128
198824863690014720
198824863526428673
198824863857782784
198824863719370753
198824864495321088
198824864059113473
198824864780525568
198824865321598976
198824865627779072
198824865963319296
198824866105925632
198824866953175041
198824867037069313
198824867754278912
198824867188064258
198824868081442816
198824867729113090
198824868320509954
198824868567973888
198824868643475456
198824869272625153
198824868840611840
198824870715465728
198824871092957184
198824870941949956
198824871709511680
198824871998930944
198824872359624707
198824872854564866
198824872812621824
198824874058326016
198824874465181697
198824874515505152
198824875882856448
198824876067401728
198824876121919489
198824876944007170
198824877971607552
198824878902755329
198824878378450944
198824879166996480
198824878940504065
198824878714007553
198824879192162304
