198805250528907265
198805251082559491
198805251011264513
198805251501981699
198805251124498432
198805252080795650
198805252374396928
198805252445700097
198805252743512065
198805252772864001
198805252693164032
198805252131135491
198805253326503937
198805253389426688
198805252722528256
198805253628502017
198805253871763457
198805254064705536
198805254232489984
198805254261846016
198805254475751424
198805254760968192
198805254387671043
198805253209079809
198805255985709058
198805255763394562
198805256073785344
198805255331381249
198805255553687553
198805255977320448
198805256644214784
198805256048619520
198805256765849601
198805258183512064
198805257734721536
198805258980438016
198805258619727874
198805259135619073
198805258682630144
198805259232100352
198805259039145984
198805260188393473
198805260465217537
198805259966087168
198805261002080256
198805261929021440
198805262088417281
198805262033895424
198805262528819202
198805262323294209
198805259907383296
198805263170539520
198805262348455936
198805262734327809
198805263304761344
198805263267004418
198805263728394240
198805263464144896
198805264235888640
198805264181366784
198805264625958913
198805265238343680
198805265359966209
198805264693071872
198805266261749762
198805265372545024
198805266567938048
198805266916057088
198805267184496640
198805267213848576
198805267306127360
198805267671023617
198805267419365377
198805267859775490
198805268316962819
198805268337917953
198805268656689152
198805268740583425
198805268832849921
198805269130649600
198805269092904960
198805269365530624
198805269998874624
198805270032429056
198805269961129985
198805270200201216
198805270216970242
198805269642358787
198805271085203457
198805271114559488
198805271273934848
198805271705960449
198805271932452868
198805272066670592
198805272486100993
198805272494485504
198805272402198528
198805272360259584
198805272381231104
198805270862901249
198805273220096002
198805273471746050
198805273383669761
198805273106849793
198805273685655552
198805273576607745
198805274117668865
198805274096713728
198805273886998529
198805274407088129
198805275162066945
198805275057209346
198805274973310977
198805275392737281
198805275841540096
198805276068020226
198805276864942082
198805277561196544
198805277577973761
198805277347287040
198805278446206977
198805278089674752
198805278538481664
198805277431185409
198805278702047234
198805278752382978
198805279012438016
198805278928543745
198805279062769664
198805279255703552
198805279830315008
198805279817740290
198805279599640581
198805279247310850
198805280115523584
198805280400748544
198805280602071041
198805280153284608
198805281000538112
198805280987955201
198805280698544128
198805281164099587
198805281524813826
198805281667428354
198805282116206592
198805282627923969
198805282900549634
198805282753753088
198805283097673728
198805279679320065
198805282720198657
198805283097677824
198805282636316672
198805283605184512
198805281839394817
198805283772960768
198805283810717697
198805283978481664
198805284452442112
198805283886206977
198805284662165504
198805284699897856
198805284536320000
198805285916250112
198805284515356672
198805285987561474
198805285350031362
198805286121775104
198805286088216576
198805286360854528
198805286738333696
198805286721564672
198805286646071296
198805287241650176
198805287816273922
198805287547838464
198805288185368576
198805288176984065
198805288323780608
198805288701272065
198805288663527424
198805288453808128
198805289196199937
198805289355583488
198805289485602817
198805289770819584
198805289854705665
198805290324459520
198805290542571521
198805289552707584
198805290261553152
198805290521600000
198805290970390532
198805290852958208
198805290278338560
198805291255595008
198805291796672513
198805291884740608
198805292102848512
198805292274827264
198805292098658305
198805292736200704
198805293117882368
198805293495361537
198805293596016640
198805293294034944
198805293755412480
198805294120308737
198805291247214594
198805294833352706
198805294904647681
198805295227609088
198805294673956867
198805294728491008
198805294988533761
198805295592513537
198805295814819840
198805295231811585
198805295269552129
198805295844163585
198805295693172737
198805295974199296
198805296473321473
198805296490098688
198805296611729408
198805296741756928
198805297345732609
198805297211510784
198805297526095873
198805297723215872
198805297811304450
198805297949716481
198805297870012417
198805298226540545
198805298104897536
198805298314620932
198805298805346304
198805298973126658
198805299103154176
198805299421917184
198805299694538752
198805299849728000
198805300801839105
198805301334523905
198805301498089472
198805301514878976
198805301691035652
198805302055940096
198805301342900224
198805302429220865
198805303482007555
198805303695908864
198805303599435776
198805303951753216
198805303955959809
198805304278921216
198805303582666756
198805304387969024
198805304484442112
198805304056619008
198805303997894656
198805304740286465
198805304710930432
198805304547344386
198805304706727938
198805306527068162
198805307160408065
198805307370115073
198805307613388800
198805307743416320
198805307013603330
198805308078956544
198805308406112257
198805308133478400
198805308225753088
198805308116709376
198805308691324928
198805309249163265
198805309240786944
198805308922019841
198805309584719874
198805309760868353
198805309853151233
198805309714731008
198805310092230656
198805309106561024
198805309953810432
198805310763307008
198805310989807616
198805311241453568
198805311174344704
198805311539265537
198805311618949121
198805311170150401
198805311858028544
198805312441024512
198805312625586176
198805312839483392
198805311975464960
198805312969515009
198805312776577026
198805313716101123
198805313959378945
198805314412351489
198805314643050496
198805314810822657
198805314752090114
198805314856943618
198805314525601793
198805314366226434
198805315016331265
198805315406397440
198805315402207235
198805315519651840
198805315398021121
198805315767119872
198805315955851265
198805316077490176
198805316010389504
198805315460927488
198805316975083521
198805316824088576
198805317147033600
198805318090764288
198805318770233345
198805318912847872
198805319038681088
198805318292090880
198805319118368769
198805318841548801
198805318854127616
198805319508426754
198805319579729920
198805319156113408
198805319718158336
198805319814619137
198805320225660928
198805320338907136
198805321584615425
198805321072914432
198805321643339777
198805321932750850
198805321983078401
198805321949511681
198805322473811969
198805322587054080
198805322775805953
198805322230542336
198805322553507842
198805323157479424
198805323480432640
198805323664990208
198805323719512064
198805323723706368
198805324227035136
198805324470304771
198805324709371905
198805324906512386
198805325015560193
198805325044912129
198805324877148160
198805325506293761
198805325820866560
198805325636313088
198805325871185920
198805326118662146
198805326118662147
198805325455949826
198805326244491265
198805326353543169
198805326563262465
198805326647144450
198805325757939712
198805327095939073
198805326252871680
198805327368564736
198805327376949248
198805327607635968
198805327561502720
198805328492634113
198805326601003011
198805328769466369
198805328371007489
198805329469898753
198805328563945472
198805329989996544
198805330120024064
198805329952247808
198805330472341505
198805330698829824
198805330614956032
198805330912755712
198805331025989632
198805331109879808
198805331235713024
198805331466399744
198805331776765954
198805331877441536
198805332502380544
198805333068611584
198805330568814592
198805333307695106
198805332577886210
198805332959567872
198805334029111296
198805334540820480
198805334574374912
198805334742142977
198805334310133760
198805334243028992
198805334511452160
198805334414991360
198805335320956928
198805335333543938
198805335715233793
198805335018962944
198805336289841152
198805336478580736
198805336910610432
198805337107730432
198805337141288960
198805337535545345
198805337577500674
198805337665576961
198805337174843394
198805338525405184
198805338256965632
198805339016142849
198805338688987136
198805338412163072
198805339381043200
198805339695611905
198805338965815297
198805339804676096
198805340014379008
198805340488343552
198805339804672000
198805340752580608
198805341134258176
198805341134262274
198805340811309056
198805341822140416
198805342119936001
198805342228979712
198805342564528128
198805342635831296
198805343277551618
198805343336284160
198805343244001282
198805343709577218
198805343940255745
198805343877341185
198805344527458305
198805344703614976
198805345290821634
198805345513115648
198805345563455488
198805345722839040
198805344766529536
198805346226151425
198805346087735296
198805345659920385
198805347274731523
198805347622858753
198805346951770112
198805347677376513
198805347178258432
198805347840966657
198805348314910720
198805347501215744
198805348541407232
198805348432359425
198805347572531202
198805348830818304
198805348050665473
198805348809834496
198805346112913410
198805348923092993
198805349074083841
198805349770342401
198805350038781952
198805348113588224
198805350613397504
198805350219137024
198805349992632322
198805350118473728
198805350927966208
198805351380959232
198805351032823809
198805351586467840
198805351494205441
198805351422885888
198805351922020352
198805352395980801
198805352375005184
198805352458878976
198805352622456833
198805351741657088
198805349799694336
198805352526004224
198805352819605505
198805352861540352
198805353679433728
198805353088040960
198805353901719553
198805353780084737
198805353838804992
198805354472153089
198805354455375872
198805354690248704
198805354631536640
198805354291798016
198805354916745216
198805355063545856
198805355227127809
198805355185188864
198805354673483776
198805354828664833
198805354908364801
198805355763998720
198805356401541120
198805356418301952
198805356560924674
198805356653195264
198805356695130112
198805356930019329
198805356867092480
198805357391388672
198805357714358272
198805357877936128
198805357156511746
198805358393831425
198805358523850752
198805359312384001
198805359945723904
198805360188993537
198805359765368833
198805360570675203
198805360818130945
198805361434693634
198805361443090433
198805361669570563
198805362802040832
198805361233375235
198805361057206272
198805362974011392
198805363410206721
198805363749953537
198805363812872192
198805363573796864
198805364416839680
198805364622364672
198805364718829569
198805364181966849
198805364307800064
198805364999847936
198805365066969090
198805365037608960
198805364651737090
198805365268295680
198805365050179584
198805365327003648
198805365448638465
198805365687721985
198805366216208385
198805366354612226
198805366551752704
198805366551744515
198805366753075201
198805366652420098
198805366857940994
198805366878912515
198805366899879936
198805366912466944
198805365473816576
198805367336079361
198805367348670464
198805367130570752
198805367382220800
198805367612907520
198805367440949248
198805367709372416
198805368023949312
198805368116219904
198805368179142658
198805367336083456
198805368258826241
198805368418205697
198805369051545600
198805368485318657
198805369223528448
198805369445818369
198805369835896833
198805370263699456
198805370263699457
198805370347589632
198805370146267136
198805370448252930
198805370653782017
198805370653773824
198805370792181762
198805371194847232
198805370892849152
198805371324858369
198805371169669120
198805371412951041
198805371371012097
198805371735912450
198805371832369152
198805370775404546
198805371823984642
198805371907866626
198805372692201472
198805372759314433
198805368569217024
198805372826427392
198805371236790273
198805373552033793
198805373677879297
198805374403477506
198805374508351489
198805373812092928
198805375154270208
198805375280099328
198805375435280384
198805374952935424
198805375141691394
198805375665963010
198805375745658881
198805375846330370
198805376651640835
198805377003954177
198805377264009216
198805376932642816
198805377591164932
198805378023165952
198805378102870016
198805377876373504
198805377998000129
198805378450989057
198805377045889026
198805378610364419
198805378845249538
198805379130474496
198805378245468161
198805379365347330
198805379633774592
198805379835113473
198805379977711616
198805379944165376
198805380002885632
198805380120330240
198805380028039168
198805380468453376
198805380569104385
198805381038874624
198805381160501248
198805381261180929
198805381579935745
198805382267809793
198805382565605377
198805379998679041
198805382410416128
198805382968262658
198805380657197056
198805383047950336
198805383362519041
198805383274438657
198805382674649088
198805383530291201
198805383719038977
198805383685488641
198805383832285184
198805383811317760
198805383899385857
198805383987474436
198805384394309632
198805383987478528
198805384562089985
198805384293654528
198805384629190656
198805385002487808
198805385082183681
198805385187041281
198805383756783616
198805385350615042
198805385354817537
198805385065410561
198805385400942592
198805386072039425
198805386730553344
198805386726359040
198805387133206529
198805387296772096
198805387682660353
198805387888168962
198805387946893314
198805387888173058
198805388093693952
198805388215336962
198805388345360384
198805389477806081
198805389519753219
198805389372960770
198805389838528514
198805390144700417
198805390241169408
198805389616230400
198805390517993472
198805390497021952
198805390639640577
198805391193292802
198805391176503296
198805391797264385
198805391788867586
198805391990206466
198805391675625474
198805392686465025
198805392585789440
198805393521131522
198805392191524864
198805393768579072
198805393797943297
198805394011856896
198805394120900609
198805394250940417
198805393965723648
198805394666172417
198805394733281280
198805394422906880
198805395911876608
198805396251623424
198805396037701632
198805396863991808
198805396985626626
198805397279215616
198805397769957377
198805398172602368
198805398403297281
198805398541709312
198805398734643200
198805398319411201
198805398692691968
198805398948556801
198805399225380865
198805399313453057
198805399120519169
198805399095349248
198805399900659712
198805400252985344
198805400609492993
198805400634662912
198805400655626240
198805400341065730
198805401687429120
198805401859399680
198805401821646848
198805402157191168
198805402425626624
198805401192505344
198805402400473089
198805402639544321
198805402660503552
198805402782146560
198805402446602240
198805403373551616
198805403084144641
198805402979278848
198805403516149760
198805403478409217
198805402283020289
198805403193180161
198805403889438721
198805404082380801
198805404485033984
198805404677976066
198805404610867200
198805404950601728
198805404917047298
198805405244203009
198805405298737153
198805405340680196
198805406213079040
198805406158565376
198805406523465729
198805406674456577
198805406577999872
198805407559450624
198805408138268673
198805408008245250
198805408347979776
198805408968740864
198805408507375616
198805409350426625
198805409379782656
198805409543360514
198805409870512130
198805410415779840
198805410155741184
198805410445131778
198805409795014656
198805410671624193
198805411061702657
198805411082682369
198805411246247936
198805411892166656
198805411053322240
198805412261277697
198805412533895169
198805412630380544
198805412500348928
198805413116919808
198805413330817025
198805413611839489
198805413846712321
198805413897048064
198805413125296129
198805414127730689
198805414261960705
198805414417137664
198805414488457217
198805414840778752
198805414698160129
198805414794629122
198805412701679617
198805415033712640
198805413712506880
198805414878527490
198805412248690690
198805415662858240
198805404204007425
198805415952252928
198805416405241857
198805416036155393
198805415331508225
198805416476549120
198805416749178881
198805416644317184
198805417135063040
198805417151823872
198805417281855489
198805417374126080
198805417290240001
198805417298632704
198805418250739712
198805418850529280
198805419341258752
198805419030880256
198805419567742976
198805419953623040
198805420477923328
198805420536635393
198805421195137024
198805421362921472
198805421631352832
198805421933342721
198805422050775040
198805422608613376
198805422080131072
198805423938224131
198805423468457985
198805424198258688
198805423959191552
198805423778840576
198805424428941312
198805424173101057
198805424659636226
198805424647045120
198805423095152641
198805424512839680
198805425217486848
198805424261177344
198805425284583424
198805425213292545
198805425594957825
198805425980833792
198805426446413826
198805426324766720
198805426467377153
198805424810635264
198805426916175872
198805427549519872
198805427612422145
198805428530974720
198805428749078528
198805428652605442
198805428497416192
198805427931197440
198805429311119360
198805429441150977
198805428811988992
198805429998993408
198805430653300736
198805430913339394
198805430984650753
198805431148232706
198805430980460544
198805431794147328
198805431823515648
198805431760596993
198805432083562498
198805432419098624
198805432247136257
198805432733679616
198805432599461888
198805429336276992
198805433249566721
198805433597706241
198805434012938242
198805434197483520
198805434444947460
198805434625310721
198805434574970882
198805435451588609
198805435380277248
198805435082489856
198805434562387968
198805435308965888
198805435954896896
198805435137003520
198805436168802304
198805436252688384
198805436567265281
198805436567265280
198805436911202305
198805437225766914
198805435170570241
198805437485821952
198805437636804609
198805437414510593
198805438085607427
198805438001717250
198805439184510978
198805439289360384
198805438702161921
198805439121588224
198805439431979010
198805439369056257
198805439981432832
198805440275034114
198805440660910083
198805440463777792
198805441059373057
198805441294245888
198805441470410753
198805441948549120
198805441541705731
198805442162466816
198805442028244992
198805442107936768
198805442351206400
198805443131351041
198805443370430464
198805444003758080
198805443638861824
198805443114577921
198805443777273856
198805437460660224
198805445018796033
198805444972654592
198805445358526464
198805445337546752
198805445224316929
198805445836685312
198805445748592641
198805445928943616
198805438383390720
198805446163832832
198805445786341376
198805447250161664
198805447401156611
198805446813945860
198805447355019264
198805447606669313
198805447656996864
198805447887695872
198805447774441472
198805448147730432
198805448168714240
198805448697188352
198805450093903872
198805450077122560
198805449796091905
198805450597212164
198805450802728960
198805450978893825
198805451226361856
198805451566096384
198805451314434049
198805451662557184
198805451821944833
198805452174266368
198805452488843266
198805452430123008
198805452656611329
198805452040048640
198805452274925569
198805453294141440
198805453570981889
198805453814251522
198805453910720512
198805449968074752
198805453424177152
198805453847789568
198805454426603520
198805454590193664
198805454716026880
198805454804090883
198805454376280065
198805454955094016
198805454774743040
198805455093514240
198805455080919043
198805455479390209
198805455563268096
198805455676510210
198805455886225408
198805455903006721
198805456016252931
198805455861071872
198805455269662721
198805456813166593
198805454107844608
198805456649584640
198805456632819712
198805452765659137
198805456179826690
198805458063081472
198805457723334656
198805458553815040
198805458637697024
198805458654466048
198805458696417281
198805458767724544
198805458377654274
198805459380092929
198805459585601537
198805459585613825
198805460382515200
198805460617412608
198805460671938561
198805460323807232
198805461137498115
198805461082963971
198805461401735168
198805462349651969
198805462387392514
198805462831988736
198805463175921665
198805463284977664
198805463255625728
198805462089609216
198805463524057089
198805464010604546
198805464186748930
198805464182558720
198805464006393857
198805464639750144
198805464828493824
198805465038209024
198805465105301504
198805464438415360
198805465734447105
198805465860288513
198805465885442051
198805465809948673
198805466179055616
198805465822527490
198805466812387331
198805467206651906
198805467357659136
198805467374432256
198805467621888001
198805468397846528
198805467965816834
198805468771123200
198805468850823168
198805468968259584
198805468645306370
198805468209102849
198805469186371585
198805469446410241
198805468234252288
198805468217487360
198805469622579200
198805469874237442
198805469706469377
198805469702275074
198805470515957762
198805470662762496
198805471430324227
198805471912660993
198805471484854272
198805472126574593
198805472353058816
198805471921061889
198805473221296128
198805472931880961
198805473464553472
198805474127261697
198805474383118336
198805474290843648
198805473883992066
198805474706067460
198805474550886401
198805474676707328
198805474617991169
198805474982895617
198805475054190593
198805475494604800
198805474710257664
198805475595272192
198805474286645249
198805475263922179
198805476555767808
198805476761284608
198805476836773888
198805477163925504
198805476765474816
198805476752887811
198805477797269505
198805478199930880
198805477944074240
198805475289071616
198805474043375617
198805478820691968
198805478942318592
198805478770348033
198805479131058176
198805478866817025
198805481203048449
198805481316290561
198805481005920256
198805481224015872
198805481609895936
198805481693782016
198805481794453504
198805481848979458
198805481421160450
198805482260017152
198805482251628546
198805482255818752
198805482457145344
198805482675245059
198805483254063104
198805483870633986
198805483891601408
198805483530883072
198805484218761218
198805483870633984
198805481320497152
198805485099565058
198805485376385025
198805484877262849
198805485351206912
198805485426712577
198805485565124608
198805484935979011
198805486294941697
198805486311714817
198805486378811392
198805486752108544
198805486815019010
198805486898905088
198805487716810754
198805487515480066
198805488014606336
198805488136224768
198805487997816832
198805488366923776
198805489218363393
198805488819896320
198805489608429569
198805489612636161
198805489776205824
198805489801379840
198805489767817217
198805490040438785
198805490594099201
198805491084832772
198805491852390402
198805491701387265
198805492129210368
198805491802050561
198805492296974336
198805491806253056
198805493425258496
198805493161017345
198805493404282880
198805493014200321
198805493110677506
198805493404278784
198805494255714304
198805494494797824
198805494394130433
198805494700318720
198805494444462082
198805494876471296
198805494930997248
198805495371411459
198805495593705472
198805495438512131
198805495916666880
198805496801669123
198805496877158400
198805496659058688
198805497837662209
198805498131251201
198805497988653058
198805498206748672
198805499473440768
198805499733491712
198805499305656320
198805500106784768
198805499263713281
198805500316487680
198805500836589568
198805500811427842
198805500530405377
198805501612531713
198805500983377921
198805501281177601
198805501889347584
198805502086479872
198805501440573441
198805502128439299
198805501859995648
