198846524132835328
198846524057333760
198846527458918400
198846528150966273
198846528792702976
198846530042597376
198846531258957824
198846533951684608
198846534404681728
198846532936671232
198846534966710272
198846535855915008
198846535839137793
198846536359223297
198846536086589440
198846536841572352
198846538276016128
198846539991494656
198846542440955904
198846542961061889
198846543531474944
198846543556648960
198846543732817920
198846544210964480
198846545477632000
198846545238568960
198846544689102848
198846546593320962
198846546668818432
198846547671261184
198846548409466880
198846548837281792
198846548505927681
198846549432864768
198846549630001152
198846549982330880
198846550628245504
198846550217211905
198846551668432897
198846551009918976
198846552335319040
198846552658288640
198846552649895936
198846552901554176
198846553199362049
198846553333567488
198846553992069120
198846554180820992
198846553899802625
198846554554109952
198846553505529856
198846555753680896
198846555850153985
198846556504469504
198846557997637633
198846558479978496
198846558177996800
198846559939600384
198846559864094721
198846561256620032
198846561353072641
198846562934325249
198846563517341696
198846563961937920
198846565463502849
198846566000369665
198846566071681024
198846567065714688
198846567610982400
198846567946526720
198846568185606145
198846569355812864
198846570081431552
198846569783640064
198846570484084736
198846572967112705
198846573369757697
198846573751443458
198846574493839360
198846574577729537
198846576351916032
198846577891213313
198846577912193024
198846578964959232
198846579027869696
198846579208241152
198846579887714304
198846580516847617
198846581322158080
198846582270074880
198846583599661056
198846583746473986
198846585550020608
198846588414734336
198846589853368321
198846590218289154
198846590356688896
198846591371722752
198846593607274496
198846594370646016
198846596039979009
198846595998027776
198846595809284096
198846597096935424
198846596941742080
198846597696716800
198846597755449344
198846597809971200
198846598653026304
198846601530327040
198846601203163136
198846601962332161
198846601484177408
198846601941364736
198846601576456192
198846603723939840
198846604168531968
198846605397463040
198846607565922305
198846611806355457
198846612280311809
198846610711654400
198846614696247296
198846616629805056
198846616675958784
198846617531592704
198846616466243585
198846618555002880
198846618739556353
198846620761206784
198846621637808128
198846624976470017
198846625320419328
198846625689518080
198846625702100992
198846627006521344
198846627367223296
198846627224616960
198846627673407489
198846628197695488
198846629145624576
198846629636345857
198846629401468928
198846630294863873
198846630370349056
198846631452491776
198846631356010496
198846631800614912
198846633398648832
198846633381867520
198846633990041600
198846634803740673
198846635952975872
198846635785191424
198846636003299329
198846636980576256
198846637945274368
198846638268231680
198846639031599104
198846638721204224
198846639434252289
198846638880591872
198846639924985857
198846640893853696
198846640541548544
198846641254572032
198846641619472384
198846642085036032
198846643301388288
198846643871821824
198846643301396481
198846643825688576
198846644706492417
198846645016862720
198846646233219072
198846646195453952
198846646367420419
198846646874931200
198846648196145152
198846649865486336
198846650486226945
198846652101038081
198846651874541568
198846652306563072
198846657822081024
198846657696251904
198846658128261120
198846660619669504
198846661949267971
198846663018819585
198846663882846208
198846665363427328
198846666445570048
198846667351523328
198846668098125824
198846668018425857
198846668408496129
198846668760817664
198846669587091456
198846671147368448
198846671680057344
198846671847817217
198846673596841985
198846674012086272
198846673739448320
198846675010322432
198846675555586049
198846675899531264
198846675995992064
198846676151189504
198846677141028864
198846677136842753
198846678508371968
198846679535992832
198846678026035200
198846679649222656
198846680668438529
198846681150783490
198846681368903680
198846682081923072
198846683096944640
198846682673332225
198846684002910209
198846685508669441
198846685844213760
198846685949075456
198846686280425472
198846687102504961
198846687836516352
198846686880206848
198846687777792000
198846687970721793
198846689275162624
198846689019310080
198846690722193408
198846690961272834
198846692773212160
198846692693520384
198846693511405568
198846693628850176
198846694241222656
198846694413172737
198846692026613761
198846695491117057
198846695621140481
198846698171285504
198846699068866563
198846698464878592
198846698951413760
198846700134215683
198846700134203392
198846696187371520
198846700310380546
198846700956295168
198846701631569921
198846703741321216
198846704110415872
198846703825203200
198846703732928512
198846704752132096
198846704638902272
198846707126120448
198846708527009792
198846708409565184
198846709227462656
198846710963912704
198846707449081856
198846711546912768
198846712197029888
198846714650693632
198846714340323328
198846715841880064
198846715908984832
198846715275653120
198846715179175937
198846718169714688
198846717863530496
198846707298074624
198846719650312192
198846719293792256
198846720279453696
198846722452107265
198846724251455488
198846725090324480
198846725748822016
198846726663180288
198846726654787584
198846727174893568
198846727640465408
198846728487698432
198846730136068096
198846730660360192
198846730601627648
198846733172744194
198846733227266048
198846736574332928
198846738000379904
198846740999319552
198846741976592384
198846742031118336
198846742588956672
198846742861590529
198846742916120576
198846743834673152
198846746388992001
198846746577735681
198846747483717632
198846747139776513
198846747664056320
198846748473556993
198846747601154050
198846749337587712
198846749761224704
198846749836713984
198846750268727297
198846744937775104
198846751963230209
198846751501844482
198846752596574209
198846749203374080
198846753406074880
198846752802082817
198846753892601856
198846754433671168
198846753552875520
198846754165243905
198846755138310144
198846755499028480
198846756065259521
198846756425961473
198846758166605824
198846758456012801
198846758544097281
198846758544097282
198846761534627840
198846761559793665
198846760658026497
198846761270394880
198846763212349444
198846763896025088
198846764130897920
198846764143476736
198846765129138176
198846764730683392
198846763963138049
198846764839735296
198846765506633729
198846766525857792
198846766467121152
198846767356329984
198846768035794944
198846768463618050
198846770242011136
198846770745319424
198846772716634112
198846772481769472
198846772414644224
198846773127684096
