198782349608099840
198782351919153153
198782353089372161
198782352988700673
198782354028888066
198782359523430400
198782359783477249
198782359892525056
198782360752357377
198782361033375746
198782361389891585
198782362253930496
198782362174230528
198782363021488128
198782364573384704
198782364455936001
198782369296171009
198782369178730496
198782369610735617
198782370135019520
198782370365706240
198782370927747072
198782368490864640
198782373377224704
198782373561778177
198782373251391488
198782374362873857
198782374459359232
198782369120010240
198782374601949184
198782375801524224
198782376069955585
198782376342597632
198782375642148864
198782376669753344
198782379647705090
198782380926971905
198782381296062465
198782378292944898
198782383514861568
198782383741353984
198782383904931840
198782384630546432
198782385045782528
198782384592797697
198782380687888386
198782387629473792
198782390263484417
198782389886009345
198782390011822080
198782391119126529
198782393254035456
198782394407469057
198782395061764096
198782395279867904
198782401697161217
198782401651032066
198782403278422017
198782403995643905
198782404335374338
198782405321031680
198782402317918208
198782406445117442
198782408202518529
198782408475152386
198782406164086784
198782408663904258
198782409657942016
198782405849522176
198782410840743936
198782410186424320
198782411193065473
198782411679608832
198782412199694336
198782412396826624
198782414267482112
198782414057766912
198782414376550400
198782414032617473
198782417488719876
198782419766214656
198782419594260481
198782419627806721
198782420462481408
198782421435555841
198782422500909058
198782424174444544
198782424610648066
198782425793437696
198782426531635200
198782427089469441
198782427190149121
198782426015739904
198782428310024194
198782429253742593
198782429517975552
198782429664788480
198782430260371457
198782430923067392
198782431657066497
198782431237644288
198782433045393409
198782433586458625
198782433812955136
198782437239697408
198782437411659776
198782438271488001
198782442214129664
198782443392733184
198782444109971457
198782444776865792
198782445334695936
198782445796077568
198782445728956416
198782445838020609
198782446576209920
198782448128110593
198782448769839105
198782449529012225
198782451022180354
198782451995262976
198782452922204161
198782454859956224
198782454423752704
198782455942086657
198782457401716737
198782458659999744
198782459217854465
198782460161568768
198782460329328640
198782461755408386
198782462137085952
198782461734420481
198782462162239489
198782463076597762
198782462397124610
198782463605080064
198782463550554112
198782463986761728
198782463915470848
198782463978381313
198782466209746945
198782466415280128
198782467723894784
198782468130734081
198782467518377985
198782468558565376
198782468768272384
198782469200293888
198782469279977472
198782469653278721
198782467690332160
198782471351971841
198782471398105090
198782471708491776
198782472530571266
198782472538955777
198782472912240640
198782473130356736
198782472748670977
198782473885319168
198782474141175808
198782474225070080
198782476095729665
198782475772772352
198782476309635072
198782476187996161
198782476540329985
198782477739888642
198782477874114560
198782478658453505
198782478805241857
198782479421816834
198782480055152641
198782482060034048
198782483003744256
198782483427377154
198782484215902208
198782481237946368
198782484396249088
198782484496912385
198782485537107968
198782486745059328
198782487164485632
198782487105773568
198782487810424834
198782488091426816
198782488498282498
198782485734240257
198782489706242049
198782487441321984
198782491128102913
198782491342016512
198782492713566208
198782493443366912
198782493216874496
198782491971166208
198782494043144192
198782494714232833
198782496211599360
198782496412930048
198782498535256064
198782499143434240
198782498661089281
198782498287783936
198782499533504512
198782500921802754
198782501051838464
198782501035061248
198782500942790656
198782501668401152
198782503258042368
198782503320948736
198782503111241730
198782504658935808
198782507200679936
198782508140204033
198782509213941760
198782509750829056
198782510413512704
198782510304477184
198782513659908096
198782513601187841
198782514100314114
198782514138062848
198782518131040257
198782518642737152
198782518474973186
198782520983166978
198782521390006273
198782521197080576
198782522623135744
198782518936342528
198782522316959744
198782525533986818
198782525680783360
198782525726916610
198782524640604162
198782526158938113
198782526024728576
198782524376358912
198782528272859138
198782528390311938
198782528528728065
198782531250814977
198782531557015552
198782531338907649
198782533113094145
198782536569196544
198782536430792705
198782532911763456
198782537101877248
198782535503855617
198782536044920833
198782537743609857
198782538855104513
198782538918019072
198782539089981440
198782540704788481
198782542147616768
198782542659325952
198782543347187712
198782542957117440
198782543594668032
198782544131522561
198782544420937728
198782546216099842
198782542902595584
198782545410793472
198782546497118208
198782547302424577
198782547189182464
198782547486978051
198782547952549888
198782548917227522
198782550800474112
198782551148605440
198782551471562752
198782552025210880
198782552914399233
198782551660302336
198782552360755201
198782553266720768
198782554243993600
198782554780868608
198782554428547072
198782554906705922
198782555686846465
198782555321933824
198782556676685824
198782557217751040
198782558677368832
198782559428161536
198782560808087552
198782561625976833
198782562670350337
198782563391778816
198782563517599745
198782564142559232
198782563823783936
198782565291802626
198782565891575809
198782567393136641
198782570069098497
198782569867784192
198782569876164609
198782570576609281
198782572136906754
198782573349060608
198782573973999616
198782574519255040
198782574565408768
198782575056142337
198782574934499328
198782575169384449
198782575689482240
198782575676891137
198782575207133189
198782576989712385
198782578029891585
198782578109583360
198782578478678016
198782579007168513
198782578298322944
198782579179143168
198782580642938880
198782582089986049
198782583713181696
198782583960637441
198782584539455488
198782584581402624
198782585659330560
198782586141679617
198782586678550530
198782586242334720
198782587030867971
198782588633088000
198782589069299712
198782591015460864
198782591598477312
198782592814817280
198782593167142912
198782594966487041
198782596010885120
198782595637587968
198782596702945280
198782597088817152
198782598623932417
198782600964358144
