198839224747835393
198839224793972737
198839225066586112
198839225230168064
198839225410535424
198839225469247489
198839225720909825
198839225477636096
198839225775435777
198839225767047168
198839225741885440
198839226199064576
198839226136141825
198839226299715585
198839225158864897
198839226387795969
198839225909645313
198839225880285184
198839226463293440
198839226819817472
198839226673020930
198839226937253888
198839226580738048
198839227146969088
198839227096637441
198839227293773824
198839227415400449
198839226941448192
198839227851616256
198839227767734272
198839227692232706
198839228065513473
198839228413644801
198839228879212545
198839228614975491
198839229470609408
198839229034409984
198839229013442562
198839228627550210
198839229474799616
198839229529341952
198839229357359104
198839230452088832
198839230628237314
198839229898428419
198839230569529344
198839228593999872
198839230133317633
198839230909251584
198839231026692096
198839231920087043
198839231790059522
198839232352104448
198839230984761344
198839232071081984
198839232905740288
198839231366430720
198839231295127555
198839233128042496
198839232498900992
198839232960266240
198839230414340098
198839232926720000
198839233019002881
198839233379708928
198839233035780097
198839233778163712
198839233685880833
198839233849475072
198839233476173824
198839233753006081
198839232960274432
198839234025635841
198839233899794432
198839229923590144
198839234768011265
198839233421639680
198839234830938117
198839234981928960
198839235132919809
198839236001140736
198839235980177409
198839236651253760
198839236613517314
198839236902924289
198839236093419520
198839236512858112
198839236852584448
198839237066502146
198839237599174657
198839237712412674
198839237964083200
198839237997625344
198839237607571456
198839238198956032
198839238375120896
198839237632720896
198839238094098432
198839238295433217
198839239230767104
198839238060544000
198839239197212672
198839239276888066
198839239629221890
198839239339802625
198839239826354176
198839239893467136
198839239956373505
198839240019283968
198839240010903552
198839240136720384
198839239767629824
198839240027676672
198839240291926017
198839238236717056
198839240111562754
198839240631656448
198839240753291264
198839240728133632
198839240648437761
198839240975589376
198839240279326721
198839240845574144
198839240119955456
198839240963010560
198839241566990336
198839241571188737
198839240820408320
198839241759924224
198839241151758336
198839241550217216
198839242082877442
198839242200334338
198839242376491008
198839241961242624
198839242179362817
198839242489741312
198839243076935682
198839242544254977
198839243211157504
198839243219537920
198839243437637633
198839243441844225
198839243609604097
198839243731247107
198839243676712960
198839243278254081
198839243387322369
198839243697696768
198839243995480064
198839244335218688
198839243739639808
198839244402339841
198839244595281921
198839244796596225
198839244918239232
198839243878051840
198839244813377536
198839245245386753
198839245778059267
198839246264610817
198839245740326912
198839245333463040
198839246461730816
198839246642089985
198839246633697280
198839247015391232
198839247187349504
198839247959113728
198839247363514369
198839247636152321
198839247891996672
198839247422226433
198839247367700482
198839247292207104
198839248340787200
198839248500162560
198839248672129024
198839248785383425
198839248479199232
198839248307236866
198839249246748672
198839248462422017
198839249276112896
198839249183850496
198839249733287936
198839249901060096
198839250156916736
198839250219839488
198839250526023680
198839249963974658
198839250668617728
198839250765090816
198839250454708224
198839251218083840
198839251310358528
198839251457159168
198839251373264896
198839251696238594
198839251729780736
198839251591368704
198839251247443974
198839251301957633
198839252245692417
198839251733970948
198839251578785793
198839252283432960
198839252384104448
198839252740616194
198839252879015936
198839253164236800
198839252568653824
198839253407506433
198839253235531776
198839253638184960
198839253575274497
198839254007291904
198839253600440322
198839253571092480
198839254154088450
198839254305087488
198839252388282369
198839254577721344
198839254657413121
198839254690971648
198839255362060288
198839255273975809
198839254598684673
198839255454330880
198839255743737858
198839255815028736
198839256079273984
198839255592747008
198839256540655616
198839256234463233
198839256288985089
198839256825864193
198839256968466434
198839257215934465
198839256976850944
198839257492758529
198839257618595841
198839257979293697
198839257987690496
198839257358544898
198839257530515459
198839258298060801
198839258264506369
198839258008649728
198839258511974400
198839258327416834
198839258558107648
198839258524557315
198839258268704768
198839258721689604
198839258562301952
198839258847514625
198839258050592768
198839259220819970
198839258935603200
198839258948173825
198839257782169600
198839259321483264
198839259120144384
198839260420374529
198839260047085569
198839260575567872
198839260449751040
198839260772708354
198839260399407105
198839260940476416
198839260437151745
198839260437168128
198839261091463168
198839261317959680
198839260936273920
198839261657698305
198839261833859072
198839261825466368
198839261993242624
198839262026809345
198839262211342336
198839261745778688
198839262303633411
198839262425264128
198839262064553984
198839261649321984
198839262408474624
198839262534303744
198839262664343552
198839262660136961
198839262312009728
198839262077132800
198839261829660672
198839263276711936
198839263301877761
198839263310254080
198839263008264192
198839263599669248
198839264140726272
198839264178483201
198839264258162689
198839264216227840
198839264153305088
198839264618876928
198839264765689856
198839264685998080
198839265059274752
198839265436774400
198839262945361920
198839265650675712
198839265906524161
198839265638105091
198839265986232321
198839266435022848
198839266028158976
198839266615377920
198839266200129536
198839267114491904
198839267336798208
198839267563286528
198839267584245761
198839267609415680
198839267340980226
198839267575861249
198839267412283394
198839268246958080
198839267764604928
198839267747831809
198839268494417920
198839268892876800
198839268876095488
198839269077434368
198839269215842306
198839268569907201
198839269555568640
198839269664632832
198839270117621760
198839270839025664
198839270922928129
198839271069728768
198839271489150977
198839270767722496
198839271342346241
198839271556268032
198839272114094083
198839272118292482
198839272101511168
198839271640150016
198839272512557056
198839272428675072
198839272772616192
198839271954722817
198839272810348544
198839272453836800
198839273179451392
198839273515008000
198839273447886849
198839273548558336
198839273544364033
198839273527578625
198839273246568449
198839273842159616
198839274114777088
198839273682771969
198839274622287872
198839274647453696
198839274228023296
198839275545034752
198839270524465153
198839275813482497
198839275758948352
198839276270665728
198839276149018625
198839276161597440
198839276241297408
198839276199350274
198839276883025921
198839277231149056
198839273280118784
198839277189210112
198839277063376896
198839277356974080
198839277642190848
198839278057422849
198839278321664003
198839278392975362
198839278363615233
198839278397165569
198839277998706688
198839278464282625
198839277919023104
198839278808211457
198839278841765888
198839279026311168
198839279122788353
198839279596736513
198839279663857665
198839279647072257
198839279626092544
198839280284606464
198839279412187136
198839280494329856
198839280410431488
198839280284610560
198839280087470081
198839281043779585
198839281341571072
198839281341562880
198839277763821568
198839280901160960
198839281278656512
198839281937166338
198839281203154944
198839282021056513
198839281685508096
198839282478231554
198839282658578433
198839283338055680
198839282859900928
198839283384193024
198839283531001859
198839283421945856
198839282574704640
198839283606495232
198839283656830978
198839284244037632
198839284688617472
198839284223057920
198839283220611072
198839284558602240
198839284730576896
198839284961259520
198839285099659264
198839284604739584
198839285317767168
198839285389066240
198839284998995968
198839285623947265
198839285959491585
198839286047588352
198839285644935169
198839285846257665
198839286555082754
198839285930143744
198839286139854848
198839285951102977
198839286731247618
198839287100350466
198839287310069762
198839287293284352
198839287427497984
198839287477846016
198839287641411584
198839287771439104
198839287939203072
198839288132153344
198839288161517568
198839288501239809
198839288413159424
198839288824205312
198839288098598912
198839288941649920
198839289361072128
198839289918926848
198839290074103809
198839290199937025
198839290711646208
198839290720026624
198839291005251586
198839291030413313
198839291198189568
198839291290468353
198839291357560832
198839290820698114
198839291433062401
198839291290464256
198839290841661440
198839292364206080
198839292460679168
198839292334841857
198839292519387137
198839292372598784
198839292469059584
198839292477440000
198839292984967169
198839292422926336
198839292246753280
198839293064658944
198839293299535872
198839293593137152
198839293739929601
198839293588942848
198839293370839040
198839294226472962
198839294318751745
198839294339719168
198839294578790401
198839294775922688
198839294222286848
198839294373273600
198839295040167936
198839294922731520
198839295027585024
198839295203741697
198839295145025536
198839295178575875
198839295740612608
198839296256516098
198839295006617602
198839295904202752
198839295849668608
198839296571080704
198839297212825601
198839297439318016
198839297808404481
198839298391425025
198839298693398528
198839298504667136
198839298722758656
198839298559188992
198839298492084224
198839299020562433
198839298848591873
198839298877964288
198839298865381377
198839299460968448
198839299494522881
198839298877956096
198839299607764992
198839299305771010
198839299926536194
198839299465166849
198839299859431424
198839300375330816
198839300719263744
198839300857659394
198839301012860928
198839301197398016
198839301147074560
198839301432279040
198839301721694208
198839301797187585
198839301931401217
198839302069813248
198839301956571136
198839302581530624
198839298701795329
198839303110012931
198839303323926528
198839303378440194
198839303349088257
198839303697211393
198839303063879680
198839303760117762
198839303642693632
198839303118401536
198839304393457664
198839304557043712
198839304246661120
198839304523485184
198839304917749760
198839303948869632
198839304108249088
198839304578011139
198839305110700032
198839305790160896
198839305790177280
198839305727254528
198839305517531136
198839305882435584
198839305970524160
198839305890836481
198839305928572929
198839305957941249
198839306272514048
198839305890832384
198839306599665664
198839306733883393
198839307010707456
198839307128147968
198839307132342274
198839307161698305
198839307744710656
198839307795054592
198839307904094208
198839308017352705
198839307069423617
198839307417559041
198839308440965120
198839308260618240
198839308789104641
198839308742955008
198839308893949952
198839309233692672
198839309133025281
198839309061734400
198839306406735873
198839309762170882
198839310244515840
198839310269693952
198839309556645889
198839310278070272
198839310726868992
198839310978531328
198839310055780353
198839310810742784
198839311184052225
198839311318265857
198839311406342145
198839310676537344
198839311385362432
198839311884492803
198839309598601216
198839311054028800
198839309967699968
198839312459112449
198839312752709633
198839312425566208
198839308856201216
198839312677220353
198839311611863040
198839313495109632
198839313763549184
198839313339908097
198839314199756800
198839314304602114
198839314627575809
198839313927114754
198839314849857536
198839314946334721
198839312400388097
198839314862452736
198839314896007168
198839311381168128
198839315592257536
198839316011683840
198839316028473345
198839316041056257
198839316108165120
198839316523384832
198839310408097793
198839316556943360
198839316661813248
198839316657618944
198839317072846848
198839316745682944
198839314308796416
198839317186093057
198839317332885504
198839317953642497
198839318146596865
198839318180143105
198839318494707712
198839318679273472
198839318717009920
198839319090302976
198839319245496320
198839319279058945
198839319681712128
198839319111270400
198839320054992897
198839319715262465
198839319799148544
198839319224516609
198839320537333760
198839320604446720
198839320650592256
198839319958519808
198839321141317632
198839321271336960
198839320906436608
198839321325871105
198839321569148928
198839321330073601
198839321476866049
198839322022125568
198839321531400192
198839321606885376
198839321581715457
198839322194092032
198839322512859136
198839322093436929
198839321728520194
198839322525446145
198839323020378112
198839322890350592
198839323045539842
198839322630303744
198839323230093312
198839322676445187
198839323230093313
198839323041341440
198839323704045568
198839322999406592
198839323955695617
198839324299640833
198839324475785216
198839324521926657
198839324031197185
198839324752617472
198839324727447552
198839324266086400
198839324513538048
198839324970729473
198839325243355137
198839325260128257
198839324857470976
198839325436284929
198839325075582977
198839325654388736
198839326208036864
198839325998321664
198839325780217857
198839325939597313
198839326061248512
198839326413557760
198839326614884352
198839326614896640
198839326849773569
198839327017541632
198839326623277056
198839326707159040
198839325662789632
198839326816210944
198839326916874240
198839327827034112
198839327738961921
198839327365672961
198839327919316992
198839328082894848
198839327525048323
198839328472961024
198839328577818624
198839328217104385
198839328854646785
198839328573628417
198839329240530945
198839329311825921
198839329370542081
198839329798365184
198839329819332609
198839329584463875
198839329739640832
198839330561728512
198839330024865792
198839330662383617
198839330687561729
198839330704334848
198839330763046912
198839330809196545
198839330523983872
198839330683355137
198839331081822208
198839331031482368
198839329815150592
198839330930823168
198839331333472259
198839331677413377
198839331434147841
198839331564175361
198839332130390016
198839331941646337
198839332277202945
198839332319145984
198839332423991296
198839332440776705
198839332793094146
198839332637917186
198839333166399488
198839333178966016
198839333413847040
198839333040562176
198839333145411585
198839333980082177
198839333854248961
198839334017830912
198839334001057792
198839334055587840
198839334403710976
198839333564854272
198839334407905280
198839334751834112
198839334839918593
198839334525345793
198839334768623617
198839335313870849
198839334915411969
198839335452286976
198839335599095809
198839335708135424
198839335724916737
198839335309680641
198839335930433536
198839336265986049
198839335666200577
198839334886064128
198839335917850624
198839336706375680
198839336748322817
198839336815435777
198839336421163008
198839337130004481
198839337289396224
198839337398448128
198839337448775681
198839333355126791
198839337465548800
198839337364897792
198839337461366785
198839337037725698
198839336932880385
198839337033547777
198839337696247808
198839337910149121
198839338119860224
198839338488963072
198839338212130818
198839338656735234
198839338858057728
198839337901756416
198839338132443136
198839338379919361
198839336794468352
198839335540363264
198839337079668736
198839338715455488
198839338870648834
198839339445268480
198839338988093441
198839339646590976
198839339172630528
198839339201990656
198839339491405825
198839339529146368
198839340334456832
198839339596259328
198839340309299200
198839340774850560
198839341479497728
198839340946825216
198839341412384768
198839341852803072
198839338811924481
198839341974433793
198839342024765441
198839342268035073
198839341823442945
198839342851039232
198839342943305728
198839343241105408
198839343345967105
198839342796505088
198839343555674112
198839342716817408
198839343324991488
198839343903817729
198839343769591809
198839344159657984
198839343828320256
198839344503603200
198839344184823809
198839344633610240
198839344943992833
198839345048846336
198839344964972546
198839345346654209
198839345178869761
198839345527009280
198839345682190337
198839345669611520
198839345736724482
198839345858363392
198839346105823232
198839346172928000
198839346609135618
198839346697211906
198839346705600513
198839346680442881
198839346105823234
198839346630098946
198839346906939392
198839346915323904
198839347406049280
198839347464769536
198839347146006528
198839347867435009
198839347980664832
198839348140060672
198839348098117632
198839348190384128
198839347921952768
198839347733213184
198839348177813505
198839348173606913
198839348303642625
198839348257501184
198839348437843968
198839348513341442
198839348089716736
198839348844695552
198839348815347712
198839348265893890
198839348878258178
198839349234769922
198839348815331328
198839349700329472
198839349473841152
198839349603864576
198839350572748800
198839350451126273
198839350686007296
198839350786662400
198839350971215872
198839351092838402
198839351000563712
198839351176728577
198839351436783617
198839351713611777
198839347653521409
198839351457746944
198839351852007425
198839351659077633
198839351956873216
198839347166982144
198839352695066625
198839352099471361
198839352455991296
198839352971902976
198839352284020736
198839353517150208
198839353424871425
198839353357770752
198839353575870465
198839353907232768
198839354578317312
198839354532167682
198839354028859392
198839354637029377
198839354016268288
198839354867712000
198839355085824003
198839354704134146
198839354997743616
198839355316502528
198839355027107840
198839355161329664
198839355308118016
198839355031298048
198839356100849665
198839356079865856
198839356151185409
198839356214083584
198839356205699072
198839356415414274
198839356436398080
198839356427997186
198839356746772481
198839357203947521
198839357128450049
198839357463998465
198839357224923136
198839356969066498
198839357262675968
198839357661118464
198839357552070656
198839358244130817
198839358059589632
198839358294458369
198839357740818432
198839358609047552
198839358739070977
198839358890053633
198839358474829824
198839358869086208
198839358416109569
198839358973939713
198839358902636544
198839358873272322
198839358504189952
198839359196233728
198839359535988738
198839359594704896
198839359175270400
198839359624052737
198839359133319168
198839359670206466
198839359456292864
198839359863132160
198839360051884032
198839359875710976
198839360085438465
198839360249004033
198839360290955265
198839360274178049
198839360404193281
198839360144154624
198839360848797696
198839360806858753
198839361209516032
198839361041727489
198839360311922688
198839361540857856
198839361591197698
198839361721208833
198839361196916736
198839361939308545
198839362190966784
198839361733804032
198839362564263936
198839362572656640
198839362551693312
198839360240627713
198839362862071808
198839363797389312
198839363805782016
198839363830956032
198839364044853248
198839363151466496
198839364246175744
198839359242387457
198839364229406721
198839364359434240
198839364304908288
198839364539785216
198839364304896000
198839364715954176
198839364292321280
198839364678189057
198839364418150400
198839365068267520
198839365273780225
198839365303140352
198839365219258369
198839365458345985
198839365621907456
198839365244436482
198839365953257473
198839365689020416
198839366330744832
198839366410444801
198839366683070464
198839366443995137
198839366930538497
198839367593238528
198839367568072704
198839367077339136
198839367802961920
198839367773601792
198839367786168322
198839367786180608
198839367446446080
198839367874265088
198839368029450240
198839367924588546
198839367987511297
198839368620838913
198839369010913280
198839369212235776
198839369208045568
198839368620843008
198839369434542080
198839369891725312
198839369912696833
198839369933668352
198839369984000000
198839369086414848
198839369929461760
198839370277588992
198839370353094657
198839370323722240
198839370629922816
198839370797694976
198839371271634946
198839370877386755
198839370415996928
198839371791745026
198839372265684992
198839371707842561
198839372114706433
198839372471214080
198839372487999489
198839372748029953
198839372064358400
198839372655755266
198839373205217281
198839372609634304
198839372055982080
198839373037445121
198839373477838848
198839373389770752
198839373305884672
198839374232817665
198839374664826881
198839374786461696
198839374664835073
198839374933270529
198839374601920512
198839374404796416
198839376577437696
198839375956680705
198839376132845568
198839376560660480
198839376392880129
198839376694878208
198839376548073474
198839377844109313
198839378171273216
198839378095775744
198839378339045376
198839377990909952
198839378494242817
198839378611683330
198839379156942848
198839379303727105
198839378808815616
198839379727351808
198839380025147392
198839380201308160
198839379786084352
198839380276822017
198839380046118913
198839380637528066
198839380448780288
198839380935311360
198839380339724288
198839381019201537
198839381497352192
198839381589630977
198839381514137600
198839382113923072
198839382587875329
198839382780817408
198839382462046208
198839383099572224
198839383481266178
198839383120551936
198839383846162433
198839383384784897
198839384185905152
198839384211066880
198839383854559233
198839384257212416
198839384496287744
198839384211070978
198839384139776000
198839384563392513
198839383745511424
198839384932491265
198839384701808643
198839385364508672
198839385507102720
198839385276432384
198839385872007168
198839385611960320
198839386392100865
198839385452589058
198839386538901506
198839386568273921
198839386614407168
198839387042222081
198839387503599616
198839387449069568
198839387696545792
198839387579097089
198839387822366720
198839387952386048
198839388040466432
198839388153720833
198839388350844928
198839388048867328
198839388380213249
198839388665425920
198839388506038274
198839388849979392
198839388921282560
198839389164539904
198839389261004802
198839389391044610
198839389370073088
198839390276026368
198839389978243072
198839390691278849
198839390787739649
198839390364123136
198839390947127296
198839391324618752
198839390674497538
198839391379128322
198839391228145665
198839391551098880
198839391119085569
198839391911813120
198839392020873217
198839391936987137
198839392033452032
198839391492382720
198839392113147904
198839391555293184
198839392402546692
198839392511606785
198839392578699264
198839392733900800
198839389374251009
198839392511598593
198839392759058433
198839392952008704
198839391668535298
198839393585332225
198839393732136960
198839393824423936
198839394038329345
198839394126405632
198839394231271424
198839394373865473
198839394461949952
198839393753104384
198839393811832834
198839394973659136
198839395112067074
198839395154014209
198839395183374336
198839395057549312
198839395611181056
198839395028176896
198839396089348097
198839395980279808
198839396080959489
198839394935902208
198839397129523201
198839396475219969
198839397091778560
198839396731064320
198839397632843776
198839397796429824
198839397075009538
198839398048079872
198839398480093184
198839398404595713
198839399037935616
198839399146979328
198839399671279616
198839399394459649
198839400128462848
198839400141045763
198839400275255296
198839400300421121
198839400296235008
198839400136851456
198839399797096451
198839400472395776
198839397276332032
198839400396881920
198839401281880064
198839401294475266
198839401244135424
198839401349005314
198839401067986944
198839401453850624
198839401168642048
198839401369960448
198839401365766145
198839401554522112
198839402225598466
198839401739075585
198839401747464192
198839402619875328
198839402632462336
198839401009258496
198839402854744064
198839402930253824
198839403014139904
198839402259161090
198839403286769664
198839403219656704
198839402233995265
198839403110596608
198839403525836800
198839403727171584
198839403689426944
198839403223846912
198839403693621249
198839403043487744
198839403903324160
198839403165138944
198839403706191874
198839404251459584
198839403823640576
198839404725420033
198839404939313152
198839404465369090
198839405098713091
198839405157429249
198839405237125121
198839405589430272
198839405304233984
198839405979508736
198839406042427392
198839406117928961
198839406256332800
198839406197604352
198839406084358144
198839406805782528
198839406654795776
198839407128748034
198839406055002114
198839407049052161
198839407913074688
198839407879536640
198839408173129728
198839408231858176
198839408970043393
198839408496087040
198839409100079105
198839405476184064
198839409255256064
198839406747074563
198839409498525696
198839409699864576
198839410031206401
198839410031214594
198839409943130113
198839410232524800
198839410228346880
198839409859239936
198839410442240001
198839409850851328
198839410618400769
198839410580652032
198839404394070016
198839410672939009
198839411029446656
198839410995900417
198839411029446657
198839410681327619
198839411146895360
198839407573340160
198839411344027649
198839411813781504
198839411763458048
198839411025248256
198839411226583041
198839411511795714
198839411436294146
198839412484882434
198839410631000064
198839412640071680
198839412954636288
198839413143375874
198839412778479617
198839413168545792
198839413646696448
198839413348896768
198839414019989504
198839413755748352
198839414196158464
198839414108069888
198839414485565440
198839414728830976
198839414850469888
198839414506528769
198839414774960128
198839415378939905
198839415760621568
198839415907430400
198839416293306368
198839415701905408
198839415982931968
198839416020676609
198839415836123136
198839417350275074
198839417492869121
198839417048281088
198839417694203904
198839417534824450
198839417681625088
198839418369478659
198839418444988416
198839418059096064
198839418600165377
198839417866170368
198839418994434048
198839418801496065
198839419363524609
198839419703275520
198839418948300800
198839419841691648
198839419527106562
198839419720048641
198839417841004544
198839420386947072
198839420512776192
198839420789600256
198839418830856193
198839420219170816
198839420823150593
198839421011894272
198839420911230976
198839420680540160
198839421460676608
198839421901078529
198839421875916801
198839421875920897
198839422555389952
198839422685429761
198839422186295296
198839423067095040
198839423016771584
198839422333104128
198839422572183553
198839422794465280
198839422874173440
198839423293599744
198839422869975040
198839423570423809
198839423415222272
198839423666884609
198839423272632320
198839423260033024
198839423121620993
198839424077922304
198839424056963073
198839424417669122
198839423545253890
198839424375734272
198839424354758656
198839424312819712
198839424623181825
198839425017454593
198839424749023232
198839424610615296
198839425277501441
198839425344614401
198839425566908417
198839425529155585
198839425634025472
198839424627392512
198839426170896384
198839424660930561
198839426284130304
198839426250575873
198839426347040769
198839426036678658
198839426758086656
198839426682601472
198839426737119232
198839426938449920
198839426556772353
198839427211083777
198839427269787649
198839427294965760
198839427445964800
198839426397376512
198839427559194625
198839427366273024
198839428209311745
198839424321196034
198839428804902916
198839428859441152
198839428586807296
198839429027205120
198839429094309888
198839428729409536
198839429585051648
198839429819940866
198839429383720962
198839429761208321
198839430302269441
198839430390349825
198839430272917504
198839429090115584
198839430151282690
198839431237599232
198839431581544450
198839431535398912
198839431468298240
198839431606706177
198839431900307456
198839431497654273
198839431770292224
198839432185520128
198839432059691009
198839432252633088
198839432261009408
198839432336510977
198839432680452096
198839432642691072
198839432755941377
198839432890155010
198839432709812224
198839432676245504
198839433166983169
198839433255067648
198839433418653697
198839433561260033
198839433766764544
198839433875832832
198839434093924354
198839434236526594
198839434345582592
198839434463035393
198839434471424002
198839434429464577
198839434857291778
198839434219761665
198839435113140225
198839434685317120
198839435134107649
198839434991501313
198839435285106688
198839435020873731
198839435599687680
198839436056858624
198839436237225984
198839436195278848
198839435847139328
198839436446928896
198839436593725441
198839436862164992
198839436769898496
198839437680066560
198839437591986177
198839437831049217
198839437294174208
198839438019801088
198839437449371648
198839438120456193
198839438212726784
198839438141427712
198839437973655552
198839438892212225
198839438573436928
198839439005454336
198839439135477760
198839439244525569
198839439332605952
198839439601053696
198839439638802432
198839439781412864
198839440192438272
198839440368599040
198839440733519875
198839439898836992
198839440913866753
198839441027121153
198839441123577857
198839441106796544
198839441740148736
198839438846078976
198839441295544321
198839441387814912
198839442021163008
198839442151194626
198839442167955457
198839441756925954
198839442360901632
198839442243452930
198839442453168130
198839442599972864
198839441685614594
198839443052969984
198839442545451008
198839441157144577
198839443313008640
198839443518529537
198839443380117505
198839443149426689
198839443761807363
198839443841495041
198839443577253888
198839443988287491
198839444189618177
198839444361584640
198839444671959042
198839444302860291
198839444290273280
198839444705513472
198839444420300800
198839444864905216
198839445103980545
198839444768440320
198839444692930561
198839445749903363
198839445158510593
198839445519208449
198839445913477122
198839446261612545
198839446278389761
198839445917675520
198839446530031616
198839446513270784
198839446471311360
198839446743957505
198839447352131584
198839447050129408
198839447717027840
198839447985463296
198839448081924096
198839447662505984
198839447775756289
198839448014823424
198839448216145921
198839448371335169
198839448090312704
198839448019017728
198839447616364544
198839446022520833
198839448660742145
198839448480382976
198839448304222208
198839449428299777
198839449449267200
198839449738686464
198839449344421889
198839449784819713
198839449914834944
198839450283950081
198839450325889024
198839450523017216
198839450216828929
198839450699169792
198839450564956161
198839450514620416
198839450967621633
198839451290574849
198839451068280832
198839451009564672
198839451269603328
198839451781300225
198839452242690049
198839452183957505
198839452347535360
198839452028776450
198839452779552768
198839453194788864
198839453182197761
198839451747753984
198839453463232512
198839453589061632
198839453232529408
198839453941374977
198839454134308864
198839454436302848
198839453882662912
198839455174496257
198839455170301953
198839455333892096
198839455262576640
198839455434539008
198839455480688640
198839455463915521
198839455392600065
198839455791058945
198839455119974401
198839455539408897
198839455950450688
198839455849787393
198839456172736512
198839455946248193
198839456197914624
198839455312920577
198839456575393792
198839456978042880
198839456382464001
198839456596377601
198839457351352321
198839457200345088
198839457573638144
198839458047594496
198839457753997312
198839458240540672
198839458274099200
198839458324418560
198839457942745089
198839457821106177
198839458966159361
198839458953572352
198839459167473664
198839459574329344
198839459582705666
198839459763077121
198839459708542976
198839460241223682
198839459997958145
198839460576772096
198839459905667074
198839460656447488
198839460803252224
198839460299931648
198839460811636736
198839460950056961
198839460425760769
198839461256249345
198839460534820865
198839461335928832
198839461667287040
198839461797306372
198839462275461120
198839462501945345
198839462560665600
198839462787153920
198839462799753216
198839462971711488
198839463114317824
198839463164645377
198839463395328000
198839463546331136
198839463667965952
198839464058032128
198839464078999553
198839464330661890
198839464179679232
198839464917864448
198839465098231808
198839463852515328
198839465706397696
198839465601531904
198839466255851522
198839466180345858
198839466205519872
198839466419429376
198839466004193281
198839466515906561
198839467254099970
198839467048566784
198839467656740864
198839467312816128
198839467522535424
198839467270881280
198839467933581312
198839464011894785
198839468017455104
198839466624946176
198839467539312641
198839467837112321
198839468080373760
198839468701138945
198839469166694400
198839469267365889
198839469879721984
198839470638899200
198839470945075200
198839471049945088
198839471683276800
198839470840229889
198839471838466048
198839471783936002
198839471876227074
198839471989469185
198839471653916672
198839471687479296
198839472169824256
198839472643772417
198839472379531264
198839473235169281
198839472190791680
198839473218387972
198839473834962945
198839474648662017
198839474464096256
198839472618606593
198839474552193025
198839475114225664
198839475852414976
198839475261026304
198839475894362112
198839475198115841
198839475554619392
198839472031412224
