198817078562652161
198817079170838529
198817078965317632
198817079456047106
198817079619616768
198817080047435777
198817080563347457
198817080211013632
198817081603526656
198817080819187712
198817081116995585
198817082316566529
198817082496913408
198817083021213696
198817083671314432
198817083633582080
198817084359184384
198817084539543554
198817083209940993
198817084153659392
198817084229169153
198817084719906817
198817083407077376
198817085831393280
198817085802037248
198817086313730048
198817086338891776
198817085751697409
198817086368260097
198817087689465857
198817086041100288
198817087815303168
198817087265841157
198817087869829122
198817086338908160
198817088301830144
198817088331190274
198817087727222785
198817088868073472
198817088318607360
198817088784171008
198817088851292160
198817089589485571
198817089685950465
198817089568522241
198817089807593472
198817090474487808
198817089581096961
198817090780676097
198817090851962881
198817090268962816
198817091527249922
198817092332560385
198817093095927808
198817089639825408
198817093649571840
198817093938974720
198817094119333890
198817094408744961
198817094958186496
198817094740099075
198817095520227328
198817095822221314
198817096040329216
198817096048709633
198817096430399491
198817096325545984
198817095625084929
198817096472346624
198817096459747328
198817096728182785
198817097055346690
198817097197948931
198817097638354945
198817098061987840
198817097457999873
198817097474777088
198817098502381568
198817098326228992
198817098795986945
198817098582081537
198817099177668610
198817098963746816
198817099450302464
198817099219615745
198817100289150976
198817100729556993
198817100930887680
198817100972826624
198817101279019008
198817101274820608
198817101652299777
198817102071734273
198817101564231681
198817102243708928
198817102403084288
198817102512140290
198817104256958464
198817104177278977
198817105238441986
198817105439760384
198817105880154113
198817106563829763
198817106681274368
198817106547048448
198817105896931331
198817106723213314
198817107641778176
198817107281063937
198817107641761792
198817107180400640
198817107159433216
198817107851489281
198817107847286785
198817107704684544
198817108245745666
198817108484833280
198817109919268865
198817109281742848
198817110300950528
198817110791692289
198817111815094273
198817112016433155
198817111601192960
198817111764762624
198817109608894464
198817112838520832
198817113526386689
198817114113585153
198817114109378561
198817114717552640
198817115204091904
198817115271208960
198817115506081793
198817115522871296
198817116143632384
198817116714045440
198817115959070720
198817116860854272
198817116995067904
198817116625960960
198817117716480001
198817117737451520
198817117846507520
198817118261743616
198817118697963521
198817118647631873
198817119318712321
198817119566172161
198817120010776576
198817119654252547
198817120157573120
198817120262422528
198817120782528512
198817120736395265
198817121340370945
198817122007269377
198817122137284611
198817122204385280
198817122602844162
198817122661576705
198817122930012161
198817122401517569
198817123089387520
198817124217651200
198817124167319554
198817125144596481
198817124569989120
198817125379481601
198817125501116416
198817125719224321
198817125052321793
198817125597593600
198817126444843010
198817126109298688
198817126864273409
198817126847496192
198817126876848129
198817127212400640
198817127292076033
198817126994288640
198817127514382336
198817127971553281
198817128260960257
198817128437133312
198817128072224769
198817128739127296
198817128797839360
198817128848171008
198817128990777344
198817127518580736
198817129552822273
198817129942884352
198817130110656512
198817130202935297
198817127564713984
198817130915971072
198817131117281280
198817130936938496
198817130416832512
198817131406692353
198817132329439233
198817132958597121
198817133193469952
198817133264769025
198817133654839296
198817133055066112
198817134434979842
198817134548221952
198817134334316545
198817135974285312
198817135995256832
198817136209170432
198817136985112578
198817137039650817
198817136733466625
198817137333256193
198817137475850240
198817138469912577
198817138931286016
198817138859978752
198817139342315520
198817140743208963
198817140688683008
198817140919377922
198817141171032064
198817141393338369
198817141926006784
198817142131523585
198817142232203264
198817142215413760
198817142177665025
198817142504820736
198817142899097600
198817143129776128
198817144161570816
198817144274829312
198817144966885378
198817145029791745
198817143888936962
198817145491173376
198817145549885440
198817145797345280
198817145122070528
198817146124517377
198817146267107328
198817146049007618
198817146392940544
198817147378606082
198817146736877570
198817147428937728
198817147764486144
198817148066480128
198817147311489025
198817148364267521
198817148196487169
198817148607533057
198817148712390657
198817149396074496
198817149622562817
198817149316370434
198817150926991361
198817150314622978
198817151145082882
198817151166066689
198817151405142016
198817151782633472
198817152579534848
198817152680206339
198817152898301952
198817153011560448
198817150759215104
198817153066078209
198817153284182018
198817153883975681
198817154047541249
198817154349547521
198817154672504833
198817154966093824
198817155058368512
198817154886418433
198817155968544768
198817156111138816
198817156450881537
198817156828372993
198817157235228672
198817158006980608
198817158090854401
198817158116016128
198817158065688576
198817158493511681
198817157457526785
198817158518669312
198817159416258560
198817159877623808
198817160397729792
198817160276099073
198817161089794048
198817161081397249
198817161614073856
198817161588903937
198817161312092162
198817161840574465
198817162427764737
198817162658447360
198817162662649857
198817162146758656
198817162285166592
198817163807686657
198817162666852352
198817164264873984
198817165569302528
198817165669969922
198817165611237377
198817165703528450
198817164717854721
198817165984546817
198817166349434880
198817166781448192
198817166341062656
198817167779696640
198817167922311168
198817164931764224
198817168077488128
198817168064913408
198817168127832065
198817169188982785
198817169981718529
198817168849244161
198817169390309376
198817169671323648
198817170598277120
198817170875105280
198817170929618944
198817170732490752
198817170921238530
198817171164508161
198817170451468288
198817171831394304
198817172225667072
198817172204683264
198817172221472769
198817172271808514
198817172372459522
198817172305346560
198817172879966208
198817173110661120
198817173148409857
198817172494094337
198817173311979520
198817173496537088
198817173739798528
198817173819506688
198817173462974465
198817175153295361
198817174637379584
198817176768098304
198817177124605953
198817177321750528
198817177703424000
198817177778925569
198817177934118912
198817178127052801
198817178311606272
198817178051555329
198817177858613248
198817177971859457
198817178227720192
198817178957529088
198817179414708226
198817179473416192
198817179859292160
198817180316475392
198817180412952576
198817180593295360
198817180819800066
198817181344071682
198817181524434944
198817181650264064
198817181746724864
198817181935472644
198817182040326144
198817182241652736
198817182304579584
198817182711418882
198817182837256193
198817182380081152
198817183042781184
198817183319588865
198817183579643906
198817184452067328
198817184523358211
198817184628215808
198817184313643008
198817184598867970
198817184749846528
198817184921812992
198817185576128514
198817185806811136
198817185869725697
198817185785839616
198817185248976896
198817186138161153
198817185605484545
198817186188509185
198817185928445952
198817186188492800
198817186545020928
198817186339491840
198817186356281345
198817187266441222
198817187933339648
198817187748773888
198817188524736512
198817188042379264
198817189015453696
198817188717658112
198817188264685568
198817189258739712
198817188965122049
198817189770444801
198817189241958400
198817190626070528
198817190827393025
198817187765559296
198817192249278464
198817192396079104
198817191934693377
198817192517709825
198817192861630465
198817193121689600
198817193033613312
198817193234923522
198817193704693760
198817193918607360
198817194153476096
198817193566277632
198817194556133379
198817195223040003
198817194577113089
198817194883293184
198817195101392897
198817196015747073
198817196498096128
198817197353746433
198817197517307904
198817198704300034
198817198872084480
198817199295705091
198817199559933952
198817200910503936
198817201522880514
198817201585795072
198817201820680192
198817202781171714
198817199517999108
198817202697285632
198817203158659072
198817203137687552
198817202919583745
198817203473235968
198817203884269568
198817203930406912
198817204295303172
198817204693762048
198817204744097792
198817204869935105
198817203976552448
198817205335498753
198817205205475328
198817205532639234
198817206115643392
198817206077890561
198817207231315968
198817207524917249
198817207482986496
198817207550087170
198817207638163457
198817209311703040
198817209328484352
198817210569994240
198817210486112256
198817210574180352
198817211173965824
198817211517894657
198817211677294592
198817212021219328
198817211945717760
198817211752775680
198817212126081026
198817212818137088
198817213531176960
198817213719904257
198817213967368194
198817214432944128
198817216135839745
198817216081301504
198817217364758528
198817217322823681
198817218430107648
198817219310915585
198817219675815937
198817219847786496
198817219986206720
198817219570974720
198817220531458048
198817220560826368
198817221055754241
198817221206753281
198817220850229248
198817220451770370
198817222557315072
198817222800572416
198817223089991682
198817223136129024
198817223551369216
198817222800576512
198817223949828098
198817224180514816
198817224620916736
198817224054673408
198817225619156998
198817225640116224
198817225870815233
198817226030198785
198817226088914946
198817225556230144
198817226403483648
198817227120713728
198817226747416578
198817227506589697
198817228177686529
198817228181876736
198817228114759681
198817228626464768
198817228613890049
198817228479668225
198817228936855553
198817228769079296
198817229083652096
198817229712793600
198817228580327424
198817230903975936
198817230966894592
198817230958501888
198817231222734848
198817231491178497
198817230979465216
198817230102859778
198817231105302528
198817232145498113
198817233097596928
198817232879501312
198817233282154496
198817233546395648
198817233848373248
198817234162958336
198817233802231810
198817234527846402
198817234670460928
198817234435584001
198817234632716288
198817234729189377
198817235589009408
198817235983269889
198817236402716672
198817236226551808
198817237371600897
198817237900083200
198817238109782016
198817239158370306
198817239099650049
198817239363887104
198817239640711168
198817239686856704
198817239686840320
198817239498113024
198817239267409922
198817239661682688
198817240869646337
198817240945143809
198817239330336769
198817241087754240
198817241159049217
198817241385545728
198817241599447040
198817241456852993
198817242203430912
198817242501234688
198817240051761155
198817243507867650
198817244631937025
198817245403676672
198817245760192512
198817246653583360
198817246787813377
198817246800379904
198817246812971010
198817246645207040
198817247362416641
198817248545226753
198817249182760960
198817249446989825
198817249543471105
198817250168422400
198817250084524033
198817250646568961
198817250529128449
198817250575265793
198817250449436673
198817250646568960
198817250671726592
198817251317653505
198817251074383873
198817251745480705
198817251544154115
198817252756299776
198817253091835904
198817254819893248
198817255037997056
198817255180611584
198817255507763200
198817256170459137
198817255126089730
198817256740888576
198817257382617092
198817258221473792
198817258867400704
198817258359885824
198817257516830720
198817260213768193
198817260356374528
198817260461240320
198817260616417280
198817260729663490
198817260775800832
198817260624822274
198817261853745152
198817261732110336
198817262340284416
198817262797471745
198817263195922433
198817263409831936
198817263741173760
198817263858614272
198817264424853504
198817264789766144
198817264676515842
198817267679633409
198817267906134017
198817267922907136
198817267172114432
198817267813855233
198817267843207168
198817268317167616
198817268744982528
198817268791115776
198817268724023296
198817268786921475
198817268904361985
198817270259130368
198817270267518976
198817270301069312
198817271039262720
198817270221389825
198817270900858880
198817271202852866
198817271467081728
198817272519860224
198817271936856066
198817272645681152
198817272956067840
198817274000449536
198817275552342018
198817275170656256
198817276697378816
198817276533809153
198817277452369921
198817277477531649
198817276911296512
198817277997617152
198817278538694656
198817278832279552
198817279302045696
198817277494312960
198817280023478273
198817279817957376
198817280535179264
198817280237383681
198817278400282624
198817280874913792
198817281046880257
198817281277562881
198817281944465408
198817282212900867
198817281843793920
198817282590392322
198817283320188928
198817282997235713
198817283651547138
198817283714461699
198817283718643713
198817283848675328
198817284704317440
198817286260396032
198817286407200768
198817286780485633
198817287111852032
198817287082483712
198817287740981248
198817288185577473
198817287925542913
198817288445640705
198817288370126848
198817287959101441
198817288655347712
198817288709865473
198817289137696769
198817289611640832
198817289519374337
198817289573896193
198817290240794624
198817290471473152
198817290895114241
198817290756689920
198817290878320640
198817291901739008
198817292392476673
198817292581212160
198817292321169409
198817292329566209
198817292044353536
198817293143261185
198817293336199168
198817293269082112
198817293134868481
198817293839503364
198817292946116611
198817294305079296
198817294305075200
198817294418313217
198817294959394816
198817294498009088
198817294812581888
198817295043268609
198817296125411328
198817295714357251
198817296511283200
198817297194954754
198817297635352576
198817298285465600
198817297861844995
198817299455676416
198817299627655170
198817299170463746
198817299304677378
198817299812188160
198817300076433410
198817300680421376
198817300772700162
198817301422809089
198817301842231296
198817301066293250
198817302316204032
198817301989036032
198817302282645504
198817302685286400
198817302903394308
198817303461232641
198817303188615168
198817303691919361
198817304505614338
198817305239633920
198817305285754880
198817305755521025
198817307592638468
198817305164120064
198817308242747394
198817306992840704
198817308427296768
198817307164807171
198817309995958272
198817309891100672
198817310251814913
198817309949833218
198817309618487297
198817311149408258
198817309501030401
198817311304581121
198817311073902594
198817311795331072
198817311610773504
198817312093114368
198817312625803266
198817312680316928
198817313296883713
198817313175257088
198817313997336576
198817314139934720
198817314093809664
198817315125592064
198817315578576898
198817314550972416
198817315708600320
198817316207730688
198817316119646209
198817317172420608
198817317667352577
198817318145507328
198817318611075072
198817318829162496
198817319449935872
198817319856779264
198817319911301120
198817320704028672
198817320959885314
198817320976658433
198817321026981888
198817320922124288
198817321068929024
198817321068937216
198817321186369537
198817321714843648
198817321333166080
198817322532741120
198817321261862912
198817322935390210
198817324046888960
198817324969627648
198817326165004289
198817325691052032
198817326768992256
198817326932574209
198817326735437825
198817327079370752
198817327565910016
198817327733682176
198817327645589504
198817327897255937
198817328434126848
198817327733669888
198817328727728129
198817329583362048
198817329973440512
