198807012409217026
198807012946096128
198807012384051200
198807013214519297
198807013474582530
198807013562662912
198807013227106306
198807014078558208
198807014695116801
198807014317633536
198807014636400641
198807014401515520
198807013772374016
198807014833528832
198807015005487104
198807015529775105
198807015370407936
198807015466864640
198807015299104768
198807016079237120
198807016087617536
198807016343482368
198807016557383680
198807016020516864
198807015848554497
198807017102647296
198807017194917888
198807017526267904
198807017677258752
198807017035546625
198807018449027073
198807018209943554
198807017962471427
198807018222526464
198807018751000577
198807018822316032
198807018826514434
198807017295593472
198807018256089088
198807018981699584
198807019464040448
198807017706622976
198807017488519169
198807017417216002
198807019673759744
198807018482573312
198807019346599938
198807019828948992
198807019266916352
198807019132682241
198807017933115392
198807020550369280
198807020701368320
198807020760076288
198807020223205376
198807020525199360
198807021053685760
198807021062070272
198807020726517760
198807021359857664
198807020982370305
198807021124980736
198807020873334786
198807016658042882
198807021213073408
198807021464719361
198807021842219008
198807021829627904
198807022014173188
198807021955452929
198807022114848768
198807022194524160
198807022462963712
198807022827864064
198807022580400128
198807022748184576
198807022483935233
198807023272472576
198807022538473472
198807023184388098
198807023838695424
198807023901622273
198807023876444160
198807024048422912
198807024010661888
198807024232955906
198807025034067969
198807022647513088
198807025424154624
198807025751310337
198807026015543296
198807025872928768
198807025944236032
198807026292375553
198807025793245184
198807026871173120
198807026783105024
198807026984431618
198807026355277824
198807027617767425
198807025952628737
198807027101859840
198807027768762369
198807027936542721
198807027202539520
198807027999449088
198807028100108291
198807028200779779
198807028204965888
198807029148692481
198807029450678272
198807028741836802
198807029710721025
198807029790416896
198807029811396608
198807029660397568
198807030063046656
198807030360842240
198807030486679552
198807030566367232
198807030084009984
198807030625079298
198807030629269506
198807030390198272
198807027533877249
198807031447166976
198807031212290048
198807032176975872
198807032340545536
198807032302796802
198807032353136640
198807032432824320
198807033124884481
198807032650924032
198807033233932289
198807033510768640
198807033426882560
198807032734814211
198807033909219328
198807033456234498
198807032361529344
198807033988915200
198807034429317120
198807033787592705
198807034488037376
198807034014081024
198807035003944961
198807035029110784
198807034886496257
198807035041685505
198807035389816833
198807035712778241
198807033347194881
198807037000417283
198807036388048897
198807037155606530
198807037625368576
198807037507936256
198807037021388800
198807038040616960
198807037952528385
198807037432442880
198807037474373632
198807038325817347
198807038472617985
198807037663117312
198807038569095170
198807038657171456
198807038686539777
198807038925619202
198807038791401474
198807038816567298
198807039219204099
198807039286317057
198807038975946752
198807039772856322
198807039907082240
198807039940640771
198807038787207170
198807040381026305
198807040435552258
198807040422969346
198807040892735489
198807041349910530
198807041400250368
198807040943067136
198807040519450624
198807041538654209
198807041660297217
198807042071343104
198807042251689986
198807042318811137
198807042176188416
198807041748377600
198807042457206787
198807042192977920
198807042490765312
198807042897620993
198807042260086785
198807041907757056
198807042918588417
198807043224780800
198807043216375808
198807043317047298
198807043799396352
198807043879084033
198807043279290368
198807043937804288
198807044055248896
198807043883270145
198807043665178624
198807043048615936
198807044109778944
198807044457889792
198807044000722945
198807044390793217
198807045011550209
198807045229641731
198807045162545152
198807045288361984
198807045342892033
198807045640687616
198807045615534080
198807045850411008
198807045892354048
198807045774905345
198807045867180032
198807046185947136
198807046425018369
198807046353727488
198807046479552515
198807046781546496
198807046810910721
198807046966087681
198807047108689921
198807047221948419
198807047150632960
198807047477800960
198807047779786753
198807047754616832
198807048140492800
198807047943364608
198807048337629187
198807048731897856
198807048794812417
198807048685748225
198807049264570368
198807049314906112
198807049369432065
198807049847586816
198807049801449473
198807050539630593
198807050036330498
198807050619338753
198807050648686592
198807050350903296
198807051017789440
198807051219120131
198807050770329600
198807051688873986
198807051097489408
198807052016033792
198807052041203712
198807051764379648
198807052011835392
198807049939853313
198807052179619840
198807052154437632
198807051923759104
198807052787777537
198807052888457216
198807052804558849
198807053014269954
198807053274329089
198807053374992384
198807052871671809
198807053475655681
198807053484044288
198807053081387008
198807053274320896
198807053584703488
198807054067044352
198807053999935489
198807054318702593
198807053886685185
198807054515843072
198807054754922496
198807054721363968
198807054180294656
198807054763302915
198807054838796288
198807054473891840
198807055249846272
198807054859767809
198807055660892164
198807055795097602
198807055920926720
198807055975456768
198807055912542209
198807055455367170
198807056130637827
198807055807684608
198807056248086528
198807053605679104
198807056529100801
198807056550080512
198807056571056128
198807056927555584
198807056675913728
198807057170825216
198807056319393792
198807057586065408
198807057586069505
198807057581875202
198807058261356544
198807058143911937
198807058508808192
198807058815004673
198807059096014849
198807059297337344
198807059318317056
198807059469307905
198807059515441152
198807059238629376
198807059439955970
198807059834224641
198807060215898114
198807060366888962
198807060400443393
198807060584996864
198807060597575680
198807061084119040
198807061012824066
198807061432250368
198807061369339904
198807061809737729
198807061977501696
198807062052999168
198807061461602305
198807061868453889
198807062032031744
198807061876850688
198807063160295424
198807063055450112
198807062602452992
198807063118348288
198807062715711488
198807063281934336
198807063458095106
198807063420350465
198807063298719744
198807063579725824
198807063651041280
198807063609094145
198807063802028032
198807063495852032
198807064221454336
198807064435363840
198807064477319169
198807064481513472
198807064485699586
198807064468922368
198807064921907201
198807064410206210
198807065001607168
198807064858984448
198807064351481856
198807065332957184
198807065853050880
198807065395863554
198807066230534145
198807066507358209
198807066507362304
198807066847084544
198807066746437632
198807066800947200
198807067371380736
198807066624802817
198807067711127554
198807067543347201
198807067987939328
198807068201844736
198807068017303553
198807068172488706
198807067639808000
198807068172484609
198807068579348480
198807068646453250
198807069170737152
198807069204283394
198807069619527680
198807069699227648
198807066654154754
198807069636308993
198807070168973313
198807069569204224
198807070483558401
198807070508720128
198807070714241025
198807070802321408
198807070882021377
198807070923956224
198807070974283778
198807070538084354
198807070647140354
198807067799199744
198807070403866624
198807071582470146
198807071636987905
198807071339188224
198807071578267649
198807071125286913
198807071586648064
198807072186445824
198807072370991105
198807072379371520
198807072672980993
198807072576507905
198807073117573120
198807073360846848
198807073457315840
198807070592598016
198807073696382976
198807073566363648
198807073788674048
198807073650245633
198807073822224385
198807073893515265
198807073759309824
198807074006769670
198807074166161408
198807073461501953
198807073721561088
198807074006777858
198807074531061762
198807074434588672
198807074686238720
198807075118264320
198807075302813696
198807071980929024
198807072941412353
198807075655122944
198807075588018177
198807076431073282
198807076896653312
198807077261545472
198807077219606529
198807077186048002
198807077878108160
198807078100418561
198807078222053376
198807078238814208
198807078259785730
198807077911658498
198807078561775618
198807078222049281
198807078733754368
198807079039942656
198807079044120577
198807079413219328
198807079056707584
198807079316762624
198807079572602880
198807080243695616
198807080579235840
198807080692498433
198807080721858560
198807079912345601
198807080784769024
198807080927371264
198807080931565569
198807081300660224
198807081346797568
198807081585868801
198807081883676672
198807081984327681
198807081837531137
198807083104223233
198807083146158081
198807082978394114
198807083230040064
198807081946595328
198807083670441986
198807083808854016
198807083838218240
198807083934691328
198807083498471424
198807083934695426
198807084651909121
198807084727414785
198807084396052480
198807084739997697
198807085125873665
198807085318815745
198807085243314176
198807085276872704
198807084995842049
198807085738237952
198807085859868673
198807085847293953
198807084249264129
198807085792763904
198807085796966401
198807086224785409
198807086279294978
198807086317051904
198807086614843392
198807086619049989
198807086988132352
198807087545987073
198807087764086784
198807088137388032
198807088338698241
198807088250621953
198807088384835585
198807088779112449
198807088766525442
198807088942682114
198807089181753344
198807088921722880
198807089043345408
198807088531640320
198807089445998594
198807089466974208
198807089571823617
198807089475366913
198807088925913089
198807089747996673
198807089764769792
198807089613774848
198807090138062848
198807090079338498
198807090557489152
198807090649776128
198807087130742786
198807090423271426
198807091085975552
198807091312476161
198807091136315392
198807091933229056
198807092373635072
198807092298121216
198807092545593345
198807092465897472
198807092818227200
198807092147138561
198807093095051264
198807093258625028
198807093451554816
198807093418004481
198807093711618049
198807094399483906
198807094378508288
198807094642737152
198807094437224448
198807094894403584
198807094818906112
198807094948925442
198807094483365888
198807095464820737
198807095334797312
198807095380946944
198807095787786240
198807095821348864
198807095779397634
198807096496627712
198807096110751745
198807096702156801
198807096765054976
198807097503252480
198807097700388864
198807097507446784
198807097926893568
198807097725554688
198807097708773376
198807094797930497
198807098035937282
198807098363084800
198807098321158145
198807098472136706
198807098576998401
198807098690248704
198807098748968960
198807098136608768
198807098904166402
198807098996432896
198807099097092096
198807099084505088
198807099050954753
198807099101294594
198807099579449348
198807099692687361
198807099789160448
198807099629764609
198807100229558272
198807100284080128
198807100443467776
198807100607053824
198807100095340544
198807100313440257
198807100309254146
198807100783202304
198807101152309248
198807098371481600
198807101492051968
198807101710139392
198807101563346944
198807101684985860
198807101529800704
198807102012133377
198807102125375489
198807102188298240
198807102213472256
198807101290721282
198807102561591296
198807102666448898
198807102477709313
198807102683222018
198807102741938177
198807102456733696
198807102846808064
198807102871969794
198807102179909634
198807102804852736
198807102985211905
198807103278825473
198807103530483712
198807103564038145
198807103375294464
198807103148793857
198807104268681216
198807105078177792
198807104402894848
198807105094946816
198807105237553152
198807105191415811
198807104881045505
198807105573101570
198807105669566465
198807106076422146
198807106848169986
198807106227408896
198807107116609537
198807106357436417
198807107087249409
198807107045298178
198807107255025667
198807107137581056
198807107393437696
198807107036905473
198807107741560832
198807107997401088
198807108064509952
198807108337152001
198807107955458049
198807108530089985
198807108257452032
198807108588810243
198807108655915008
198807108538482690
198807107934490624
198807109004038144
198807109364756482
198807108890787840
198807109045985283
198807109171810305
198807109326999552
198807109784174592
198807109809356800
198807109985505280
198807110107148289
198807110199427073
198807110081974273
198807109847101441
198807110216192001
198807110421716993
198807110488817664
198807110291697665
198807110912450563
198807110337835008
198807110564331520
198807110518181888
198807111101202433
198807111164100608
198807110979555328
198807111663230976
198807111990394880
198807110866321409
198807111319298048
198807110828560386
198807112153972737
198807108098068480
198807112132993026
198807111851982849
198807112485310465
198807112615333888
198807113248677888
198807113244479489
198807109935169536
198807112992825346
198807113022185473
198807113370320896
198807113517105152
198807113684889602
198807113978494976
198807113777160192
198807114213371904
198807114716676096
198807114712498177
198807114951561218
198807114595041280
198807115157086208
198807115236777984
198807115366797312
198807115677184002
198807115668791296
198807115765264384
198807116084019201
198807116046278656
198807116373434368
198807116490878977
198807116260179968
198807116008529920
198807116792860674
198807116599918593
198807116859973632
198807116985802753
198807117082279938
198807117132607488
198807117229068290
198807117329727488
198807117665284097
198807117371674624
198807118034370560
198807117593985024
198807118218932226
198807118378303490
198807117673672706
198807115035451392
198807118076317696
198807119091339266
198807119212969984
198807118919376897
198807119313637377
198807119636611072
198807119733075968
198807119271694337
198807119879872513
198807117048709120
198807118713856001
198807119552720896
198807120626466818
198807118881624065
198807120911663105
198807119653388288
198807120362225664
198807121201078273
198807121171726336
198807121033302016
198807121272373248
198807121691811840
198807121477894146
198807121981222912
198807122086072320
198807122438397952
198807119758241792
198807122740387846
198807122748768257
198807122815881217
198807122987855873
198807122979467265
198807123109486595
198807123315003392
198807123029803008
198807123998674944
198807124225179650
198807124330024961
198807123709280256
198807124611039232
198807124707524608
198807124816564224
198807125051453441
198807125617676288
198807125726728194
198807126058078208
198807126141960192
198807127266045952
198807126498480128
198807127471566848
198807127618355200
198807127077306368
198807127576420353
198807127559639041
198807127698063361
198807128339775488
198807128402694145
198807128427872256
198807128612421634
198807129027641345
198807129082167300
198807128650166272
198807129182838786
198807129358991360
198807129434488834
198807129228984320
198807128847290369
198807130197864448
198807130269167617
198807130483077121
198807130411769856
198807130789253121
198807130957029378
198807130944438273
198807130940248064
198807131321929728
198807131204485120
198807131028328448
198807131498090496
198807131825258496
198807132030779392
198807132630548482
198807132332761088
198807132794126337
198807132563443712
198807132102070273
198807133318430720
198807133414895616
198807133406498818
198807133528137728
198807133238726658
198807134358601728
198807134476042240
198807133880451072
198807134903861248
198807134996140034
198807135109386240
198807135088414722
198807134924845057
198807135474286592
198807135713366016
198807135444930560
198807136061489152
198807136627724288
198807133763010560
198807136619335680
198807136116023296
198807136774537216
198807136636116993
198807137441415169
198807137110073347
198807137881833472
198807137818910720
198807137852465152
198807137898594304
198807137307205633
198807138326413313
198807138498387968
198807138603237377
198807138775203842
198807138884268032
198807137886023681
198807139114958852
198807139156889601
198807139203031040
198807139324665856
198807139995750402
198807139823779840
198807139576328195
198807140083843074
198807139991556096
198807140100612096
198807139748290562
198807140486483968
198807140205469696
198807140113190912
198807141052710913
198807141417615360
198807140574560256
198807141337935873
198807141614759937
198807142025797632
198807142097100800
198807142180978689
198807142399094784
198807142587826177
198807142508142594
198807143057588225
198807143019851778
198807142600417281
198807142352953344
198807143535747072
198807143544131586
198807143586078722
198807143695126530
198807143988723714
198807143498006528
198807144240386049
198807144378798081
198807143732871168
198807143602860032
198807144278142978
198807144852750336
198807144949227521
198807144454295552
198807144089403393
198807145012137984
198807143875493888
198807145691627521
198807145645490177
198807145549008898
198807145389633536
198807145955864576
198807146031362048
198807146190741506
198807146173956096
198807146345926656
198807145507069954
198807146543067137
198807145926496258
198807146748583937
198807146631147520
198807146970877952
198807147247702017
198807147339984896
198807146761162752
198807147465809920
198807147524521984
198807147142840320
198807147486789632
198807147906220032
198807147990089728
198807147683909632
198807147423862784
198807148162064384
198807148275302400
198807148338233344
198807148250144768
198807148011065346
198807148157878274
198807147897827328
198807147788771331
198807148849926144
198807149516832768
198807149676212224
198807149533601792
198807149776863232
198807149755891713
198807149558771712
198807149474881536
198807149420359681
198807149969813504
198807149751697408
198807150062080000
198807150431186944
198807147457429506
198807150708006912
198807150712193024
198807151119040512
198807150804484096
198807151639138306
198807151710437376
198807151999860736
198807152255700992
198807152247308288
198807152700293120
198807153069391873
198807153144893441
198807153279111168
198807153564323840
198807153836961792
198807153639829505
198807153996341248
198807154071842816
198807154193469441
198807154017320961
198807154583552000
198807153987944449
198807154654846976
198807154633871360
198807154763902978
198807154369630208
198807155497902081
198807155514687490
198807155984433152
198807155829252097
198807155846025216
198807156068331520
198807156018003969
198807156332564480
198807156391292929
198807156353536000
198807156559052800
198807157133676544
198807157439860737
198807157620228099
198807157985124352
198807157490188289
198807157741846528
198807158169673728
198807157888663553
198807157926408192
198807158006104066
198807158635249664
198807158941429761
198807159276965888
198807159352459264
198807159524438017
198807159671242752
198807157045596161
198807159637688320
198807159088218113
198807159604129792
198807157427286016
198807160057114626
198807159587340288
198807159759306752
198807160367497216
198807160476545026
198807160107446274
198807160719806464
198807160661098496
198807160879194115
198807160975654912
198807159700586496
198807160073891840
198807160971476992
198807161160216578
198807161336381440
198807161323798529
198807161705467906
198807162053591040
198807162171031553
198807162179436544
198807162833731585
198807162770833409
198807161990692864
198807162888273921
198807163089588225
198807163106377731
198807163064430594
198807163311886337
198807163383197697
198807162762428416
198807164289171456
198807163982983170
198807164414984193
198807164486287364
198807160929529856
198807164662460416
198807164826030081
198807164264001536
198807165253844992
198807165379678208
198807164893147136
198807165719429120
198807165769748480
198807166122065920
198807166239522816
198807166856069121
198807167179042816
198807167569100801
198807167820763136
198807167803998209
198807167644602369
198807167204204544
198807168915476480
198807169045499906
198807169087447043
198807168944832512
198807169162944512
198807168856752130
198807169372667904
198807169985036288
198807170186358785
198807168600915968
198807170240876545
198807170417033216
198807170463178752
198807170794528768
198807171079745537
198807171159429121
198807171520147456
198807172052828161
198807172195426306
198807172224786433
198807171989913600
198807172254154753
198807172593889280
198807172434493441
198807172690358272
198807172648407040
198807173197860864
198807173105598464
198807173898309633
198807174032535552
198807174447771648
198807174057689088
198807174619742208
198807173881536513
198807174842036224
198807174221283331
198807175227899904
198807175311794178
198807174972059649
198807175630565376
198807175307608065
198807176133881857
198807176200994817
198807175332761600
198807176154849282
198807176410705920
198807176343592961
198807176846905346
198807177358606338
198807177517989888
198807177325051905
198807178063265793
198807177815801856
198807175164985345
198807178000347138
198807178075832320
198807177727709184
198807178222649344
198807178688212992
198807178646261760
198807178184888320
198807178986012673
198807179342528512
198807179405438976
198807179657101312
198807179606753282
198807180357545986
198807180252692480
198807179686453248
198807179690643456
198807180248489984
198807179879395329
198807180487557122
198807180919586817
198807181016051713
198807180726648832
198807180974096385
198807181175427072
198807181330612225
198807180923764736
198807181154467840
198807181418704897
198807181951377409
198807181246726145
198807181213171712
198807182014296064
198807182446313472
198807182446305280
198807181804584961
198807181888454658
198807182588915712
198807182173679620
198807182383398912
198807183012540418
198807183150956545
198807183352283136
198807183633297409
198807183058669570
198807184027549696
198807184157577216
198807184392454145
198807184346320896
198807184715423745
198807185147428866
198807185009020928
198807185411686401
198807184669290496
198807185625587713
198807185801740288
198807186112135168
198807185596223489
198807186208587776
198807185956937729
198807186665783297
198807186758057984
198807186468634624
198807186930016256
198807186963566592
198807186871291905
198807187462692865
198807187466878976
198807187521409026
198807187504644096
198807187513016320
198807187840180224
198807187982794752
198807187986989058
198807187957612545
198807188603535361
198807188209270785
198807188888760321
198807188897153024
198807189287215105
198807189446602752
198807189501116418
198807189635342336
198807189765373953
198807190113497088
198807190319013888
198807190541316097
198807190633594883
198807190902018049
198807190453231618
198807191162077184
198807191283703810
198807190822338560
198807191543758848
198807191564722176
198807191174647809
198807191673778178
198807191820578816
198807192386813953
198807192554582017
198807189874425859
198807192705572865
198807193276006400
198807193607344129
198807193875791873
198807193259229185
198807193619935235
198807194093895680
198807194068717568
198807194584616960
198807194827894784
198807195222151169
198807195591262208
198807195675136000
198807196115533825
198807196425912320
198807196358811649
198807196673376257
198807196279123968
198807197185081345
198807197227040768
198807197218635777
198807197826822144
198807197730353153
198807197902315520
198807197835210752
198807197831020544
198807197176709121
198807197940056065
198807198179131393
198807197986209793
198807198393044992
198807198338514947
198807198560829441
198807198820872193
198807199127048192
198807199210930176
198807199420653568
198807199693287425
198807199823310849
198807200045600768
198807200091746304
198807200020447232
198807199764586496
198807200691523584
198807200666353665
198807201048043522
198807201291317248
198807201513615362
198807201677180928
198807201660416000
198807201727512576
198807201400369152
198807202591547393
198807202931290113
198807202977415168
198807202218246147
198807202784485377
198807203338129408
198807202667044864
198807202914504704
198807203921145857
198807203895980032
198807204101492738
198807204525121539
198807204625780736
198807204864856064
198807204588036096
198807205187829763
198807205288476673
198807205410127872
198807205078773761
198807205733072899
198807205569499136
198807206169296897
198807205795987456
198807206190260224
198807202042101761
198807206085398528
198807206345453569
198807207356284928
198807206555160577
198807203883397120
198807207947681793
198807208312578048
198807208379686912
198807208123842560
198807208669089792
198807208316764160
198807208585203713
198807208681684992
198807208744591360
198807208887189505
198807208656502784
198807208786542594
198807208815886338
198807209247899648
198807209499566081
198807209432453123
198807209679917059
198807209356959745
198807208945913856
198807210250338304
198807206232195072
198807210401341440
198807210497814529
198807211424759808
198807211915481088
198807211894509569
198807212066471938
198807212083261440
198807211630272513
198807212213280768
198807212536250370
198807212666261504
198807212532043776
198807212917927936
198807212796293120
198807213077311488
198807212779515904
198807213614186497
198807213589008386
198807213467385856
198807214213971968
198807213547061248
198807214440456192
198807214742454274
198807214843101185
198807215111553025
198807215442903041
198807215526780930
198807215707127810
198807215698739201
198807215786831872
198807216038490112
198807216122376192
198807216386613248
198807215883292675
198807216445329408
198807216105594881
198807216663433216
198807216919298049
198807215442903042
198807217854615552
198807217858818050
198807217917526017
198807217917538306
198807218173378560
198807218307608576
198807218525712384
198807218592821251
198807217883987968
198807218794139648
198807218886426628
198807218940952576
198807219024834560
198807219029024769
198807218899005440
198807219091947521
198807218718642176
198807218374717440
198807219003863040
198807218882228226
198807219528142848
198807219767222274
198807219939192832
198807218550865920
198807220216004608
198807220526399488
198807220236976129
198807219758833664
198807221218459649
198807220945817600
198807221365248000
198807221155528704
198807220635439104
198807221415579651
198807221377826818
198807221751132160
198807221491073025
198807221876953088
198807218752208897
198807221755318273
198807221809856512
198807221876957185
198807222334136322
198807216042672128
198807222485131264
198807223198154753
198807222996840448
198807223571464193
198807223630184450
198807221608521728
198807223114285056
198807223802134528
198807224095735808
198807224490016770
198807224800391168
198807224691326978
198807225014304768
198807224955584514
198807225253380098
198807225517617152
198807225584713728
198807225677000704
198807225349840896
198807225844768768
198807224057991168
198807226192896001
198807226461323265
198807226553597952
198807226071257088
198807226960461824
198807227069505536
198807227484733441
198807227778334722
198807228269080579
198807228441047042
198807228201967616
198807228722069507
198807228743041024
198807228625596416
198807228952748032
198807228961128448
198807229149888512
198807229191823360
198807228659150848
198807229669965824
198807229741268993
198807229783212033
198807229917442048
198807229909053440
198807229477044224
198807229804183552
198807230043267073
198807230093606912
198807230039068672
198807230127161344
198807230013911041
198807230542389250
198807230135537664
198807230961819650
198807231003758594
198807231762927616
198807232253661184
198807232085897217
198807232434012160
198807230433341440
198807231775518723
198807232463372288
198807232375296000
198807233360965633
198807233188986882
198807232668897280
198807233981726721
198807233931378688
198807234254340096
198807234656993280
198807234745085952
198807235080630273
198807235072237568
198807234791227395
198807234682167296
198807235474898944
198807235516841985
198807235651047424
198807236317937664
198807236250832896
198807236603162624
198807236594765824
198807236569608192
198807237060341760
198807237219713025
198807237144223744
198807237353943041
198807237429440515
198807237316186113
198807237634949120
198807236976443392
198807237748207616
198807237672710144
198807238079561728
198807238595444737
198807237836275712
198807239115538433
198807239446892544
198807239543361538
198807239518191616
198807240394817538
198807239925039104
198807240956846081
198807240977825792
198807240835203072
198807240222834688
198807241573408770
198807241342717953
198807241653104642
198807241841840128
198807240759709696
198807242219339777
198807242387095552
198807242546495488
198807242923974656
198807243095937024
198807243678949378
198807243154661376
198807243842531328
198807243909636096
198807244417142784
198807244417146881
198807244345839617
198807244639436800
198807244681388034
198807244291325952
198807244299710464
198807245105020929
198807245042106369
198807244744306688
198807245503463424
198807245344092160
198807246262644736
198807246463967232
198807246413643776
198807247462211584
198807247420276736
198807247487373312
198807247051165696
198807247734833152
198807247709679616
198807247806136321
198807248171057152
198807248494006272
198807248334630912
198807248645013504
198807248926015488
198807248988934146
198807245595746304
198807245729959939
198807249223823360
198807249303519233
198807249458700288
198807250008158209
198807250075271168
198807250138173442
198807250087837697
198807250297561088
198807250394025986
198807249727131648
198807249542578179
198807250716999681
198807251505528832
198807251031564288
198807251618775042
198807251677491202
198807251790725122
198807251727810563
198807251971088384
198807252629590016
198807249605492737
198807253074190337
198807253246152704
198807252235329536
198807253694939136
198807254009524225
198807254118572035
198807254206648320
198807254231822336
198807253980168193
198807253766258691
198807254605107201
198807254911303681
198807255007760384
198807255066480641
198807254928068608
198807251992068097
198807255615930368
198807254802235392
198807255884369920
198807256031174657
198807256052150272
198807255414607872
198807256744210432
198807256861646849
198807256362516484
198807256878432258
198807256442208256
198807257109102593
198807257130078208
198807257616617473
198807257721475072
198807257855705088
198807257297850369
198807257595645952
198807258556145667
198807258791034880
198807258811998208
198807259260792833
198807259587952640
198807259923488770
198807259294351362
198807260661686274
198807260942708737
198807260917530624
198807261320183809
198807261412470784
198807261584433152
198807261563465728
198807261416660992
198807261999673346
198807261437632513
198807262280687616
198807262335221761
198807262431686658
198807262435868673
198807262796587009
198807262796582912
198807263090192384
198807263002112003
198807263320883200
198807261815111680
198807260137406464
198807263505428480
198807263593508864
