198858098893520896
198858100520923137
198858100172783617
198858101154258945
198858100957122560
198858102613876737
198858102429319168
198858102999760896
198858104048324608
198858104417423360
198858103519850496
198858104677470208
198858107324088320
198858107974201344
198858107668017153
198858109115043841
198858109433806848
198858110834716673
198858111786811394
198858112118169602
198858112323694592
198858113141583872
198858113649090561
198858113015754752
198858114404061184
198858114278236160
198858115347787776
198858116069208064
198858117365243904
198858116794822656
198858118619348992
198858118900367361
198858119487569920
198858120246726656
198858120255115265
198858120200601600
198858121911877632
198858123686064129
198858124084510720
198858124180983808
198858123975462912
198858124633980928
198858124902412288
198858126647246848
198858126844379137
198858126978592768
198858127293169664
198858127679029249
198858128350121985
198858128060719104
198858129188986881
198858131030294528
198858132590575617
198858133387493377
198858134742245377
198858136843583488
198858136944250880
198858137137188865
198858137158156288
198858138206744576
198858139632795649
198858143734824962
198858144556908545
198858144783417344
198858144548532224
198858145714544643
198858147182542848
198858147866214400
198858147606175744
198858147882991616
198858148008828928
198858150626070528
198858151087443968
198858151091642368
198858151519461378
198858152089886720
198858152169586690
198858153339789312
198858154392555520
198858154535157760
198858154715521026
198858154388369408
198858155088818176
198858155944443905
198858155424366592
198858157232095232
198858157223706625
198858157936750592
198858158356172800
198858159060819968
198858159606079488
198858159538970624
198858159966785536
198858160101003264
198858160625303552
198858162080714752
198858163397738497
198858164035268608
198858165360668672
198858166614757377
198858170351882240
198858170096037888
198858171358515200
198858171878612992
198858173380169728
198858173132705792
198858173933830145
198858174281953280
198858174483283968
198858173996732416
198858174672019457
198858174445518848
198858175271800832
198858175309549568
198858176236490754
198858176517521408
198858179361255424
198858180481134592
198858178358820864
198858182095933441
198858182284689409
198858185925328896
198858186210545665
198858186185392128
198858187443679232
198858191172419584
198858191629598720
198858193026301952
198858193261170688
198858195656114176
198858195719036928
198858196192993280
198858195727429632
198858196419477504
198858196314624000
198858196847296513
198858197820387328
198858198717968385
198858198910902274
198858198852190208
198858198608912385
198858200861245441
198858198231420928
198858200873832450
198858200169185280
198858202153091073
198858201964355584
198858202740310017
198858203835011072
198858205105885184
198858206456459264
198858206838132736
198858207555354624
198858209119838209
198858206561304577
198858209837060096
198858209925148674
198858210994688000
198858210973712384
198858212370427904
198858213028933632
198858215583260672
198858216636022784
198858217151934464
198858217449730050
198858218242457600
198858219299414016
198858220620627968
198858220645793793
198858221392371714
198858222461919232
198858224169000961
198858224395493376
198858224806526976
198858225490214912
198858225779621888
198858225972555776
198858226786246656
198858227390222336
198858228317171713
198858228682080256
198858229969715201
198858230284292096
198858230506586112
198858231764885504
198858232159158273
198858232234651649
198858232947679232
198858232331120640
198858232586964994
198858233203531776
198858235439091712
198858236076630016
198858235845943297
198858237309763585
198858237582376961
198858238320590848
198858238479958016
198858238433820672
198858239520145408
198858240463867904
198858241214660608
198858241562779650
198858241919287296
198858243085316096
198858244054192128
198858244888858624
198858246994411522
198858246675628032
198858247724220419
198858248357543936
198858249041231872
198858249053802499
198858249737482240
198858249439686656
198858249833943041
198858250890903553
198858252937736192
198858253034205184
198858253965336578
198858253776588801
198858253130661889
198858254456061953
198858254439292928
198858254745481216
198858259262742530
198858260814630912
198858259854135296
198858261552828416
198858260181295105
198858263192809473
198858264279130114
198858264954421250
198858265159942144
198858265956847617
198858267018018817
198858267319992320
198858268393746432
198858268569907200
198858268511178752
198858269190651904
198858269442318336
198858270226644992
198858269555572737
198858270985830400
198858271614959617
198858270469918720
198858271895982080
198858272336384000
198858272512552963
198858273074585600
198858274085404675
198858274731339776
198858275884761088
198858275456942080
198858276136435712
198858276543266816
198858275826040833
198858276794937344
198858276446797824
198858277923205120
198858278715916289
198858278434914304
198858279743520769
198858279575752704
198858280045522944
198858280343310336
198858280402038784
198858281173786624
198858283732303872
198858283853946880
198858285544247297
198858285028360192
198858286831898624
198858286718652418
198858287817555968
198858288576729088
198858288870326273
198858289021321217
198858289507876865
198858290032152576
198858290824880128
198858292624236545
198858292515176448
198858292263526402
198858292561326081
198858293408571393
198858293635063808
198858294884958208
198858297426706433
198858297049235456
198858298894716929
198858300316585984
198858300656324608
198858300316590080
198858302023671808
198858301805572098
198858302543761408
198858302317264896
198858302929649665
198858303885934593
198858304561221632
198858305471381504
198858305907601408
198858305957924864
198858306457055232
198858306683539456
198858306238951424
198858306578694144
198858307249774592
198858308029911040
198858308352884737
198858309208514560
198858309716033536
198858310261280768
198858310668132352
198858306834530304
198858311888666624
198858312815607808
198858314388475904
198858315520933888
198858316057808898
198858320004648960
198858319627157504
198858320101130240
198858322835804160
198858323288793089
198858324026982400
198858326447104000
198858326946234368
198858326472269824
198858327172718592
198858328074485761
198858328644911104
198858329039183872
198858329882230785
198858330381357057
198858330301677568
198858331652231171
198858331740311553
198858332256215041
198858334185598976
198858334433058816
198858333938126849
198858335116726272
198858335439699968
198858336156913665
198858336916094977
198858335578103808
198858336794443776
198858338186952704
198858339596242944
198858338346352641
198858340267331586
198858341106188288
198858341169119233
198858342398038016
198858343379509249
198858341110382593
198858343970910208
198858345011101697
198858346487492608
198858347464753152
198858348957941760
198858348785975297
