198812800250949632
198812800565518336
198812800842350592
198812800741675009
198812801853161472
198812802113220611
198812802348093441
198812801693794304
198812801538600962
198812802201300992
198812803019177984
198812802931109888
198812803312783361
198812804063563776
198812803388293120
198812803858042881
198812804327804929
198812804264894464
198812803950321664
198812804373954560
198812805028249600
198812804977917952
198812804873076737
198812805158277121
198812805753872385
198812806479495169
198812805535760387
198812806844395521
198812807335124993
198812807637123072
198812805959401476
198812806554976258
198812808287227904
198812808228507648
198812807003774976
198812807762952192
198812808698269696
198812807867797504
198812808840888320
198812809084141569
198812808589221888
198812809121894400
198812809717493762
198812810304696320
198812810703155200
198812810879307776
198812810627657728
198812810787041280
198812810472460289
198812810975780865
198812811105796096
198812810912866305
198812811575558144
198812811135160322
198812811978227712
198812812116631552
198812812108251136
198812812179537920
198812812317962241
198812812481527809
198812811026108417
198812812808695808
198812813530112000
198812813341364224
198812813731434497
198812812997427203
198812814108925952
198812814633205760
198812814356389888
198812815455305728
198812815543377920
198812816134782977
198812816562585601
198812816533237760
198812816461922304
198812817971884032
198812816419987458
198812818164809728
198812817971888128
198812818118672384
198812818894630912
198812818408095744
198812819360198657
198812819511193600
198812819297288193
198812820102578176
198812819871907840
198812820203253760
198812820484276225
198812820547186689
198812821117599744
198812818584248320
198812821532852224
198812821985832961
198812821641904128
198812822665314305
198812822044557312
198812822912774144
198812823126679552
198812822942138369
198812822103269376
198812823768408067
198812824561131521
198812825253191681
198812825555189760
198812825139945473
198812826041724930
198812826607951872
198812826201100288
198812827136434177
198812827929153537
198812827631370243
198812827606192128
198812828361162752
198812827350343680
198812828445065216
198812829002907648
198812829451689984
198812830038888448
198812830395412480
198812830294749185
198812829850144770
198812830387023873
198812832442232835
198812832387694594
198812832744222720
198812832626782209
198812833117507584
198812833763426305
198812834916868097
198812834992361472
198812834732326912
198812835420176384
198812834904281088
198812835608928256
198812835734765568
198812835306930176
198812835814445056
198812836191936513
198812836179345408
198812836103860224
198812836632346625
198812836724609024
198812836976271361
198812836854636544
198812837185994752
198812837504749568
198812837479579649
198812837903216640
198812837727051777
198812837999677441
198812838423302145
198812837118885890
198812840293965825
198812840084246531
198812841254457344
198812841527095296
198812841480945664
198812842525339649
198812843154472960
198812842831511553
198812843322257408
198812843448074240
198812842781184000
198812844517629952
198812844584730624
198812844811239424
198812843947196416
198812844890918912
198812845109022720
198812845784301568
198812846157602818
198812845905948672
198812846870634496
198812846660911104
198812846505730048
198812847755640833
198812847881461760
198812847923404801
198812847935995904
198812847877267457
198812848669986817
198812848934232065
198812849445937152
198812847818543105
198812849387225088
198812850389647360
198812850628730880
198812850863616001
198812851475976192
198812851207544834
198812851555667968
198812851677306881
198812852079968257
198812852465844225
198812852360982529
198812852516159489
198812852251918336
198812851744407553
198812853422129154
198812853556355073
198812852759445504
198812853313081345
198812854126784513
198812854802067458
198812854818836480
198812854151954432
198812854852386818
198812854911111168
198812855234076672
198812855515090944
198812855020175361
198812855003381760
198812855561232385
198812854999195648
198812855892586498
198812856030994433
198812856425250816
198812856161013761
198812856374923264
198812856173600768
198812857096343553
198812857230557184
198812857389953024
198812857318653952
198812857419304961
198812857532559360
198812857712902144
198812858539196417
198812858165899264
198812859084455939
198812859394834433
198812858501431297
198812859583561729
198812859772321792
198812859948478464
198812859667464192
198812860414050305
198812860653121536
198812860699250688
198812860489531393
198812860606988288
198812860284026880
198812860841857025
198812861047377920
198812861085130752
198812860896395264
198812861445840896
198812861949149184
198812861903011840
198812861735256064
198812862632833027
198812862569922560
198812862905466880
198812863270354944
198812862825762817
198812863505240064
198812863878541312
198812864243441664
198812863954034689
198812864214073346
198812864553820161
198812865141018624
198812865526890496
198812866550308864
198812866122485761
198812866638397440
198812866323820547
198812866822934529
198812863735939073
198812866885853184
198812867011686401
198812867502411777
198812866860687362
198812867657613315
198812867703750657
198812868102205440
198812867980558336
198812868685217792
198812868693606400
198812868953645057
198812869159157760
198812869377265664
198812869679255554
198812869490520064
198812869553434624
198812869314351104
198812869498912768
198812870258069505
198812870471979008
198812869138186240
198812871063388161
198812871898054656
198812871658979328
198812871885463554
198812872137129984
198812872321662976
198812871935787008
198812872539770880
198812872770465792
198812873147940865
198812873730961408
198812874544652288
198812875207356416
198812875089907712
198812874934730753
198812875400294401
198812876704718848
198812876847316993
198812877304504320
198812877719740416
198812877312901122
198812877983985665
198812877560352768
198812875383508992
198812878483111937
198812878655062016
198812878562799617
198812878965444609
198812878470512642
198812877421948929
198812879053524994
198812879149998080
198812880014032896
198812880378929152
198812880311820288
198812880467001344
198812880450228227
198812880844492803
198812881721114624
198812881284890625
198812881368784896
198812878256607232
198812882102792192
198812882761289730
198812881708523520
198812883012952065
198812883264602112
198812883952467969
198812884225097728
198812884380291073
198812885235933186
198812884766162944
198812885311434752
198812885403701248
198812885508567040
198812885240135680
198812885730861056
198812885307232256
198812886146105344
198812886137712640
198812886779441152
198812886649405441
198812886766858242
198812886884294656
198812887299534848
198812887286947841
198812886959792132
198812886674575360
198812886980755457
198812887601524736
198812887458906112
198812886259347456
198812887316303873
198812888624934913
198812888717201409
198812887521828865
198812888780115970
198812888394252288
198812889132433410
198812889212129281
198812888654290944
198812889111470081
198812887928680450
198812889421840384
198812890390724608
198812890634006530
198812891472863233
198812891368009728
198812891862941697
198812891430920192
198812892278173696
198812892362059776
198812891846160386
198812892177498116
198812892630499328
198812892961832961
198812893511294976
198812893712621568
198812894304026625
198812894673108993
198812894148829185
198812895398735873
198812895943991296
198812895893663744
198812896229195776
198812896111763456
198812896409559041
198812896531193856
198812896216616961
198812896673792000
198812897156136961
198812896174678016
198812898011779072
198812898213113856
198812896573140992
198812898578018304
198812898657714176
198812897609121792
198812899634970624
198812899739836417
198812899735642112
198812899735638017
198812899827908608
198812900247351297
198812900490608641
198812900138287104
198812900259921920
198812900805193729
198812900750659584
198812900515782656
198812901249781760
198812901073629185
198812901962825728
198812901371412481
198812901715361792
198812903854444544
198812904047382528
198812904311635968
198812904210960384
198812902713589761
198812904894631937
198812905452486656
198812905641230336
198812905494425600
198812905741893633
198812906454913024
198812906916290560
198812906844983297
198812906853376000
198812906345861121
198812906547200000
198812906383613953
198812907058896897
198812905918046208
198812907767730176
198812908023578625
198812908455608321
198812908686295040
198812908862443522
198812909206384642
198812910024278016
198812909441253377
198812910447898626
198812910548561920
198812910364016641
198812911135760385
198812912532471808
198812912901562368
198812912909959168
198812912524066816
198812913174192128
198812912280801280
198812913677516801
198812913660723204
198812914990333952
198812915464273920
198812915556552705
198812915556560898
198812915858542592
198812915581718529
198812915829190656
198812915992768513
198812914398937088
198812916156342274
198812916340883457
198812916705796096
198812916877770754
198812916655472640
198812917255245826
198812917494325248
198812917888585728
198812918039576576
198812918316408832
198812918459015168
198812918542893057
198812918526128131
198812918719053825
198812918882631681
198812918979108864
198812919495000064
198812919260119041
198812920149315584
198812920765878273
198812920539381760
198812921013346307
198812921277583361
198812921415991296
198812921634111488
198812921768321024
198812921042706434
198812921969655811
198812922686873600
198812922384875521
198812924075196416
198812924289093632
198812923492175872
198812923471204353
198812925119574017
198812926302359552
198812926461751296
198812926486917120
198812926986039296
198812927485149184
198812927774560256
198812927132827648
198812927275433985
198812927866847233
198812928428871681
198812928181407744
198812928869273600
198812929024466944
198812930014314497
198812930412773376
198812930354069504
198812930341470208
198812930458914816
198812929511010305
198812930941259777
198812931197116417
198812931205513216
198812931356508163
198812931859824640
198812931733987328
198812932027592704
198812932879028225
198812933759844352
198812933495603200
198812933839519744
198812934196035585
198812934049243138
198812933453660162
198812933776609280
198812934695174144
198812935110410240
198812934900690944
198812935630495746
198812936129617921
198812937098502144
198812937681506305
198812937685712896
198812937559875584
198812937954148354
198812937937367040
198812937937371139
198812938239361026
198812938138697728
198812938201612289
198812938025451521
198812938524565504
198812938537140224
198812938511990785
198812938184818688
198812939191463936
198812939912876034
198812939975798786
198812941057916929
198812941565427712
198812941099876352
198812942035189760
198812942177804291
198812942593044481
198812942702092288
198812942559481857
198812943582887936
198812943507390465
198812943947804672
198812944585342977
198812944820215808
198812943507390464
198812945214484480
198812945227067393
198812945361281025
198812943960391680
198812945180917760
198812945013145600
198812945742970882
198812945768128512
198812945864601601
198812946372116480
198812946296619009
198812945663262720
198812946455990273
198812945583579136
198812947215171585
198812947236134913
198812947206782976
198812947613614080
198812947903021058
198812947726872579
198812947747840003
198812948741881857
198812949261987840
198812949979213824
198812949811437568
198812950130196480
198812950126010369
198812950172147714
198812949798850561
198812950797090817
198812950889377792
198812950776135682
198812950717407233
198812950323142657
198812951556272128
198812951929552899
198812952265101313
198812952164442113
198812951807926272
198812953351430144
198812952999112706
198812953619869697
198812953129123840
198812953733107712
198812954341281792
198812954009939968
198812954794266624
198812955289202688
198812955586998272
198812956442632192
198812956744613890
198812956912386048
198812957134688257
198812957562507265
198812957667368961
198812958824996865
198812958959214592
198812958439116801
198812959059869697
198812959366070273
198812959814860800
198812959814860801
198812959844208640
198812959500271616
198812959546421250
198812961572257793
198812960142000128
198812962843131905
198812962935418880
198812963577147394
198812963321298945
198812963803627520
198812964072062977
198812964290179072
198812964105629697
198812966160826369
198812967272329216
198812968027299842
198812968090210304
198812968404779009
198812968752914432
198812969608556544
198812970313191424
198812970392883202
198812970137026561
198812970229309440
198812971118493696
198812971554709505
198812971584073728
198812972636844032
198812972792029186
198812972674588673
198812973500858369
198812973601529856
198812973509251075
198812973496672257
198812973924483072
198812974713020417
198812974851436545
198812975052763137
198812976340402177
198812976457854976
198812977204428800
198812978051694592
198812978529832960
198812978349477890
198812978466914307
198812979238682624
198812979368706049
198812977137328128
198812979754569728
198812979611959297
198812979985268736
198812980064948224
198812980597624832
198812980597620737
198812980819922944
198812980358545408
198812981570707457
198812981834952704
198812982250176513
198812982753509378
198812982795444225
198812982262763521
198812982816407552
198812983533645825
198812983013548033
198812983684640769
198812984884203520
198812985140060160
198812985152647168
198812985685323776
198812985479798784
198812986478034945
198812986616463361
198812986889076736
198812987019112448
198812986851328001
198812987128164353
198812987262382080
198812986859716611
198812988021542913
198812985932775424
198812988432584705
198812988583579648
198812988264816640
198812987853783040
198812989271453696
198812989225312256
198812989334360064
198812989015601152
198812989653123072
198812989766369280
198812989191749632
198812990445846530
198812990106112001
198812990420692992
198812989623762944
198812990227750912
198812991167283200
198812991989362689
198812992249409537
198812993524482049
198812993679659008
198812994082324480
198812994241699842
198812995101540354
198812995827146753
198812995877482496
198812996225601538
198812997391626240
198812997525848064
198812997714587649
198812997311934464
198812998230491137
198812998826065921
198812999073538049
198812999371329536
198812999170011136
198812999560081410
198812999727857664
198813000629628928
198813001275539457
198813000428302336
198813002181513217
198813002399617025
198813003318165504
198813002642898944
198813003209117697
198813003825692672
198813004349976577
198813004349968384
198813004349980673
198813004463210496
198813004752633856
198813005327253504
198813005578911745
198813005646004225
198813006593921024
198813007294377984
198813007063683073
198813007290183680
198813005859917827
198813007470538752
198813007898349568
198813008095481856
198813008091287552
198813008607191041
198813005524381697
198813008921759745
198813008758194176
198813009584459776
198813009286676482
198813010062618624
198813010146496512
198813010364612608
198813009748037634
198813010431721472
198813009760628736
198813010553352192
198813009974534144
198813009362157570
198813010184241155
198813010981163008
198813010544967681
198813011010523136
198813011706789888
198813011765506048
198813011815837699
198813011996188672
198813012071694336
198813011559985152
198813012256243712
198813012818272258
198813013233508352
198813013480972288
198813013241896960
198813015246774272
198813015561338880
198813015628460034
198813015850749953
198813015540367361
198813012314947584
198813015531978752
198813016307937281
198813016056266752
198813016190484481
198813016807051264
198813016941268995
198813016802869250
198813017452986368
198813017620750337
198813018170200065
198813018128252928
198813018627387392
198813018828713985
198813018375729152
198813019235557377
198813018753204224
198813019596275712
198813019864702977
198813019881484288
198813019998924802
198813020670001152
198813020762279936
198813020821004291
198813021148168192
198813020946825217
198813021093638144
198813021022326785
198813022054133762
198813022423236609
198813022284812288
198813022414835712
198813022611972096
198813023111090176
198813022133829632
198813024012869632
198813024780423168
198813025401192449
198813025598320641
198813025527021568
198813025011113986
198813024759463936
198813025380220929
198813024784629761
198813026240049153
198813026302963713
198813025996767233
198813025136947202
198813026638499843
198813026642706432
198813027049549824
198813028093919232
198813028601442308
198813028794384385
198813029176066048
198813028785979392
198813029046034432
198813028991516672
198813029759066112
198813030480478209
198813031424196608
198813031126413312
198813031709425666
198813031612956672
198813030811836417
198813031709417472
198813031776518145
198813031805878273
198813031004778497
198813032166604800
198813031621328896
198813031512289280
198813032569253889
198813033521356801
198813034557341696
198813034699960323
198813035085824000
198813034653814784
198813034758680577
198813035861770241
198813035798859776
198813035924701184
198813036797104128
198813036784525312
198813037019398145
198813036704825345
198813037044563968
198813038369976320
198813038848131072
198813039649234944
198813039162699776
198813040051884032
198813040223850496
198813039808618496
198813040198696960
198813041427611650
198813042232930304
198813042350362627
198813041725415424
198813042467799040
198813042081927170
198813041830277120
198813042870456320
198813042891440130
198813043075989504
198813043180838912
198813043247951875
198813043285692419
198813042585247745
198813043419918338
198813043591876608
198813044179075073
198813044405567488
198813044334268416
198813045152165889
198813046007808000
198813045970046977
198813046582411267
198813046980870145
198813046066511872
198813043231174656
198813047706488835
198813047496781825
198813048021073920
198813049367445504
198813049346461697
198813050042716162
198813050193719300
198813050655084544
198813050822856707
198813051007418368
198813051355533312
198813050965475330
198813051217133568
198813051640758272
198813051720450049
198813051774967808
198813051556859904
198813051548483584
