198842747946418176
198842747615059968
198842748193869824
198842748550389760
198842748755914752
198842749217292288
198842749875798018
198842749489917952
198842750911774721
198842750924365824
198842750915981312
198842749334728705
198842751125684225
198842750379110401
198842752010690560
198842753906524160
198842754233671680
198842754380464128
198842753776500736
198842754908962816
198842754007183360
198842753151541248
198842755223535618
198842756532146176
198842756641198080
198842757240987648
198842757752692738
198842758511865856
198842759539458049
198842759388467200
198842760315412480
198842760785174528
198842760617398273
198842761649192960
198842761414324224
198842762135744514
198842762513219584
198842763855396864
198842765021417473
198842766942408704
198842768095850497
198842767500251136
198842767999369216
198842768678854656
198842768913731585
198842769643544576
198842769924558848
198842769949720576
198842769815506944
198842770444664832
198842769953918976
198842771610664960
198842771350634497
198842772357263361
198842772336279553
198842772483084288
198842773175140353
198842774399885312
198842772294348801
198842774949339136
198842776119549952
198842776807411712
198842776950013954
198842777583357952
198842777201676288
198842777809854464
198842778694860803
198842778627735554
198842779181383680
198842779651162113
198842779680509953
198842781270163458
198842782163546112
198842782981431296
198842783602196480
198842783325360129
198842784029999104
198842784680116225
198842785237966848
198842785212801024
198842785963573248
198842786227814400
198842786492063744
198842786995376129
198842787154767872
198842786961821696
198842787242848256
198842787888775168
198842788220125185
198842788308205571
198842787960074240
198842789839110144
198842790824779776
198842791529426944
198842791600734209
198842788475961345
198842791466500096
198842792359903232
198842792166965248
198842793488166913
198842790581501952
198842793693675520
198842792972259328
198842794675142657
198842794792599553
198842795115556864
198842794922622977
198842795425935360
198842795539185664
198842796545806336
198842796747137025
198842797665689600
198842797573419008
198842797812490241
198842797955092481
198842797690859521
198842798110289920
198842798441639936
198842798886236161
198842799938998272
198842800240988160
198842799880290306
198842800857554944
198842801339891712
198842802652712960
198842802463981568
198842803101499392
198842803755819008
198842803399299073
198842804443693056
198842805613891585
198842806150766593
198842806087847936
198842807908171776
198842807820099585
198842807941726209
198842808172417024
198842808398917632
198842809099366400
198842809556541440
198842810177298432
198842810387017728
198842810189877248
198842810437337088
198842810957434880
198842811590787072
198842811490115586
198842811280392192
198842812362526720
198842810894528512
198842812630958080
198842812584824834
198842813868294144
198842812467392512
198842814560354305
198842814505824258
198842813750837248
198842816053510146
198842816439402496
198842816619745281
198842817144037376
198842817706074112
198842818180030464
198842817588629504
198842818477817856
198842818813366272
198842818347806720
198842818930802689
198842819513823232
198842819094388736
198842819484450816
198842819589308416
198842819669008384
198842820092628992
198842819937452032
198842819991973888
198842820780490752
198842820331708416
198842821061525504
198842821392859136
198842821371904001
198842821275426816
198842820763713536
198842821506105344
198842821711638528
198842821720023041
198842822340780032
198842821959090176
198842822244315136
198842819576737792
198842823355801600
198842823037026304
198842823628439552
198842824756695040
198842824215625728
198842824752496640
198842825570385921
198842825218072576
198842825448759297
198842826040147968
198842826124050432
198842827004850177
198842827696910339
198842828217008129
198842828321865730
198842828032454657
198842828955197440
198842830519664640
198842831190757376
198842831513714688
198842832495185920
198842833187250177
198842833208225792
198842833719922688
198842833669586945
198842833384386560
198842834269372417
198842834932088832
198842835762548737
198842835678658560
198842835506696192
198842836081315840
198842835762561027
198842836605607936
198842837276696576
198842837721300992
198842837402529793
198842838102982657
198842838782455808
198842839281565698
198842839323525120
198842839591956480
198842840237879297
198842841013825537
198842841580048384
198842842360184832
198842843073216512
198842843358429185
198842843551383552
198842843668819968
198842844067278848
198842844495101953
198842844553809920
198842844423794688
198842844415410177
198842844973252608
198842844708995072
198842845552058368
198842846638379008
198842847154274306
198842847259144194
198842847632424960
198842847993151488
198842848085413889
198842847456272384
198842848391602176
198842849092046848
198842849024946176
198842849062686721
198842849331118080
198842849419214849
198842850232893440
198842850304200704
198842850966904832
198842851080146944
198842850954317824
198842850874638336
198842851839311872
198842851713490945
198842851973545984
198842849435992065
198842852879503360
198842853470904320
198842853512847360
198842854334935040
198842854418808832
198842854452363265
198842854288785409
198842855500939264
198842856838922241
198842856742465536
198842856771821568
198842857061228545
198842857648435200
198842857975595009
198842857698754560
198842854855028737
198842859716227072
198842859665891328
198842859946909696
198842859481337856
198842860718653440
198842860626391040
198842860659949568
198842861830160384
198842861456863232
198842861989535744
198842861427507200
198842863256215552
198842864648728578
198842866276114432
198842866968170496
198842867865755648
198842869023391744
198842869321179137
198842868792688640
198842870092931072
198842861192609792
198842871242174464
198842870793375745
198842870608838656
198842871321858048
198842871573524480
198842871372197888
198842872353669120
198842872546607104
198842873649704960
198842873561620481
198842874039767040
198842874408861696
198842875205783552
198842874908000256
198842874924777472
198842875516170240
198842875495194626
198842875641991168
198842875495194624
198842875868487681
198842876178870272
198842876900282368
198842877240020992
198842877537828864
198842877680427009
198842877974028288
198842878380867584
198842878305370112
198842878531874816
198842877516857344
198842879492366336
198842879790157825
198842879744032768
198842879626588161
198842880830345216
198842881212030977
198842881186856960
198842881291730944
198842881472073728
198842881929252865
198842884189995008
198842884458422272
198842885976764416
198842886220021761
198842886266175488
198842886966616064
198842887788691458
198842887843221505
198842888006795266
198842885645414401
198842889076342784
198842889168625664
198842889344778241
198842889743241216
198842891760701443
198842893300006912
198842893522317312
198842894013038592
198842894457634816
198842894965145600
198842895325868033
198842896244408320
198842896387014656
198842895833382913
198842893438431232
198842896164732928
198842896538017792
198842897607557120
198842897653698561
198842897557225472
198842897896964096
198842897800499200
198842898391891968
198842898308018176
198842898383515648
198842898681307139
198842899922812928
198842900510015488
198842900396785665
198842901575385088
198842901109805056
198842901801865216
198842902389071872
198842902758174720
198842902464577537
198842903102095360
198842903806738433
198842904284897280
198842904863715328
198842904884682752
198842904926617600
198842905195057152
198842905761300481
198842906176532481
198842906390429696
198842906872791041
198842907896197120
198842908256911361
198842908412084224
198842908403699712
198842909125120000
198842909427113984
198842909477445632
198842910702174208
198842911264219136
198842911423606785
198842911880777729
198842913097125888
198842913600454656
198842913873072128
198842913646575616
198842914435121153
198842914481258496
198842914560937985
198842914590302208
198842914321862656
198842914690973696
198842915278176256
198842917274656768
198842917438238721
198842918545534976
198842919153700865
198842919841566721
198842921926131712
198842922811142144
198842922760802305
198842922974724097
198842923679350784
198842924954419200
198842925126402048
198842924933447681
198842925810061312
198842926615379968
198842927215153154
198842927944966145
198842928158875648
198842926531485698
198842929584939008
198842929400389633
198842931514314752
198842931854065664
198842931715649536
198842932269297667
198842932852297728
198842932395122688
198842934022516736
198842933808611328
198842934135767040
198842934584545280
198842935373078530
198842935763152898
198842936136441856
198842935633129472
198842937226969089
198842937843519488
198842937323429889
198842938304897025
198842938497839105
198842938762072064
198842939403808768
198842938606891008
198842939718385664
198842940641120256
198842941647749120
198842941366738944
198842942901846016
198842943786848256
198842943904288769
198842943916871680
198842944994820096
198842945758179328
198842946257293312
198842947142303744
198842947649806336
198842947528167424
198842947360391168
198842948031488000
198842947771441153
198842947901472768
198842948631265280
198842948891328512
198842948933271552
198842949415608322
198842949885362177
198842950371909632
198842951240122368
198842951810560001
198842951789576192
198842951902826496
198842952771059713
198842954012557312
198842954436190208
198842954478129152
198842954486513664
198842955258277888
198842955426050048
198842955883220992
198842956222971904
198842957141524480
198842956894052353
198842957611282432
198842957317668864
198842959284809728
198842960970911745
198842961990127617
198842962363416576
198842962266963968
198842962703163393
198842962245988352
198842962938040320
198842959230279680
198842962707353600
198842963286179840
198842963642679296
198842963839823872
198842964015980544
198842964196331520
198842963105808384
198842965463011330
198842965811146752
198842966058606592
198842966536761344
198842966746476544
198842966733893632
198842966620651520
198842967258181632
198842967899914240
198842967618887680
198842968466145280
198842968537432066
198842968558415874
198842969036562432
198842969439207424
198842969829285888
198842967061037056
198842969439207425
198842969837674496
198842970378731520
198842970831720449
198842970022219777
198842970731065345
198842971150487552
198842971557347330
198842972060647425
198842971762851840
198842971725119488
198842970580062208
198842971951603712
198842972429762560
198842972643672064
198842972681408512
198842971825774594
198842974011011073
198842974824693760
198842974292025344
198842974950531072
198842975097327618
198842976464678913
198842976615669760
198842976951214080
198842977068654592
198842976611467265
198842977244815360
198842977433559042
198842977500663808
198842978100457472
198842979325198336
198842979484581888
198842979887235072
198842980126298112
198842980700917760
198842980851916800
198842981007110144
198842981757890560
198842981720137729
198842982512857089
198842982722580480
198842984085729280
198842985201405952
198842984899411970
198842985545338880
198842985666985984
198842985797001216
198842985360801792
198842985545342976
198842985956384769
198842987105628160
198842987004952576
198842987768320000
198842987768332288
198842988263243776
198842989014036480
198842988946927616
198842989089533953
198842989588647937
198842990146490370
198842990456872960
198842990901460992
198842990486228992
198842991031488512
198842991106990080
198842991429959680
198842988103876608
198842990947606528
198842991299932160
198842991807430656
198842992528855040
198842993229303808
198842993271242752
198842993397075968
198842994030428160
198842993602600960
198842994231738369
198842995221598208
198842994860892160
198842995800424448
198842996253409280
198842996588941312
198842996773502976
198842997641711618
198842997650108417
198842997704638464
198842998572847104
198842999139082240
198842998879039489
