198808018769547264
198808018916352001
198808019272871936
198808019486777344
198808019285446658
198808019394510848
198808019268677633
198808019260284928
198808020212383744
198808019805544448
198808020652789760
198808020468248576
198808020686352385
198808021160312832
198808021495848960
198808021579739137
198808021286133760
198808021705568256
198808021114171392
198808021890117635
198808022007562240
198808022020132865
198808021575536640
198808022057893889
198808022255013888
198808022385033217
198808021873344512
198808022573789185
198808022582169603
198808021642649600
198808023110664192
198808020141096960
198808023358115842
198808022930305024
198808023349723136
198808023374905344
198808023173570560
198808023555248129
198808023811108864
198808024012435457
198808023458783232
198808022531850240
198808024335388673
198808024310222848
198808023081304064
198808024696107009
198808025253949441
198808024352169985
198808024905818112
198808024813539328
198808024658354177
198808025363001344
198808024553496578
198808025446883329
198808024805154816
198808025753059328
198808025421717505
198808025832759298
198808025618841600
198808025287491584
198808025425907715
198808026176688128
198808025740484608
198808026529009666
198808026977812480
198808026927464448
198808026663223296
198808023492333568
198808027233652736
198808027187511296
198808027355287552
198808027065884672
198808026893910016
198808026591936514
198808027955081217
198808027938295808
198808025312669697
198808027623735299
198808028148023297
198808028110274561
198808028408061952
198808028508717059
198808027959271424
198808028861054976
198808028861046784
198808028957507584
198808028617773061
198808029116899328
198808028848459778
198808028613582850
198808028374499330
198808029213360129
198808029154652161
198808029309845504
198808029330804736
198808029284667392
198808029452443648
198808029477605376
198808028865241089
198808029708300288
198808029792182273
198808029767008256
198808029616029698
198808029582475264
198808029389520898
198808029968347137
198808029536329729
198808030249369600
198808030224195584
198808030496825344
198808030199025665
198808030882701313
198808030782038017
198808030253559809
198808030572326914
198808030425513985
198808031113383937
198808031151132673
198808031239217152
198808031453130753
198808031562174465
198808031335694337
198808031134355457
198808031587340288
198808031612510208
198808031700586496
198808031327297536
198808031851593729
198808031943864320
198808031658651649
198808032476528640
198808031671226368
198808031360856065
198808030375186433
198808032849825792
198808030735900674
198808031004332035
198808032845631489
198808032963084289
198808033034379265
198808032900161536
198808033176977410
198808032770134016
198808033156022273
198808032946294786
198808033466400768
198808033986478080
198808033806127104
198808034246541312
198808034233942017
198808033210548225
198808033697079296
198808034389139458
198808034707902466
198808034070372352
198808034808573952
198808034695319552
198808034628222976
198808035043446784
198808034363981826
198808034779209728
198808035425140736
198808035748089856
198808035295100929
198808035282518017
198808033516724225
198808035597094913
198808035748102146
198808035555151873
198808036016537600
198808036335292416
198808036121378816
198808036888936448
198808036956061696
198808037010583553
198808037304184834
198808037362896897
198808037677481984
198808037425811458
198808037882998784
198808038021410817
198808037207711744
198808038344359938
198808037463568385
198808038105296896
198808038503751680
198808038474399745
198808038432452608
198808038734442496
198808039078371329
198808039200002048
198808039510392832
198808038705086464
198808038910595076
198808038914793475
198808038872850432
198808039371976705
198808039862706176
198808039422308352
198808039866900480
198808039896264705
198808040059834368
198808040252772356
198808040487665667
198808040697380866
198808041062281216
198808039724294145
198808038331785216
198808041339097089
198808041557196801
198808041569792000
198808040718340096
198808041070669824
198808038969315328
198808041448157184
198808042219900928
198808041955663872
198808042257657857
198808041611739136
198808041460736000
198808041997602816
198808041875972097
198808042043748353
198808041632710656
198808042303795202
198808042349928448
198808042454786049
198808042228301824
198808042505113603
198808042450587649
198808042605780994
198808042890993667
198808042110849024
198808043335585792
198808043142660097
198808041779494912
198808043037794304
198808043536912384
198808043213950977
198808043016822784
198808043532726273
198808043377528832
198808042601594880
198808043528527873
198808043532730368
198808043469807617
198808043310428161
198808043138465792
198808043834716160
198808043843100673
198808044526776320
198808044329631744
198808044715524096
198808044589678592
198808044665188353
198808045088804865
198808044958789633
198808044711313408
198808045189476353
198808044988137473
198808045650849792
198808044837154817
198808045504053249
198808045533396992
198808045478883328
198808045772484609
198808045852172288
198808045772472320
198808045428547584
198808045722157056
198808046305157121
198808046300954626
198808046267416577
198808046716203010
198808044921044992
198808043843096576
198808047013986306
198808046850420736
198808046791700481
198808043486576641
198808046762340352
198808046942687233
198808047504736256
198808047299207168
198808046984634369
198808047823486977
198808047940939777
198808048104509440
198808048150654976
198808048167424001
198808048008052738
198808048389722113
198808048129679362
198808048721080320
198808048918200320
198808048960147457
198808049413136384
198808049186635776
198808049157275648
198808049757077505
198808050092621825
198808050386219008
198808050591727616
198808047982882818
198808050809831426
198808050805641216
198808050931466241
198808049534767104
198808051300573185
198808051187318784
198808051397038083
198808051451564032
198808051665469442
198808051573198849
198808051564818434
198808051883589633
198808051753562113
198808050868555776
198808050453331968
198808051782914049
198808052131053568
198808051657093120
198808052361723904
198808052143624192
198808052210728960
198808052974108672
198808053020241920
198808052508540929
198808053435482112
198808052479176704
198808051887771648
198808052835688448
198808053309640704
198808053523554304
198808053498384385
198808053649391616
198808054060421120
198808054278533121
198808054169485312
198808054463082496
198808054647619585
198808054907678721
198808054861533184
198808055213862912
198808052101685248
198808055889137665
198808055859777539
198808055511662593
198808055763308544
198808055977218050
198808056103055361
198808056199524352
198808056434397186
198808056518295552
198808056790921216
198808056618958848
198808056803508226
198808057281642497
198808057348759552
198808057290043392
198808057482977280
198808056484737024
198808056933519361
198808054161092610
198808056690253824
198808057512329216
198808058091143170
198808058191822849
198808058183426051
198808057411682304
198808058699333633
198808057562664961
198808056946102275
198808058133102593
198808058825158657
198808057784967171
198808058900643840
198808058904842241
198808058720301057
198808058493808642
198808056270831617
198808058258923522
198808059273949186
198808059844374528
198808059416559616
198808059492040706
198808058934202368
198808060205088771
198808059601108992
198808060280569857
198808059454308352
198808060347695104
198808059924066305
198808060494487553
198808060611932160
198808060779700225
198808060758724608
198808060100231168
198808060674850816
198808060985212930
198808060473520128
198808061194928128
198808061530484736
198808061576626176
198808061438214144
198808061635330048
198808062155431938
198808062285459456
198808062591647744
198808062201561089
198808062268678144
198808062461612032
198808062935568384
198808063073980416
198808063153680384
198808063271112707
198808063313059840
198808063656988674
198808063388549120
198808063837351937
198808063896068098
198808063828959232
198808064407769090
198808064613302272
198808064621682689
198808064667828224
198808064688783361
198808065154351104
198808065250824193
198808065112420352
198808065313742851
198808065456357376
198808064550383616
198808065783500802
198808065636708352
198808065510871040
198808065879977985
198808065687040001
198808066286829568
198808065812860928
198808066223910912
198808065888366594
198808066488156161
198808066551058433
198808066693677057
198808067155038208
198808066920169472
198808067155034112
198808067654156288
198808067918401537
198808067729657856
198808067842916352
198808068199419906
198808068551753728
198808068270723073
198808068568518656
198808068564320256
198808068216197121
198808069071839232
198808069227028481
198808069554192384
198808069336076288
198808068992143360
198808069545803776
198808068841156609
198808069973618688
198808069973610498
198808069453512705
198808069893914625
198808070695034882
198808070397235200
198808070367887360
198808070871187457
198808070472732672
198808069952643072
198808070221074432
198808067704492032
198808070837645312
198808071378714625
198808071299014657
198808070766329857
198808071663915009
198808069680021504
198808068761460736
198808070959267840
198808071097692163
198808071823298560
198808071970103298
198808071772971009
198808072083353601
198808072284672001
198808072565702657
198808072343404544
198808072670547969
198808072091746304
198808072490192896
198808072565698561
198808071802322945
198808072657973248
198808073148706817
198808072762834949
198808073022877696
198808073295499266
198808073371009026
198808073274535936
198808074448928769
198808073710747648
198808073459073024
198808074444738560
198808074599931904
198808074750918656
198808074671230978
198808074998390784
198808075208110081
198808075178745857
198808074721574913
198808074973220864
198808075275223040
198808075602370560
198808075459768320
198808075447189505
198808076051161088
198808076009209856
198808075753365504
198808076520931329
198808076311203841
198808076470591488
198808076529319936
198808076512534528
198808075912757248
198808075963084800
198808076911001600
198808076483166208
198808077045207043
198808076617383937
198808077418500096
198808077712105475
198808078060232705
198808078307688449
198808077720498177
198808077665964032
198808078345441281
198808077967966209
198808078391582720
198808078517407745
198808078521602048
198808078735511555
198808078295113728
198808078752288769
198808078773268481
198808079045885952
198808079196884993
198808078731321347
198808079058481153
198808078861348864
198808079209480192
198808079293353985
198808079377252352
198808079352070144
198808079268196354
198808079696019457
198808079037497345
198808079511465986
198808080199331840
198808079796674560
198808080371290112
198808080446783489
198808080509710337
198808079993810946
198808080748781568
198808080425820163
198808080765562881
198808080513892352
198808081000431616
198808080333549568
198808081067548672
198808081273073667
198808081415675904
198808080769748993
198808081415684099
198808081814142977
198808081881247744
198808081344368640
198808082317451265
198808082200014848
198808082330034176
198808081918992385
198808082279710720
198808082724290562
198808082833354752
198808083173081088
198808083269558272
198808083378610176
198808082938212353
198808083697385472
198808083110174722
198808083294724098
198808083890311168
198808083122753536
198808084112613377
198808084192296961
198808083089203200
198808084351688704
198808084305547264
198808083642847233
198808084129394689
198808084154552320
198808084125192194
198808084716593154
198808085186359296
198808085270249473
198808084838219778
198808085207330816
198808085245079553
198808085794525184
198808085970681856
198808086218149889
198808086360752129
198808086440443904
198808086117490688
198808086415286272
198808086687924224
198808087119937536
198808086893436930
198808087245762562
198808086662750208
198808087052816384
198808087715512320
198808087887482881
198808087489019904
198808087921041409
198808088193667072
198808087677763587
198808088290144257
198808087182839810
198808088386605056
198808088344670209
198808088709562369
198808088696983552
198808088210456577
198808088713768961
198808088843784193
198808088843788289
198808089149980672
198808088759910400
198808088982200320
198808088885731330
198808089196101632
198808089342918656
198808089447776256
198808089456164864
198808089481314304
198808089607143424
198808089787510785
198808089741373440
198808089695227904
198808089825247232
198808090118856704
198808090232111104
198808090219515905
198808090148208641
198808089863012355
198808090366328832
198808090513129474
198808090521518080
198808090517323776
198808089883967488
198808090672508930
198808090919972864
198808090534092800
198808091091931140
198808091054182401
198808091058384896
198808090144022530
198808090584428545
198808091205177344
198808091310043136
198808091482013698
198808090013990912
198808091586859008
198808090932551681
198808091729473537
198808091519758336
198808091972730881
198808091809153024
198808092035661825
198808091691716611
198808092807401472
198808092782239746
198808093029707778
198808093012934657
198808093121986561
198808093189087232
198808093323304960
198808092102754305
198808092857733121
198808093512040448
198808093612720128
198808092950011908
198808093696602113
198808093579161605
198808093772087296
198808093352673282
198808092513796096
198808094334132224
198808094392852481
198808094459957248
198808094476746754
198808094619348993
198808093663035392
198808094711619584
198808094875193344
198808094850023424
198808094900363265
198808094501912578
198808094669668352
198808095084920832
198808095198158848
198808095437230080
198808095764381696
198808095441420288
198808095902793729
198808096146075648
198808095898603520
198808096074776577
198808096171229184
198808095768576001
198808096271908865
198808096053800963
198808096355782656
198808095747608578
198808096368373760
198808096552910850
198808096569704449
198808096062181377
198808096661975040
198808096271900673
198808097026883587
198808096632614913
198808097114947585
198808097240776704
198808096796192768
198808097056235521
198808097421131777
198808096615833600
198808097412743168
198808097760886786
198808097328865281
198808097530183681
198808097706360832
198808097874128896
198808098104819712
198808097467281408
198808098293547010
198808097513414657
198808097853145088
198808098285174785
198808098348081153
198808098398412802
198808098528444416
198808098142564352
198808098922696704
198808098700402689
198808098465525761
198808099136610305
198808099082092545
198808099065315328
198808099275018242
198808098897534977
198808099379884034
198808099518291969
198808099719618561
198808099258245120
198808099891589121
198808099656708097
198808099820273664
198808099916754945
198808100311007233
198808100583649282
198808100529127426
198808099564429313
198808100743032832
198808100776574976
198808100722065408
198808100659138560
198808100864663553
198808100940169218
198808101196021760
198808101208604672
198808101271506945
198808101560926209
198808101347012608
198808101816766467
198808101518966784
198808101330231296
198808101841932289
198808102076813312
198808102055841792
198808102181675009
198808102143934466
198808102101979136
198808102370410498
198808102148116484
198808102554959872
198808102613696513
198808102693388289
198808102575939584
198808102668218369
198808102911483905
198808103226056705
198808103314137090
198808103448363009
198808103704215553
198808103796482048
198808103943282688
198808104215916545
198808104547270656
198808104287207424
198808104501121024
198808104689860610
198808104643727360
198808104761167873
198808105004449795
198808104954114049
198808105046376448
198808105360949248
198808105176408067
198808105415475200
198808105067364352
198808104928944129
198808105495183360
198808105314824192
198808105046392833
198808105721659392
198808105641975808
198808105365151744
198808105956548609
198808104920559616
198808106124320768
198808105700700160
198808106224988160
198808106245947392
198808106396958720
198808105797160961
198808106661195776
198808106111737857
198808107084820480
198808107030294528
198808107374215169
198808106262740992
198808107642650624
198808107697192960
198808107743322112
198808107428749314
198808107789451265
198808107600719872
198808108028542976
198808108091441152
198808107810426880
198808108015943681
198808108154355712
198808108267606016
198808108221468674
198808108053700609
198808108431183872
198808108586373120
198808108133388288
198808108682854403
198808108263411712
198808108909346819
198808108800286720
198808108200501249
198808108976447488
198808108884180992
198808109060341761
198808109316177920
198808109173579777
198808109613981696
198808109630763009
198808109664305152
198808109479772160
198808110087942144
198808110188601348
198808109676900352
198808110029225986
198808109966311424
198808110628999168
198808110608039938
198808109605593088
198808110872268800
198808110561894400
198808110540931072
198808110968750080
198808111295893508
198808110251515904
198808111312670720
198808111249756160
198808111778242560
198808111769853952
198808111455285251
198808111883096064
198808111929241600
198808112050876420
198808111463673856
198808112214441985
198808111753076738
198808111673376768
198808112235413504
198808111916650496
198808112570966016
198808112642273281
198808112235425792
198808112579354625
198808112927473664
198808113007169536
198808113141399552
198808113250439168
198808113263017986
198808113258827776
198808113464360961
198808113170755585
198808113099448321
198808113300783104
198808113862819840
198808113342709760
198808113908957184
198808114076712961
198808114043174913
198808113846030337
198808114139627520
198808114290626561
198808114173181953
198808114705866752
198808114852675586
198808114798149632
198808115041411073
198808115033022464
198808114814910464
198808115104317441
198808115305648130
198808115666366464
198808115985125377
198808115502776321
198808116022886404
198808116148715520
198808116232597507
198808116480065539
198808116157091841
198808116626857984
198808116710739968
198808116916260866
198808116970799105
198808116350033921
198808117067264000
198808117218246657
198808117516042241
198808117864169472
198808117599928321
198808117411196929
198808117901926400
198808118069694464
198808118380068864
198808118275211266
198808118229078016
198808118606569472
198808118828859393
198808118724014081
198808118422020098
198808118715617281
198808118979866626
198808118749175809
198808118975668226
198808119160209408
198808118543654912
198808119235723264
198808118736601089
198808119227318272
198808119361552385
198808119424462848
198808119357349888
198808119487381504
198808119093108736
198808118145200128
198808119168614400
198808119676116992
198808119902609409
198808119722254336
198808120011665408
198808119160209411
198808120129105920
198808119437041665
198808119730647040
198808120057794561
198808119776780291
198808119852277760
198808120393347073
198808120116527107
198808120674357248
198808120850526208
198808120741478400
198808120724688899
198808120322048001
198808120892473344
198808121072828416
198808120607256576
198808121081208833
198808121135734784
198808121307701248
198808121425137664
198808121408364545
198808122180120576
198808122301743104
198808121651642369
198808122356277250
198808122373054464
198808122075262976
198808121936842752
198808122247229442
198808122465329152
198808122461126656
198808122662465536
198808123262242816
198808123203534848
198808123258052608
198808123279024130
198808120179425280
198808123639730177
198808123815890944
198808123404849152
198808123857842177
198808123702648832
198808124784779264
198808124642168834
198808124772192256
198808124507955202
198808125011271680
198808125128716290
198808125187428353
198808125304877057
198808125309071360
198808123111251968
198808124721860608
198808125195816960
198808125569110016
198808125741072384
198808125271326721
198808125606866944
198808125044817922
198808125963382786
198808125678161920
198808125694935040
198808125418110977
198808126026293249
198808126156312576
198808126114377729
198808126227623936
198808126311505920
198808125426503680
198808126747713538
198808126600904705
198808126701572096
198808126500253698
198808126227623937
198808126345060352
198808126949044224
198808126835793920
198808126487666688
198808127213281280
198808127011962881
198808127225868291
198808127792095233
198808127628509184
198808128106668033
198808127997612032
198808128228294656
198808128018591745
198808127691440128
198808127657885698
198808128370909184
198808127888556032
198808128517709825
198808128463175683
198808128601587712
198808128719032322
198808128710639616
198808128689672192
198808128811315201
198808128911966209
198808129037795328
198808129012641792
198808128815509504
198808129192984576
198808128853245952
198808128274440193
198808129557901312
198808129620803584
198808129331412993
198808129041997825
198808129348177920
198808129767604224
198808129809559552
198808129813757954
198808129813757953
198808129532735489
198808129520156674
198808130086379520
198808130266730497
198808130296086529
198808130619060226
198808130317066240
198808131235614720
198808130598092802
198808131294339075
198808131508252673
198808131021705216
198808131898327041
198808132783321088
198808132535853058
198808132380667906
198808132779126784
198808132691042304
198808133261475842
198808133685100545
198808133815119872
198808133945131008
198808133882232832
198808133462794240
198808133391482880
198808133907386368
198808134037409794
198808134184214528
198808133940940800
198808133647339520
198808134003851266
198808134284881920
198808131046879233
198808134666551298
198808134565888000
198808134834327553
198808133500551169
198808134314246145
198808135060828160
198808135241175042
198808135102775296
198808135346044928
198808135308288004
198808135266336768
198808135497039872
198808135702560769
198808135962599426
198808135480258561
198808135543177216
198808136163934208
198808136163917825
198808136226840578
198808135778045952
198808136126169090
198808136499466241
198808136449130496
198808136423968768
198808136637878272
198808136784683008
198808136734359553
198808137086676992
198808136986017792
198808137275416576
198808137183145984
198808136495267842
198808136650465281
198808137376079873
198808137447378945
198808136654659584
198808137644515328
198808137665482752
198808137699033089
198808137803898880
198808137418018816
198808133404082177
198808138152026114
198808138353344512
198808138391101441
198808138441424897
198808138454011904
198808138403692544
198808138688892928
198808138688888832
198808138605002753
198808139452264448
198808139527749632
198808139473223680
198808139016044544
198808139754258434
198808139838140418
198808140265963521
198808140324667393
198808140718944256
198808140681187328
198808140924461057
198808141008338945
198808140899299330
198808141398425600
198808141431967744
198808141599739904
198808141981421569
198808142157578240
198808142128226308
198808142325358592
198808142501527557
198808142610571265
198808142828683265
198808142899978241
198808143030005761
198808143042580482
198808142539272192
198808143084523520
198808143235526657
198808143222943744
198808143382327297
198808143369740289
198808143583657984
198808143462019075
198808143558488066
198808143650762754
198808143394914304
198808143541710848
198808143852077056
198808143914995713
198808144053415938
198808143973728256
198808144472838145
198808143889829889
198808141369061376
198808144997130241
198808145211047938
198808145215225857
198808145378820096
198808144892268544
198808145668222976
198808145676607488
198808145781460994
198808145890516992
198808145974411264
198808146075074561
198808146293161984
198808146448367616
198808146398023683
198808146515460098
198808146628718593
198808146595168258
198808146607734784
198808146569990144
198808143482986498
198808146540634112
198808146817458178
198808146834231296
198808146603556865
198808146947481602
198808143109685249
198808147006205953
198808146595168256
198808147069124608
198808147262062592
198808147207520256
198808147132039168
198808147207528449
198808147715047425
198808148000251905
198808148054769665
198808148394520577
198808148591652864
198808147807322112
198808148860080128
198808149027856384
198808148994293760
198808148797165568
198808148054786049
198808149229191168
198808147933134848
198808149094973440
198808149233369091
198808148801372160
198808149577310209
198808149698936832
198808149891883009
198808150021914624
198808150118371328
198808150240010242
198808149749284865
198808150349066240
198808150428745729
198808150521032704
198808149648621569
198808150600728576
198808150227419136
198808150646849537
198808150542004224
198808150802051072
198808150944649218
198808150919487488
198808150944645120
198808150651043840
198808150403596289
198808150986604544
198808151083065344
198808151158558720
198808151280205825
198808150919487489
198808150969819137
198808150642655232
198808151481520128
198808151632510976
198808151775125504
198808151573807105
198808151863214080
198808152328777728
198808152261660672
198808151598972931
198808152374906880
198808152496553984
198808152710447104
198808152672714753
198808152798531584
198808152840482817
198808152232296448
198808152911790084
198808152374915072
198808152379097088
198808153385738241
198808152626573312
198808152584626176
198808153289277441
198808153066975232
198808153515765760
198808153649987584
198808153788399618
198808153687728128
198808153704509442
198808153687719939
198808153985515521
198808153880662017
198808154144907265
198808153968738304
198808154442694656
198808154685976576
198808154899877888
198808154212020224
198808154782433282
198808155193479170
198808155042484225
198808155310923778
198808153314443265
198808155801649153
198808155701002240
198808156011364352
198808156053307393
198808156091056129
198808156137197568
198808155860381696
198808156317560833
198808156594388994
198808156497915904
198808156208504832
198808156787322880
198808156204318721
198808156678266880
198808155721957376
198808157085114368
198808157307412480
198808157676515328
198808156984459264
198808157810737152
198808157810720770
198808157315809280
198808158066589696
198808158200807424
198808158452465664
198808158024646656
198808158448254977
198808158557319168
198808158557323264
198808158829940736
198808158649585668
198808158364377088
198808158674755584
198808158645399552
198808158821548034
198808159115161601
198808158360178689
198808159119347712
198808158918025216
198808159358435328
198808159480057856
198808159412948992
198808159446507521
198808159522013184
198808159178067968
198808159647830016
198808159584915458
198808159639453697
198808159719141377
198808159857553408
198808159949824000
198808159941443585
198808159933054976
198808160079843328
198808159991758848
198808159626870784
198808160176320512
198808160289558528
198808160230838272
198808160453144576
198808160444760064
198808160423772160
198808160532824064
198808160637698048
198808160654467073
198808160633495553
198808160545423361
198808160813842434
198808160323121153
198808160885161984
198808160910327809
198808160365051905
198808161086484480
198808160662855680
198808161275219969
198808161149386754
198808161329750019
198808161237483520
198808161438806016
198808161484943360
198808161484935168
198808161619161088
198808161514295296
198808161921142785
198808161946312704
198808161573027840
198808162227326976
198808162298630145
198808156019761152
198808162458025986
198808162369945601
198808162575462401
198808162571264001
198808162583855105
198808162944557056
198808162944548866
198808162969726976
198808162827124736
198808163011657729
198808162567069697
198808164123148288
198808164097994752
198808164039270401
198808164056043521
198808164471291904
198808164177686529
198808164458696705
198808163825360896
198808164680998913
198808164265762818
198808164915884032
198808164928462848
198808164831997953
198808164534190080
198808165129789440
198808165188505600
198808164806836224
198808165452754944
198808165410811904
198808165385650178
198808165284974592
198808165775712256
198808165410807810
198808165918322688
198808165867986946
198808166081896451
198808166119641089
198808163624038402
198808166216118273
198808166216105984
198808162931982337
198808163611459585
198808166576828417
198808166635536385
198808166769762305
198808166853652481
198808166354530304
198808167189200896
198808166681673728
198808167331794944
198808167419875328
198808167461830657
198808167507951617
198808167075942402
198808167797370880
198808167780597762
198808167902232576
198808167952551936
198808168078393346
198808168195817473
198808168455876609
198808165314330624
198808168665579521
198808168833359873
198808168837562368
198808168900468736
198808168950796288
198808169047261184
198808168900460547
198808168636235776
198808168124526592
198808169181478912
198808169093402624
198808168741089282
198808169210855424
198808169244397568
198808169441525764
198808169479286784
198808169412169729
198808169781276672
198808169965826049
198808169944842240
198808170045505537
198808169869348865
198808169974210561
198808170230071298
198808170246844417
198808170397839360
198808170125197312
198808170540441602
198808170062299136
198808169798049792
198808170355896322
198808170695634946
198808170678849536
198808170414616576
198808171182170112
198808170922127360
198808171282829312
198808171307999232
198808171505131520
198808171559661569
198808171534491648
198808171555467264
198808171773562880
198808171513524224
198808171928764417
198808172331405313
198808172323016705
198808172025217027
198808172696309760
198808172864081920
198808172755030017
198808173333839872
198808173426114560
198808173484838912
198808173442891776
198808173480648705
198808173321256961
198808173614866434
198808173631639553
198808173807808512
198808173367410689
198808173753282560
198808174139150337
198808174323695616
198808174244020225
198808174109794304
198808174541811712
198808174525034496
198808174395011073
198808174260781056
198808169378611200
198808174822825984
198808174264975361
198808175141584896
198808175263236098
198808175393251328
198808174940262401
198808175233863680
198808174604713984
198808175070285824
198808175380660224
198808175795900418
198808174625697792
198808175896576000
198808175829463040
198808175309357057
198808176206938113
198808175993036801
198808176185974784
198808175846232065
198808176211132416
198808176496361472
198808176768978944
198808176752201728
198808177347788801
198808177280688128
198808177322631168
198808176899006464
198808177456857090
198808177536544768
198808177687539713
198808177758842881
198808177842733056
198808177846910978
198808177830137857
198808178220220416
198808174839599105
198808178434117633
198808174088830976
198808177599463425
198808178518016001
198808175934324737
198808178492833793
198808175200309249
198808178044047361
198808178819989504
198808178509623296
198808177976950784
198808178497032193
198808179084230656
198808178748698624
198808179214254080
198808179159744514
198808179226845185
198808178002112513
198808179130380288
198808179197489153
198808174483079171
198808179101011969
198808179340095488
198808179252019203
198808179709190145
198808179805659138
198808179881164800
198808179881152512
198808179973431296
198808179121979392
198808180183150592
198808180283805697
198808180514504705
198808180443185152
198808180569022464
198808180996837377
198808181076525057
198808181143646209
198808181282054145
198808181344960513
198808181462417409
198808181609218048
198808181655339010
198808181122662403
198808181747630081
198808181886038016
198808181823119361
198808181848281088
198808182011867136
198808182078971905
198808181458206720
198808181995081728
198808182112530432
198808181999280128
198808182276100096
198808180984250368
198808182485823488
198808182657785856
198808182548742144
198808182674558977
198808182733279235
198808182787809280
198808182708117505
198808182846529536
198808182825558016
198808183089807362
198808183102377984
198808183228215296
198808182951391232
198808182116712448
198808183395987456
198808183358238720
198808183475675137
198808182875893760
198808183676993536
198808183316299776
198808183727341570
198808183265951744
198808180527075328
198808184213872640
198808184234852352
198808184444551168
198808184582967296
198808184754933760
198808184578772994
198808185417646080
198808184947871746
198808184880766977
198808185677688834
198808185694457856
198808185874812928
198808185157599232
198808185547669505
198808185862238208
198808185379885057
198808186172612609
198808186080329728
198808186239717378
198808186252300289
198808186323599360
198808186373947393
198808186143252482
198808186113888257
198808186214555650
198808186306838529
198808186638184448
198808187032444930
198808186478796800
198808187074379776
198808187078578176
198808187099553792
198808187187642368
198808187326054402
198808187196018689
198808187258941440
198808186705285120
198808187179253760
198808187518988289
198808187565125632
198808187342815234
198808187481227266
198808187649003521
198808187619639296
198808187787419649
198808187737096192
198808187804196864
198808187951001600
198808187707736065
198808187569319937
198808188160716800
198808187430903809
198808188085219329
198808188190081024
198808188202647552
198808188357840898
198808189616132096
198808189712601089
198808189922320384
198808189700014080
198808189163143170
198808189494505472
198808190224310272
198808190186565632
198808190408867840
198808190543073280
198808189842620416
198808190635347968
198808190706655235
198808191004454912
198808191021228034
198808191159631872
198808191230947328
198808190836674561
198808191356772353
198808189020549120
198808191751028736
198808191092523008
198808191763623937
198808191893643265
198808192048828417
198808192115941376
198808192023662592
198808191721668608
198808191843307521
198808192254361600
198808192560541697
198808192568922112
198808192334053376
198808192694755331
198808192849948673
198808192128520192
198808192841555969
198808192975769600
198808193030303744
198808192996749313
198808193063858177
198808192883503104
198808193168707586
198808193021911042
198808193214844928
198808193407791104
198808193336479744
198808193395208192
198808193349062656
198808193466499074
198808193625886721
198808193529430018
198808193873362944
198808194057908224
198808193940467712
198808194196312064
198808194427002880
198808193843994625
198808194368290816
198808193915289600
198808194787713026
198808194863202306
198808194804486144
198808195010015232
198808194515087360
198808194385063939
198808195030986752
198808194703822848
198808195244883968
198808195362340864
198808195299409920
198808195261661184
198808195324583936
198808195374915584
198808195496558592
198808195043573760
198808195060350976
198808195530100736
198808195915972608
198808195907592192
198808195899207680
198808196176023554
198808195513331714
198808195660128256
198808196280885248
198808196368973824
198808196503179264
198808196469620739
198808196557713408
198808196461248512
198808196159254528
198808196570284033
198808196670955521
198808196591271936
198808196423483392
198808196993908741
198808196993925121
198808197065211906
198808197287510016
198808197685977088
198808197702746114
198808197220413440
198808197832777728
198808197925060608
198808197748883457
198808198000553985
198808197916672000
198808198038298625
198808198122180609
198808198122188803
198808198243815424
198808198151536641
198808198319321089
198808198394810368
198808198306729984
198808198449336320
198808198721974273
198808198831022080
198808198797463553
198808198973636608
198808198046691329
198808199116226561
198808199275626496
198808199258849284
198808199107846144
198808199007186944
198808199531466752
198808199242067968
198808199422423041
198808199493726208
198808199099465730
198808199657295872
198808199657308160
198808199162380289
198808199653109760
198808199296589825
198808199804100608
198808199674077184
198808199997038592
198808200202551296
198808199887994881
198808199317553153
198808200441634817
198808200345161731
198808200408088577
198808200445829120
198808200626184192
198808200659746816
198808200752017408
198808201947389952
198808202131935234
198808200479375360
198808201326632960
198808202224205824
198808202278731776
198808202421338112
198808202442326017
198808202199056384
198808201792204800
198808202668802048
198808202731720705
198808202261966848
198808202886905856
198808202438123521
198808203016933376
198808202941431809
198808203000152065
198808203293757441
198808203214065666
198808203264409600
198808203440562177
198808203641892865
198808203558002688
198808203604144128
198808203654479873
198808203792879618
198808203818041346
198808203868372992
198808203826434048
198808202836586497
198808204107460608
198808204212318210
198808203465736193
198808204325560320
198808204161974272
198808204052934656
198808204631744512
198808204812099584
198808204912766976
198808205005029376
198808205244121090
198808205046988801
198808204879216640
198808205441241088
198808205030199296
198808205722271744
198808205776797696
198808205973925888
198808205273464834
198808206078787584
198808206091358208
198808205286055936
198808206200422400
198808206284300288
198808206242349058
198808206322053120
198808206607261696
198808206850535426
198808206569517057
198808206842134528
198808207257378816
198808207022493697
198808207425142784
198808207517429761
198808207865561088
198808207806824448
198808208230465536
198808208289169408
198808208045903873
198808207949447169
198808208373063680
198808208301764608
198808207920082944
198808208498884609
198808208553418753
198808208377253888
198808208473722880
198808207840378882
198808208670851072
198808208842825728
198808208142368772
198808208167542786
198808208826056705
198808208293380097
198808209006403584
198808208582770689
198808208624717825
198808208914128897
198808208847011841
198808209245478913
198808209111269377
198808209149009923
198808208813461504
198808209518108672
198808209589403649
198808209006399490
198808209140621314
198808209149001728
198808209803317248
198808210264690688
198808209622974465
198808210575077377
198808210667352064
198808210742849537
198808208276602884
198808210742837248
198808210185011201
198808210713493506
198808210126286849
198808210738651136
198808210608631809
198808210558304257
198808210642182144
198808211149692928
198808211241967616
198808211028066304
198808211296501762
198808211015479296
198808211510411264
198808211497816064
198808211762069504
198808211653017602
198808211829170176
198808211892092929
198808211766263808
198808211879501824
198808212160512000
198808212282159105
198808212269580288
198808212424753152
198808212357644288
198808212487684097
198808212491878400
198808212684808192
198808212458315776
198808212751908864
198808212768690177
198808212835803136
198808212928069633
198808212202455040
198808213100040192
198808213146189825
198808213108424705
198808212483477506
198808213322346497
198808213498499072
198808212827410432
198808213498507264
198808213532053504
198808214572244992
198808213846622209
198808214702268417
198808214379311104
198808214643544064
198808214450606080
198808215054594048
198808215570489344
198808215612428288
198808215104913410
198808215893446657
198808216195440640
198808216044441601
198808216203829248
198808216799420416
198808216778457089
198808216803618817
198808214442229761
198808215180410880
198808216698748928
198808210382139392
198808216514207745
198808216853954560
198808216963006464
198808217155940353
198808217139154945
198808216929439744
198808216698753024
198808217273368576
198808217298542592
198808217457930242
198808217420185601
198808217449537538
198808217650860032
198808217847992321
198808217629896706
198808217738944513
198808218321944579
198808218334539776
198808217625694208
198808218527465472
198808218569416708
198808218380668928
198808218774941697
198808218783318017
198808218955292672
198808219110490114
198808218087063555
198808219072733184
198808219135639552
198808218934325248
198808219295035392
198808219085320192
198808218619744256
198808219089502209
198808219567661058
198808219764801537
198808219827712000
198808219848679425
198808219768987648
198808219890614273
198808220221968384
198808220133888000
198808220322631682
198808219756408834
198808220431691776
198808220750446592
198808220934995968
198808221123747840
198808221073416192
198808221069217793
198808221249581058
198808221287321601
198808220884668417
198808221023092738
198808221501235201
198808221480263682
198808221580918784
198808220855312384
198808221606092801
198808221685788672
198808221794844672
198808221639647232
198808221589323776
198808221954224128
198808221870325761
198808222067474432
198808221790633984
198808220918235140
198808222163943424
198808222277177344
198808221991976960
198808222398812160
198808222851809280
198808223057321985
198808223107657730
198808223145398272
198808223099269121
198808222876966912
198808223212507138
198808223254446081
198808223191535616
198808223439007745
198808223476756480
198808223556452353
198808223581605889
198808223418036224
198808223833276416
198808223044734976
198808223812300800
198808223506116610
198808224240123904
198808224198180865
198808223799705601
198808224189792256
198808224290447360
198808224399491072
198808224152043520
198808224558882817
198808224382730241
198808224189788160
198808224785371137
198808224684716034
198808224437248000
198808224437239808
198808224999292929
198808225171243009
198808224911208449
198808225292886018
198808225359998977
198808225083170817
198808225594871808
198808224034594817
198808225653592065
198808225188028417
198808225838141440
198808225922039809
198808225854926848
198808226031075330
198808226094006273
198808225628438528
198808226043666432
198808226148515841
198808227222257666
198808227268403203
198808227268407297
198808227411009536
198808227348086784
198808227050295297
198808225204805634
198808227645882368
198808227775909889
198808227616526337
198808227633303552
198808227704606722
198808227314536449
198808227750739968
198808227549429760
198808228216324096
198808228132438017
198808228132429825
198808228333760513
198808228438609921
198808227662675969
198808228698669056
198808228732219392
198808228719636481
198808228207919104
198808228837081088
198808228623159297
198808228564439041
198808228967092225
198808229101318144
198808229030006785
198808228790943744
198808229113888768
198808229256511488
198808229302640641
198808229378138112
198808227402616833
198808229038395393
198808228891607041
198808229856292864
198808230103760896
198808229772394496
198808230367993856
198808230355406850
198808230380568576
198808230510592000
198808230649004032
198808230812585984
198808230783221761
198808230820974592
198808231252983810
198808231156527104
198808231211048960
198808231148130304
198808231303319552
198808231408173056
198808231668236288
198808231693385728
198808231739535360
198808231244607488
198808231752118272
198808231794065408
198808231848587264
198808230787432450
198808231932477440
198808231970217985
198808232066682880
198808232146386945
198808232045711360
198808231173292032
198808232020549633
198808231643054080
198808232511275010
198808232129597442
198808232553226241
198808231919894530
198808233010405376
198808233278849024
198808233354334208
198808233392082945
198808233375309826
198808232804892675
198808233454993409
198808233605988352
198808233593421824
198808233597603841
198808232435781632
198808233933148163
198808233765388288
198808233878618113
198808233949929472
198808233694072832
198808230829367299
198808234352582656
198808234306449408
198808234432270336
198808235006902273
198808234960756736
198808234662965248
198808234943979520
198808235514396674
198808235547959296
198808235380187136
198808235589898240
198808235619254274
198808235820584960
198808235887697921
198808234918813696
198808235711545345
198808236315508737
198808236353273856
198808236445532160
198808235845750784
198808236105805824
198808236550389760
198808236453937154
198808236437143552
198808236609110019
198808236843991043
198808236827222016
198808236839809027
198808236709781504
198808236621701120
198808236827213826
198808236529430529
198808237007581186
198808237234061313
198808237406027777
198808237464748032
198808237598965761
198808237619945472
198808237749968896
198808237779320832
198808237745778688
198808237980647425
198808238089707520
198808237921935361
198808238077124609
198808238366535681
198808238295220226
198808238416867329
198808238546890755
198808238022606848
198808238555267073
198808238622392320
198808238718849026
198808238563655680
198808238601416704
198808238651748353
198808238819508224
198808239721287680
198808239788404738
198808239859707904
198808239931011072
198808239884865537
198808239951970307
198808239746465793
198808240006496257
198808240048455680
198808240144924672
198808240404959235
198808239700324352
198808240597897217
198808239943581697
198808240539181056
198808240203644929
198808240212029440
198808240555962368
198808240073621504
198808240665001986
198808240371400705
198808240765681664
198808240002310144
198808240816001025
198808237586395138
198808240451096578
198808240530792448
198808240631447555
198808241097019392
198808241201881088
198808241348673537
198808241281572865
198808240065216512
198808241331912706
198808240644034560
198808241520648195
198808241612918784
198808241659064320
198808240404959237
198808241587761152
198808241768120321
198808241713582080
198808241738747904
198808241927491585
198808241164136448
198808241923309569
198808242032345088
198808242032361473
198808242195939328
198808242330144768
198808243894616066
198808244074975232
198808244205010945
198808244179832832
198808244095942656
198808244251148289
198808244335034369
198808244083359745
198808244632813568
198808244246945792
198808245094203392
198808244880281600
198808245194854400
198808245232615424
198808245656236032
198808245530394625
198808245572354048
198808245685600256
198808245840773120
198808245995974656
198808246222454785
198808246423785474
198808246453149698
198808246532841472
198808246247624705
198808246729977857
198808246897750016
198808247019372544
198808247233290240
198808247229091843
198808247308779520
198808247409459201
198808247023575041
198808246419591171
198808247631745025
198808247719821312
198808247845654528
198808247887593472
198808247346532352
198808248193785856
198808248244109313
198808248227348480
198808248818728961
198808248860684289
198808248978128899
198808248915210240
198808249003290624
198808247682072576
198808249452068865
198808249665982465
198808249187835907
198808249498222594
198808249254952960
198808249775034369
198808249967976448
198808250097995776
198808250060259328
198808249997344770
198808246864195585
198808250555179008
198808249867304961
198808250634870785
198808250651656192
198808250697781248
198808250710372352
198808249875701764
198808250769084416
198808250504855552
198808251012349952
198808251050115072
198808250802651137
198808251469533184
198808251645702144
198808251700215809
198808251612143616
198808251561820161
198808251796697088
198808251779923968
198808251813466112
198808251796692992
198808251725389824
198808251922522112
198808252048355328
198808251196911617
198808252144816130
198808252169986049
198808252186755073
198808252190965761
198808252337766400
198808251859607553
198808252379697152
198808252371304448
198808252757188608
198808252706852865
198808252656533504
198808252748804096
198808252899803136
198808252560056320
198808252920762368
198808253038211073
198808253130485760
198808253088538624
198808252320985088
198808253185015808
198808252681699328
198808253348585473
198808253424074752
198808253587656705
198808253579264000
198808253524746240
198808253914812416
198808253877067776
198808254145507328
198808254325858304
198808253877071873
198808254493634560
198808254493626372
198808254069997568
198808254082592771
198808254699143168
198808254657212416
198808254942416898
198808255076646912
198808255097606145
198808255303122946
198808255605125121
198808255630278656
198808255676416000
198808255747719170
198808255823228929
198808255282159616
198808255798050818
198808255915495424
198808255911305218
198808255668039680
198808255143755777
198808256523681793
198808256490123265
198808256511090688
198808256230076416
198808256829865985
198808256775340033
198808255617712129
198808257131839489
198808257144426499
198808257328975877
198808257421250560
198808257299628032
198808256808886272
198808257517723649
198808257488355328
198808257668722689
198808257714847744
198808257647738881
198808257463205888
198808257547075584
198808257698070528
198808257576448000
198808257916190721
198808258184613889
198808257651949571
198808257870049280
198808258151055360
198808257945550848
198808258314633217
198808257995882498
198808258247524352
198808257836482560
198808258402721793
198808258738274305
198808256917934080
198808258838925312
198808258427895808
198808258679549952
198808258968944642
198808259015086080
198808258360782849
198808258037809153
198808259224809473
198808259359014912
198808259761676289
198808259593900032
198808259887497217
198808260235632640
198808260202082304
198808259623264257
198808260676038656
198808260587954176
198808260785078273
198808260835418112
198808261129019392
198808261552644097
198808261225484288
198808261540061184
198808261527470080
198808261477154816
198808261292605440
198808261657501697
198808261007384576
198808261120622592
198808261133217793
198808262081130497
198808262253088768
198808262085320704
198808262232117248
198808262643159040
198808262865465344
198808262819323905
198808262622191616
198808262500548610
198808262886440960
198808262840291328
198808263180038144
198808263201001472
198808263331020800
198808263461048320
198808262970318848
198808263603662848
198808263540748290
198808263607844865
198808263519772672
198808263947583488
198808263901458434
198808263997923330
198808264031469568
198808263372963841
198808263687544832
198808264421548032
198808264396382208
198808263955976192
198808264543191040
198808264639660032
198808264773861377
198808263528165376
198808261921746944
198808264534794240
198808264337657856
198808264887111683
198808265042313221
198808265008746496
198808265449148416
198808265021341696
198808265742745601
198808265935691776
198808262739628032
198808266065715200
198808265839218688
198808266346725376
198808266455785472
198808266459979776
198808266518691842
198808266606780416
198808266636144640
198808266023780353
198808266397061121
198808265897951233
198808266686476289
198808266141204480
198808266795515907
198808266564841476
198808266279632897
198808267051372547
198808267055570946
198808267483394049
198808267290451968
198808267596636161
198808267625992194
198808267017814016
198808267776983041
198808267709882368
198808268045422594
198808268104138752
198808267743432705
198808267961544704
198808268372590593
198808268443893761
198808268074790914
198808268439683073
198808268779421698
198808268703924226
198808268490027009
198808268812992513
198808269291139073
198808269207252994
198808269400195072
198808269429538816
198808269530206210
198808269370822656
198808269580550144
198808269542793217
198808269794459648
198808269890916352
198808265864392705
198808270083862529
198808270121607169
198808268515180544
