198841993135267840
198841993353371649
198841993084940288
198841993038802944
198841993537929216
198841993865068544
198841993969926144
198841993424670722
198841993655361537
198841994183852032
198841994502610944
198841993856684035
198841993957355520
198841994330652673
198841994716512257
198841994943012864
198841995685412864
198841995677020160
198841995773493248
198841995798646784
198841995018506241
198841995991588864
198841996578787328
198841996884967424
198841997157605377
198841997484769280
198841997073727488
198841997241495552
198841996692029441
198841998550122496
198841997639958528
198841998130683904
198841994741682176
198841998248124417
198841998151655424
198841998269095937
198841996671066113
198841998118092801
198841999682584578
198841997694484481
198841999493840896
198841999133114368
198842000169111552
198842000513044480
198842000630497283
198842000806653952
198841999363801088
198842000685010944
198842000596942849
198842001880395776
198842000982806529
198842001809084416
198842002014605313
198842001490317313
198842001028956160
198842003063193600
198842003088359425
198842002455011329
198842003327426560
198842002870239232
198842003453251584
198842003532943360
198842003067375616
198842003860099073
198842003579092992
198842003319042048
198842003675557888
198842003407122432
198842004321484800
198842004451508224
198842004573134848
198842004107563009
198842004808015872
198842004396982272
198842004879319041
198842005143560193
198842004988370945
198842005953069056
198842005432971266
198842004384391170
198842006003396609
198842006309580801
198842006368305153
198842006171156481
198842006380875777
198842006531870724
198842006653509632
198842007232331776
198842006884200448
198842007647551489
198842005370044416
198842007827918848
198842008830361600
198842008197005312
198842008742273026
198842009128157184
198842009518211072
198842009451114497
198842009539182592
198842009891520515
198842009530806272
198842009329479681
198842010302550017
198842010348683264
198842010055090176
198842009925070850
198842011183366144
198842011212709888
198842010684231681
198842010231250944
198842011313377282
198842012231942144
198842012471013377
198842012517146624
198842012080947200
198842012722671616
198842012835917825
198842012731052034
198842013007884288
198842012970131456
198842013288906753
198842013276307456
198842014035480576
198842013498605570
198842013930618881
198842013515386881
198842014865948673
198842014501056513
198842015058886656
198842015008571393
198842014912098304
198842016115855361
198842016271056898
198842016090693632
198842015763537920
198842016380096512
198842017407700993
198842017000861696
198842017575485440
198842017638395906
198842017852305408
198842017852301314
198842016854065152
198842018364002304
198842018431119360
198842017835524096
198842018116534272
198842017898434561
198842017969745920
198842018762469376
198842018271731712
198842018473066497
198842018611470337
198842019173511169
198842019110592513
198842019630678016
198842019953655809
198842019169320960
198842019878158336
198842018934439936
198842018909265922
198842019865559042
198842020171751424
198842020528259075
198842020142399488
198842020809285632
198842020796710913
198842020175953920
198842019865559040
198842020771540996
198842020310155266
198842020465356801
198842020377264128
198842021224517632
198842021790752772
198842021992083457
198842021828501504
198842022205997057
198842022197592064
198842022352793600
198842021711060992
198842022390534144
198842022373752832
198842022231154688
198842022549929984
198842022260510720
198842022629617665
198842023246184449
198842021589422082
198842023141318657
198842023778844672
198842023820787713
198842023883706368
198842023611088896
198842024303144961
198842023854342144
198842024634482688
198842024579960833
198842023988568064
198842025288802305
198842024810655745
198842024810643456
198842025309773824
198842026781970432
198842026610003969
198842026513547264
198842026551291906
198842026962333696
198842026949742593
198842027247550465
198842027591479296
198842027796992001
198842028044455938
198842028858146818
198842028900102144
198842028526813184
198842029080444928
198842029181120513
198842029374054400
198842028812017664
198842029210468352
198842029264994304
198842029147570176
198842029902544899
198842029978038272
198842029508263938
198842029298565120
198842029634105345
198842029466329089
198842030271635456
198842031030804480
198842030531678208
198842030649122816
198842030833680384
198842031492182016
198842031878057984
198842031727050752
198842032184238080
198842031685107713
198842032930820097
198842032872099840
198842032087769088
198842033169899520
198842033442525185
198842033635475457
198842033929076736
198842033861963776
198842034428198912
198842035103465474
198842035313192960
198842035342557184
198842035283836929
198842035342553088
198842035313184770
198842035413856256
198842036382728192
198842036051394561
198842036110114816
198842036617613313
198842036181409793
198842035132833793
198842036877660160
198842036927987712
198842036357578752
198842037343223810
198842037439705088
198842037175455744
198842037062205440
198842035413848064
198842037255155712
198842037792026626
198842037750075392
198842037137702912
198842037804609536
198842038295334912
198842037909467138
198842037720727552
198842038526021632
198842035363524608
198842038895132672
198842038869950464
198842039520083968
198842039230660608
198842039327145984
198842039780122624
198842040149225472
198842040757395457
198842040644157440
198842040400879617
198842041004863488
198842040602198016
198842041361371136
198842040879026177
198842041457852416
198842041747247104
198842041768222720
198842040820310016
198842041445261312
198842041956962305
198842041810161664
198842042166689792
198842041944391681
198842042107969536
198842042695168000
198842043030716416
198842042971992064
198842042632245248
198842042628050945
198842043051687936
198842044234473472
198842044062502914
198842044020555777
198842044645519361
198842044632940544
198842044834250754
198842044876210176
198842044679069697
198842044662300672
198842044926533633
198842045324988416
198842045748617216
198842045496963074
198842046470037506
198842046079971330
198842046075781120
198842046801379328
198842047074009089
198842047225008128
198842047652839424
198842047527006208
198842047694774272
198842047979991041
198842048034512896
198842048110018560
198842048592359426
198842048130985984
198842049024376833
198842048713981952
198842049204715520
198842049284407296
198842048747548673
198842049506721792
198842049401847808
198842049720619009
198842049833869313
198842049569632256
198842049615769600
198842050098118657
198842049905176576
198842049053720576
198842050681110529
198842051519979521
198842050882449408
198842051360595969
198842051482226688
198842051675160576
198842052027494400
198842051691937792
198842051964583937
198842052677607425
198842052514021376
198842052937646082
198842052367237122
198842053055086594
198842053914923009
198842054464385024
198842053776515073
198842054229504001
198842054942523396
198842054791544833
198842054992855040
198842055085129728
198842055294853122
198842055710093314
198842055793971200
198842055366164481
198842056255356928
198842056632827904
198842056150491137
198842056959995904
198842056825774080
198842057102598144
198842057316499456
198842056871919616
198842057576554497
198842057547194368
198842057731743744
198842057886924800
198842057836609538
198842058591584256
198842058872590337
198842058121822208
198842059329765376
198842059396882432
198842060277678083
198842060546129921
198842056788021248
198842060898451456
198842061057826818
198842060663570434
198842061250760704
198842060789399554
198842061649223680
198842061150097409
198842061200437248
198842061057826817
198842061624066048
198842062425165826
198842063356313601
198842063998033920
198842063595388930
198842063972876289
198842064249700353
198842063901560832
198842064635572224
198842064673312768
198842064543301632
198842064421658625
198842065377951744
198842065520562177
198842065252130816
198842065411522560
198842065617035265
198842066153914368
198842066669797376
198842067395428353
198842067567390721
198842067248627712
198842067697405954
198842067097624576
198842067609321472
198842068481753089
198842068670496769
198842068951506949
198842069270265856
198842069387706368
198842069941366784
198842070453071872
198842069874249728
198842070658584577
198842070327230465
198842070692139008
198842070469844994
198842070264324096
198842067533836288
198842071107375104
198842070570504192
198842071409377280
198842070398533632
198842071279349761
198842071308705793
198842072202088449
198842071895908352
198842072457936896
198842071946248192
198842072361480194
198842072642498561
198842072999018496
198842072957075456
198842072915116033
198842073212911616
198842072923512833
198842073401667584
198842073032572929
198842073422635008
198842073485545473
198842073422630912
198842073498140674
198842074081148929
198842075519787009
198842075276513280
198842075360399363
198842075746275328
198842076069240832
198842075800801280
198842076887130113
198842076157321217
198842076354453504
198842076161519617
198842076966817793
198842077042327553
198842076736143360
198842077193314304
198842077801484288
198842077558222848
198842077981843456
198842077684043776
198842078468378624
198842078569046017
198842079001055232
198842079206588416
198842079508578304
198842079336595456
198842079663767553
198842079135281154
198842079391137792
198842079311433728
198842080129323008
198842079735058432
198842080167084032
198842080024477698
198842080364204034
198842080196435968
198842080137719809
198842081110786049
198842081442136064
198842081190481921
198842081794469888
198842081777696770
198842081375043585
198842082264227840
198842082167754752
198842082591387649
198842081932873728
198842082692050945
198842083170197506
198842082775941121
198842083539296258
198842083765796865
198842083463806976
198842083828699137
198842084218781697
198842084365582336
198842084155858945
198842084759834624
198842084931796992
198842085380599810
198842086320119810
198842085896495104
198842085959417856
198842086873767937
198842086802456577
198842086945062912
198842086139760641
198842086584365058
198842087481950208
198842087767146497
198842087687467013
198842088274661376
198842088698298368
198842089247739904
198842088987705345
198842089717497856
198842090275348480
198842090560557056
198842089772036097
198842090115973120
198842091189706753
198842090787057666
198842090124361728
198842091655282688
198842091059679233
198842092745801728
198842093412696065
198842093521747970
198842093597241344
198842093647577090
198842093089718273
198842091424579584
198842093823737858
198842094381576193
198842094108938240
198842094104743937
198842094784217090
198842094297677825
198842095040086018
198842094549352448
198842095174287360
198842094830358528
198842095245590528
198842095270760448
198842095283351552
198842095128154112
198842094834548737
198842095547588608
198842094805204992
198842095128150016
198842095279144961
198842095769894913
198842095992188928
198842095987986432
198842095199461377
198842096839442432
198842096113811456
198842096982036480
198842097338564609
198842096487108610
198842096969461761
198842097829294081
198842096348700672
198842097606991872
198842097661509633
198842097669914624
198842097514721280
198842098680725506
198842099293106176
198842099486031872
198842099716722688
198842099444097024
198842099616063488
198842099817381888
198842099670593538
198842100610121728
198842100102610944
198842100622688256
198842099481841665
198842101016965120
198842101344108544
198842101478342656
198842094989742086
198842101285404673
198842101465747457
198842101490913281
198842101566414849
198842101235073025
198842101788704768
198842098160631808
198842102875041792
198842103168634881
198842103042801664
198842103919427586
198842103445454848
198842104145907712
198842103780999168
198842103319638016
198842104364011521
198842104842170368
198842104066215938
198842103067983873
198842104418533377
198842104905084928
198842104263352320
198842105123188737
198842105110601728
198842104787636225
198842105051885568
198842105332899840
198842105697808385
198842105580355584
198842106180141056
198842106775740418
198842107069337600
198842106238861312
198842106566033409
198842107560071168
198842107702689792
198842108390539265
198842108751265792
198842108940009473
198842109057433602
198842108633817088
198842109095198720
198842109493653504
198842107966914560
198842108944203776
198842109153906688
198842109313290240
198842109657227264
198842109460086784
198842110265397250
198842110890344450
198842111062327297
198842111171366912
198842111284617216
198842112094126080
198842111674691586
198842111917965313
198842112454828033
198842113239171072
198842113062993920
198842113419517952
198842113100750848
198842113205608449
198842113474048000
198842114166104065
198842114405179392
198842111804715008
198842115021742080
198842115172741122
198842114883330048
198842115772514305
198842115738972161
198842115390844928
198842115659284480
198842116045144067
198842115814457344
198842115529248768
198842116397477888
198842116842074114
198842116942733313
198842117144064000
198842117114703872
198842117391532033
198842117425078273
198842117383135232
198842118079381504
198842117748031489
198842118133915650
198842118863716353
198842115881574403
198842118498816000
198842118674989056
198842117563486209
198842118746275840
198842119174107136
198842119736135681
198842119127969792
198842119845191680
198842120239448065
198842119635468289
198842120302366720
198842119987789824
198842120310755328
198842121116069888
198842121015410691
198842121560653825
198842122009448448
198842121342566400
198842121472581632
198842121908797440
198842122210779136
198842122462441472
198842122827333632
198842122588258304
198842122718285824
198842122672160770
198842122605043714
198842123062222849
198842124286963712
198842123901075457
198842124949655554
198842124807049218
198842125004177408
198842124760915969
198842125083873280
198842124517642241
198842125272629248
198842125268434944
198842125331341312
198842124924497920
198842125704634368
198842125788520449
198842126388297729
198842126593835009
198842126203764736
198842126258278400
198842126761607168
198842127302656000
198842127369781251
198842127562719232
198842127764037632
198842127239745537
198842127344611330
198842127873097728
198842128007299073
198842127638208512
198842128007299075
198842128636444672
198842128166686720
198842128657428480
198842128414158849
198842128124747776
198842128963600385
198842129005547522
198842126400888834
198842129332707328
198842129819246592
198842128078606337
198842129974431745
198842129475321857
198842129089445889
198842130435805184
198842130494529536
198842130200920064
198842130507112449
198842130226094080
198842130251264000
198842130792325120
198842130901385217
198842130662297600
198842130540666880
198842131173998592
198842130997854208
198842130830077952
198842131299835904
198842130578419712
198842131887038465
198842132352602112
198842132096761857
198842130624544769
198842132566519809
198842132960776193
198842132541349889
198842133266956288
198842132721696768
198842132709122048
198842132402929664
198842133002731520
198842133225025536
198842133044670465
198842133803835393
198842133233401857
198842133283733504
198842134172925952
198842134357475328
198842134198091776
198842134512680960
198842134143582208
198842134797885441
198842134810460160
198842134864986113
198842135007592450
198842135141822464
198842135229890561
198842135334760448
198842134860795905
198842135255064576
198842135150215168
198842135989063680
198842136144248833
198842133942243328
198842135749992449
198842136383328257
198842135724826625
198842135913562113
198842136395907074
198842136391712770
198842136899239937
198842137184452609
198842136597233664
198842137108938755
198842137352224769
198842137566134272
198842137616449536
198842137943617536
198842137540956160
198842137683562498
198842138589528064
198842138417573889
198842138094600192
198842139214483456
198842138379812864
198842138950250496
198842139336122368
198842138769891328
198842139172536320
198842139529068544
198842139768139778
198842139411628032
198842139709411329
198842140233703424
198842139550035968
198842140401471490
198842139994636288
198842139935911936
198842140908986370
198842140749602816
198842140774760449
198842140896403457
198842141202595840
198842141798174720
198842142125326336
198842142188257281
198842141525557249
198842140976095232
198842142230196229
198842142557347840
198842142335049728
198842139684249601
198842142418944001
198842142465081345
198842142897094656
198842143299743745
198842143031312385
198842143211663361
198842143131975681
198842143576571904
198842142829981696
198842143865962496
198842144130215936
198842144469954560
198842144046325760
198842144226684928
198842144260239360
198842144880984065
198842145212346368
198842144616747012
198842145090715648
198842145757597696
198842145841483777
198842145644355584
198842145925369856
198842145698873345
198842146265112577
198842146365767680
198842145828896769
198842145682104320
198842146369961984
198842146869084160
198842146516770816
198842146596458497
198842147305295872
198842146957176832
198842147452092417
198842147947024384
198842144365096962
198842147921862656
198842147569545216
198842144763547648
198842148282576897
198842148987219968
198842148538421248
198842149356306432
198842149167575040
198842149473763328
198842149679276032
198842150295842816
198842149779931136
198842149503123456
198842150069342209
198842150010617857
198842150643965953
198842150237126656
198842151239565312
198842151000473600
198842151306665985
198842151176638465
198842151352799235
198842151596081153
198842151273119744
198842151268921344
198842151814168577
198842151474438145
198842151906447360
198842151885484032
198842152585928704
198842152309096448
198842153449955328
198842153064087552
198842152699170816
198842153349283840
198842153408008192
198842153831636994
198842154049740800
198842154704052225
198842154376888320
198842154842456067
198842154989260800
198842154590801922
198842155014430720
198842155253497856
198842155438047233
198842155140268032
198842155379339264
198842155224154112
198842155291258880
198842155274485763
198842155308040193
198842156201414657
198842156025257985
198842156780224512
198842157212246018
198842157757513731
198842157812027392
198842157669416963
198842157312905216
198842158382460928
198842158688636929
198842157526822912
198842158747353088
198842158281797633
198842159036772352
198842159095484417
198842159162605570
198842159292624897
198842159531696129
198842159712055297
198842159259066368
198842159426846720
198842160412508160
198842160785784832
198842160697712641
198842161108750336
198842160945172480
198842161343635456
198842162165714944
198842161523982336
198842161792417792
198842162325098497
198842162358652929
198842162476089344
198842162606120960
198842163394654208
198842163235262464
198842163122012160
198842163377868800
198842162056658944
198842163830865920
198842163595968512
198842164191563778
198842163583393793
198842164355141632
198842164271251456
198842164615184384
198842164732624896
198842164837494784
198842164439031808
198842164866846720
198842165483417600
198842164929773569
198842165479211008
198842165160448000
198842166062235648
198842165999312898
198842166120939521
198842166074806273
198842166573940737
198842166074810368
198842166498443264
198842166750097408
198842166947225601
198842167110795264
198842167391830017
198842166926245888
198842167039504384
198842166892691456
198842167706398720
198842168796905473
198842168947904512
198842169170198528
198842168759173120
198842168771751937
198842168805306368
198842169392504833
198842169455415296
198842170348802048
198842170323644416
198842170654982145
198842170520764416
198842170734690304
198842169858080768
198842171300904960
198842170894069761
198842171032473601
198842171808415745
198842171644837889
198842171435130880
198842172383047680
198842172286566400
198842172735369216
198842171279945728
198842173687468032
198842173158985729
198842174203371520
198842174144643072
198842175163867136
198842174966730752
198842175293886465
198842174958354433
198842175587491840
198842175688155136
198842175927230465
198842175847530496
198842176472481792
198842175839145984
198842176510238722
198842176938049538
198842177277804546
198842176736735232
198842176761905153
198842177000976385
198842176980004864
198842178053742594
198842178112458752
198842178531893250
198842178141814785
198842178414444544
198842178724827136
198842178682892288
198842178632556545
198842178452193280
198842178825494529
198842179446255617
198842179626606592
198842179567878145
198842180247359489
198842180268326913
198842179924410369
198842180519993344
198842180633235456
198842180146700288
198842180717125633
198842180184453120
198842181333692416
198842181165924352
198842180801019904
198842181505650689
198842181618896897
198842180993949696
198842181786664960
198842181857972224
198842182218682369
198842182617153536
198842182516473856
198842182428401664
198842183179177984
198842183556677633
198842183640547329
198842183409868800
198842183246299137
198842183867039747
198842184177426432
198842183451815937
198842184441675776
198842183615389696
198842183896408064
198842184630415360
198842184622030848
198842184882061312
198842184127102976
198842184760430594
198842184697511937
198842185259556864
198842185335062528
198842184672358401
198842185146318848
198842184835928065
198842184903032832
198842185393778688
198842185741893633
198842185519595522
198842186274570240
198842185800626176
198842186018721792
198842185687367681
198842186488479744
198842186719174656
198842186186498048
198842186954063873
198842186853392384
198842187197333504
198842187499315200
198842186874359809
198842187172151297
198842187897765888
198842187461566464
198842187658694656
198842188308819969
198842187927138304
198842187591593986
198842188757610497
198842188422070273
198842188891820032
198842188455616512
198842188476588034
198842188896010240
198842189386743808
198842189554520064
198842189382553601
198842189290291200
198842188468207617
198842189667778562
198842190011711488
198842190758281217
198842191358074880
198842188019408897
198842190443708417
198842191920111618
198842191366455296
198842192310177792
198842192310190081
198842192113049600
198842192658300928
198842192532480002
198842192083693569
198842192033353729
198842192108851200
198842192863830017
198842192087887873
198842192607985664
198842193207767040
198842193035800576
198842192733798402
198842193073545216
198842193346179073
198842193476198400
198842193803345921
198842193954340864
198842194185035776
198842193992101889
198842194428309504
198842193505566720
198842194768052224
198842194201808896
198842193887240192
198842195002916864
198842194566713344
198842194679963648
198842195585937409
198842195804028929
198842195577548802
198842196487700480
198842196655489026
198842196827451393
198842196433174528
198842195044864002
198842197334966272
198842196814864385
198842197108465664
198842196865200128
198842196777119744
198842197745991680
198842197167194112
198842197704052737
198842198039592960
198842198861692928
198842198685519872
198842198706499584
198842199394353152
198842199423717378
198842199641825280
198842199130128386
198842199637630976
198842199985754114
198842200623288321
198842201130795008
198842200996577280
198842201550241792
198842201357287425
198842201738977280
198842202472976384
198842202301009920
198842202800140289
198842202498146304
198842202737217538
198842203517362177
198842203672559616
198842203605442560
198842203160842242
198842203773210624
198842204192645121
198842203571888128
198842204242984960
198842203911622656
198842204477861889
198842204750483456
198842204318474241
198842204876324864
198842205098606593
198842204364603392
198842205216051201
198842205639680003
198842205572562945
198842205241229313
198842206109437955
198842206340128768
198842205736157184
198842205857779714
198842205815840768
198842206717620224
198842206684057600
198842206717607937
198842207338381313
198842207548084224
198842207011217409
198842207627780096
198842207292227585
198842207342559232
198842208516968448
198842208395333632
198842207376125954
198842208156258304
198842208135294977
198842208370176001
198842208135290883
198842208651198464
198842209653628928
198842209313886208
198842209439723520
198842210291159040
198842210349891584
198842210534432768
198842208886071298
198842210668658689
198842210878369793
198842209209032704
198842211012591617
198842210517659651
198842211037757440
198842211830476800
198842211524292609
198842212124082176
198842212153438208
198842212161826816
198842212447031297
198842211973070848
198842212543512578
198842212929372160
198842212434452481
198842213193621505
198842213453672449
198842213340422145
198842213055205376
198842213092950016
198842213600460800
198842211696259072
198842214028292096
198842214456098816
198842215001374721
198842214556778496
198842215215280128
198842215504683008
198842215596965889
198842215198507008
198842214921674753
198842215483719680
198842216024768513
198842215630520320
198842215810863104
198842215768932352
198842216343535616
198842215882178561
198842216477765632
198842216674893824
198842216695865345
198842217262100480
198842216641343488
198842217056579584
198842217006235649
198842217719271424
198842217710878720
198842218012880896
198842217819947008
198842218813997056
198842218851729408
198842219111792640
198842218885296128
198842219661246464
198842219396988930
198842219908710404
198842220177137665
198842219468292096
198842219384410112
198842219732533248
198842219329892353
198842220491706368
198842220588171264
198842220646891520
198842220021956609
198842220319744000
198842220558823425
198842221351534592
198842221607391232
198842222152663040
198842221842272256
198842222454648833
198842222630801408
198842222781792256
198842222525947905
198842223125729281
198842223104765952
198842223276728320
198842223780036608
198842224568578048
198842223687770112
198842224639881216
198842225180946432
198842224807641088
198842224581156865
198842225109643264
198842223746494464
198842225147396096
198842225147387904
198842226049163265
198842225780727809
198842225675866114
198842225860423680
198842226669924353
198842226162401281
198842226783170560
198842227127091200
198842227181633537
198842227361976322
198842227739463680
198842227290669056
198842227991126016
198842228305698816
198842228368617474
198842228477661184
198842227911426048
198842228100186112
198842227441668097
198842228284735488
198842228947435520
198842229425569792
198842229392019456
198842228226015233
198842229748535298
198842229375242240
198842229622710272
198842229899538435
198842227458457602
198842230625144832
198842230788730882
198842230327345152
198842229941481472
198842231057158145
198842230528679936
198842231304634368
198842231061360640
198842231728254976
198842230587392001
198842231413682176
198842231879245825
198842231640174592
198842232055406592
198842232248340482
198842232307064832
198842233053650944
198842232466452480
198842234307747840
198842234509082624
198842233875742721
198842234555215872
198842234131595264
198842235872227328
198842235125641217
198842235876425728
198842236367147008
198842236614606850
198842236857884673
198842236992094209
198842237067591681
198842236874653696
198842237222789120
198842237306679298
198842237851926528
198842237944205312
198842238413967361
198842238002921472
198842238829215744
198842238841786369
198842237247963137
198842238917283843
198842239005368320
198842239710011393
198842240225910784
198842239789699072
198842240666320896
198842240779558912
198842240687280130
198842240678903809
198842241127694336
198842241492594688
198842242193039361
198842242255962112
198842242708946945
198842242742497283
198842242566340608
198842243157737472
198842243371630592
198842242415329280
198842243635875841
198842244164366336
198842243883347968
198842243816226816
