198847529557827584
198847529176145921
198847529192923136
198847530681896960
198847530350559232
198847531378151424
198847531730472960
198847531478814721
198847531638210560
198847532569333760
198847532820996096
198847533206872065
198847534494527488
198847535010430976
198847533982810112
198847536168054785
198847535962537985
198847537766088704
198847537409564673
198847539691274240
198847539741601794
198847539724828672
198847541826170880
198847542266560513
198847542702768128
198847542371426304
198847542694391808
198847542379806720
198847542753099776
198847542853771264
198847544091082753
198847544820891649
198847545571688448
198847547698184192
198847547522023424
198847548734185473
198847548247642112
198847549120053248
198847549413670912
198847549669519361
198847551032664064
198847550856495104
198847548444782592
198847552085426176
198847552269983745
198847552869777408
198847553381478401
198847553368891392
198847553725415424
198847553905762304
198847554530721793
198847555189223424
198847555075964928
198847555839340547
198847556606885889
198847554010615809
198847556837584897
198847557663866880
198847556749500416
198847558028771328
198847557672247297
198847557902934016
198847558192340993
198847559383515136
198847560230764545
198847559941365761
198847560268521472
198847560226570240
198847560868298754
198847561229021185
198847560994136065
198847562449555457
198847561178677249
198847562529255425
198847563003199489
198847564089536512
198847564479598592
198847564655767554
198847564513161216
198847564655771649
198847564311838721
198847564752224256
198847564819341312
198847564676739072
198847565763063808
198847565452673025
198847566211850241
198847566341869568
198847566983602176
198847566190870530
198847566882930689
198847566815821824
198847566752919552
198847568564850688
198847568539693056
198847568510328834
198847568501936129
198847561652641793
198847569521164288
198847569810571264
198847570397773825
198847570506809344
198847570678788096
198847571186290689
198847571123388416
198847570968195072
198847571127578625
198847571513442305
198847571391807489
198847571710582784
198847572121632769
198847572339720193
198847572222291968
198847572130017280
198847572448776192
198847573308616705
198847571756716032
198847573044375552
198847573069533184
198847573551878144
198847573388300288
198847574109732864
198847573660934144
198847573962932225
198847573673521152
198847573715468291
198847573820325889
198847572989853697
198847574873083904
198847575145721857
198847574852112385
198847575237988352
198847574889869312
198847575565148160
198847575128932354
198847574956969984
198847575296708609
198847575464493056
198847575707758594
198847575951028224
198847575577739265
198847576852807681
198847577280622593
198847576945078272
198847577096073216
198847577184157696
198847577259651073
198847577599389697
198847577649709056
198847577293201408
198847578329190400
198847578794758145
198847578891231232
198847578840903680
198847579247742976
198847579176443904
198847579918831616
198847579432296448
198847579927232512
198847580094988288
198847579205812226
198847580250181632
198847580657029120
198847580044673024
198847580694773761
198847580833198081
198847580849975297
198847581093240833
198847581638492160
198847581705617409
198847581487505409
198847582926147584
198847583530131456
198847583999897600
198847584297697281
198847584364802048
198847584784228357
198847584780029952
198847584486424576
198847585635680257
198847585799245824
198847586680053761
198847587032371200
198847586608750592
198847587162406914
198847587393089536
198847587523117057
198847587686694912
198847586185134080
198847588190011392
198847587967705088
198847588106125312
198847587598614529
198847589221793792
198847589838364672
198847590165516289
198847589397954560
198847590706589696
198847590379421696
198847591235076098
198847591138594816
198847592229113856
198847593189609472
198847593344798720
198847593881669632
198847594078810112
198847595001552896
198847596335349761
198847596796710912
198847597383909377
198847597794967554
198847598491217922
198847598445068290
198847599141335041
198847600328327168
198847602077339648
198847601909579776
198847602534531072
198847603205603328
198847603608260608
198847604954628096
198847605223071746
198847605785116672
198847605655085056
198847606212935680
198847606313590784
198847607425077250
198847607026626562
198847608033247234
198847609878753282
198847606170988544
198847609216049152
198847610319159296
198847609979420672
198847609157320704
198847611220922369
198847610885373952
198847611418066945
198847612043010048
198847611636162560
198847612953165824
198847613146103809
198847613758472192
198847613297102848
198847613506826241
198847614018527232
198847614756728833
198847615167766529
198847615704629248
198847615939510272
198847616551895042
198847616879034369
198847617017446400
198847617617244161
198847617684357122
198847621257904128
198847621614419969
198847622486831104
198847621987704832
198847622415523840
198847623124365312
198847622709116928
198847623220826112
198847624063889409
198847623694790656
198847623287930881
198847623396982785
198847623879340034
198847623975796736
198847624739160064
198847625196339201
198847625473171456
198847626504970240
198847626874073088
198847626781798401
198847626689527808
198847626773413889
198847627067002880
198847628212043776
198847628543393793
198847629067694080
198847629067698176
198847628891521025
198847629575208960
198847629583593472
198847629516476416
198847630074318848
198847629692645376
198847630405677056
198847630422446080
198847631445868544
198847631882072066
198847631982739456
198847631986917376
198847631924011008
198847632033062912
198847632259551232
198847632280530945
198847632272138240
198847633157132290
198847632632848384
198847633387819008
198847633291358209
198847633421373440
198847633513652224
198847633576570881
198847633824022528
198847633404592128
198847634297982976
198847634809696256
198847634927128577
198847634956492801
198847635141033985
198847634855829504
198847634830667776
198847635153625088
198847636294471680
198847636466446336
198847636462247936
198847635254284288
198847636923621377
198847637275942913
198847637213020161
198847637242380289
198847637930246145
198847637875732480
198847637959610369
198847638026727424
198847638135779328
198847638441951234
198847638458744832
198847638391623680
198847637787648000
198847638374842368
198847638660071424
198847639415029760
198847639326953472
198847639717027840
198847639415042048
198847639511506946
198847639381491713
198847639943528449
198847639989661697
198847640283254784
198847640602030080
198847640908214273
198847641050820608
198847641029840896
198847641327636482
198847640069341184
198847641432498176
198847641541558272
198847640983699457
198847641516380162
198847642120359936
198847642795646976
198847642824998912
198847642917289984
198847643584176128
198847643944882176
198847644011995136
198847644607594497
198847644481761280
198847645912010752
198847645295443968
198847646134312960
198847646427910145
198847646507614208
198847648692838401
198847649112276992
198847650789986304
198847651347832832
198847651356225536
198847652455124992
198847653033938945
198847652463521792
198847652840996865
198847652660658177
198847652954255360
198847653675675648
198847653692440576
198847654254493696
198847654766198786
198847654988496897
198847654309011457
198847654623580160
198847655336607744
198847655378563072
198847655642800129
198847655546331136
198847655907041280
198847656192245760
198847655495995392
198847655865106432
198847656175472640
198847657354067968
198847657437962240
198847658159374336
198847657890942976
198847658662707202
198847659094716416
198847658759168001
198847659103100928
198847659166023680
198847659660947457
198847660227182592
198847660956975104
198847661422551042
198847661250576384
198847661426745345
198847661368033280
198847662353694721
198847662622126081
198847662143967232
198847663133835266
198847664136261632
198847664257896450
198847664928985088
198847664803168257
198847662659862528
198847665361010689
198847666359250944
198847667453968386
198847667592364032
198847667755954177
198847668619976705
198847668619972609
198847669685334016
198847670046031872
198847669739851777
198847669588865024
198847670457077760
198847670700355584
198847671291752448
198847671484690432
198847670926835713
198847672696836096
198847674215178240
198847673896407040
198847674693324800
198847674651381760
198847674143866880
198847675368620032
198847675448295425
198847675884515328
198847675238584320
198847676652060673
198847677688066048
198847676991803392
198847677457375233
198847678493360128
198847678443036672
198847677679681536
198847678501752832
198847679244148738
198847678329786368
198847680196255745
198847680515031042
198847680347246593
198847681647476737
198847681462943747
198847681722986496
198847683757228032
198847682826092544
198847684323450880
198847684809994240
198847684369580033
198847685397192704
198847685619499008
198847683719467008
198847687334969345
198847687880220672
198847688207368195
198847688928800768
198847690241622017
198847691193716738
198847692582035456
198847693546717184
198847694087786497
198847695136358400
198847695555805184
198847695618711552
198847695304146944
198847695622914049
198847696042344448
198847697309020161
198847697661333504
198847699053850624
198847699175481347
198847698873499649
198847698659586048
198847698969968641
198847699670417408
198847700119207936
198847700018544640
198847699766882306
198847700358279168
198847700337307649
198847700274393088
198847700886749184
198847700832231424
198847701398454272
198847702333800448
198847703143292928
198847704003125248
198847704036683776
198847703889879040
198847704149917696
198847704841977856
198847704426741760
198847704883929088
198847705416597504
198847703285895168
198847705135587328
198847704162512896
198847705592758272
198847706318372865
198847705932513282
198847706947522560
198847707148857345
198847706880421889
198847707127881729
198847705592774656
198847707459227649
198847707954167809
198847708054831106
198847708616863744
198847708704935936
198847708939829249
198847709048864768
198847709543809026
198847710927917056
198847711473176576
198847711515127811
198847711125061632
198847711863242752
198847711724838912
198847711351537667
198847713016676352
198847713222197248
198847713926844419
198847712928595969
198847714396606464
198847714514046977
198847714782486528
198847713926848513
198847715151589377
198847715784933377
198847716070141952
198847716523114497
198847716686700544
198847717546528768
198847718284722176
198847718771277824
198847720876806144
198847720688066560
198847721174605824
198847720788738048
198847720839069696
198847721057165312
198847719719190528
198847722147692544
198847722541948928
198847722630021123
198847722843934720
198847722814578688
198847722827153408
198847723196252160
198847723301126145
198847723842187264
198847723561168896
198847723984797696
198847723364040704
198847723171090432
198847724110622720
198847724240633858
198847724030935041
198847724546830337
198847724358086656
198847724429385729
198847725876424704
198847726207766528
198847726174212096
198847728015515648
198847728401395715
198847728392994817
198847728875356161
198847728502050817
198847729240248320
198847728678219776
198847729789702144
198847731387727873
198847730804723712
198847732029464576
198847732436307968
198847732566331392
198847733682024448
198847733929492481
198847733711380481
198847733694599170
198847734046920704
198847734348906497
198847734718013440
198847734789316608
198847735263264768
198847736202801153
198847736328617984
198847735955341312
198847736035020800
198847736433479680
198847736936800256
198847737071026176
198847737343647746
198847737364627456
198847738459336704
198847738413195265
198847738102816768
198847739075899393
198847739008790528
198847739491127296
198847740090920960
198847737373003776
198847740338372609
198847740267085824
198847740791365632
198847741013671936
198847740686499840
198847741626032128
198847741315661824
198847742766891008
198847742951436288
198847743278579713
198847742922076161
198847743471529985
198847743849017344
198847744910176256
198847745140858884
198847745816141825
198847745413496832
198847745702903809
198847746034241536
198847746101346306
198847746579513344
198847746894069760
198847747527413760
198847747409973249
198847747485478914
198847744813707264
198847747892318210
198847748643106817
198847749863645184
198847750757040129
198847750534733825
198847750798974976
198847751155490816
198847751579119617
198847752631877632
198847751990161408
198847752455729152
198847753705627648
198847752606715905
198847753680470017
198847754645151744
198847754653548545
198847755358179328
198847756083789824
198847755806969856
198847756008308736
198847755584675840
198847756687777793
198847757027524609
198847758168375296
198847758126432256
198847758793310209
198847759657353216
198847759766392832
198847759812538369
198847759783174146
198847760521375744
198847760777216000
198847761909694465
198847762509467648
198847762589171712
198847763033755648
198847761649631232
198847763264438273
198847763985874945
198847764480802816
198847761599303681
198847764988297216
198847765646807040
198847765869109249
198847762308141059
198847766154313728
198847766586327040
198847766930268160
198847767467143168
198847767664267264
198847770000494593
198847770449289216
198847770101153792
198847771279761408
198847771690811392
198847772890370049
198847772324134914
198847772714205186
198847773150420992
198847773406281729
198847773318184961
198847772185731072
198847772953284608
198847774521962496
198847774375157762
198847775268540417
198847775453102082
198847775717343232
198847775411150849
198847775436308480
198847775478251520
198847776304541697
198847776690405376
198847776916910080
198847778179395585
198847779039227904
198847779542532097
198847780016492544
198847778015817728
198847780649828353
