198823118507216896
198823118511407104
198823118624653312
198823118951825408
198823118863728640
198823118637244416
198823118486253568
198823118956015616
198823119316725762
198823119710994434
198823119673245696
198823119262199808
198823119656456192
198823120293990400
198823120159772672
198823120742776832
198823120591781890
198823120252059648
198823121854279681
198823120428220417
198823122273701888
198823121845891072
198823122361790464
198823123540377600
198823123246788608
198823123506835456
198823123737509888
198823124526039040
198823124140175362
198823124257615872
198823125461377025
198823123351650304
198823124920320002
198823124517654531
198823124836429825
198823125666902016
198823124148568064
198823125801119745
198823126031802368
198823124555407360
198823124270194688
198823127311060992
198823127264923648
198823127634034688
198823120222695426
198823126585450496
198823128057643009
198823128812634114
198823128883929088
198823129303355394
198823129647300608
198823129412407297
198823130620362752
198823130674900994
198823130662318082
198823131874463744
198823132172263425
198823131899625474
198823132780437504
198823132625244162
198823132944019456
198823132050632705
198823133262786560
198823133673820160
198823133967417346
198823134630125568
198823134760140801
198823134936317953
198823135494160385
198823135863242753
198823136047796226
198823136769212417
198823137159286785
198823137650024448
198823137511604224
198823138581164033
198823138367250433
198823138702790656
198823138786689024
198823138891538434
198823139977871360
198823140363730945
198823139860426753
198823140502151170
198823139512299520
198823140460212227
198823140791558144
198823140393099264
198823141160656896
198823140963516416
198823141865295873
198823141848522753
198823142637056001
198823142725136386
198823142242787329
198823143148756992
198823143782096896
198823143874363392
198823143291355137
198823143786299392
198823143882756097
198823144394473474
198823144474152961
198823144700657665
198823144742592512
198823144566435842
198823145199775744
198823145271066624
198823145753419776
198823145610817536
198823145954750465
198823146680356864
198823147380813826
198823147611496448
198823147238207488
198823148123193345
198823148391641088
198823148223856640
198823148093845504
198823148978831360
198823149238886401
198823149490536449
198823151013068800
198823150035800064
198823151419928576
198823151361204225
198823151126331392
198823151872917506
198823152011325440
198823151646412800
198823152128770049
198823152279764992
198823152455909376
198823152523022336
198823152032288768
198823152464302080
198823153156374528
198823153202503683
198823153697423360
198823152715968513
198823154221719553
198823154490155008
198823154515324929
198823154473381888
198823154666307586
198823154154606592
198823155077349378
198823154737614848
198823155152846848
198823155731677184
198823155559698432
198823155299647488
198823156163674112
198823156797030400
198823156981571585
198823157128364034
198823157770096640
198823158315360259
198823157581365249
198823158529265664
198823158093062144
198823158596386818
198823158579605506
198823158357295105
198823159439433728
198823159129047040
198823159129059330
198823159787569152
198823156436316160
198823160404131840
198823160085360640
198823161138135040
198823161242992641
198823161393983488
198823161121357824
198823161494650880
198823161482063872
198823162165739521
198823162882949120
198823162920697858
198823163038150656
198823163067514880
198823162933297155
198823163017179137
198823163956707330
198823164338384896
198823164384518144
198823164493570048
198823164992692224
198823165286297601
198823165248548864
198823165479239682
198823164724248576
198823165630230528
198823166477479936
198823166682988545
198823166439718913
198823166368423936
198823166964023296
198823167156957184
198823168117452801
198823167941283840
198823168041947137
198823168809508864
198823167148564481
198823168843059201
198823169677737984
198823170638233600
198823170982150144
198823170956988416
198823172689231873
198823172928311296
198823172345303042
198823172626317313
198823173062537216
198823173033177090
198823173284823040
198823173821702144
198823173427437570
198823173905584128
198823174115303425
198823174555701249
198823174543114240
198823175109349376
198823175054827520
198823175038050304
198823175335841793
198823176040480768
198823176141160448
198823176229240832
198823177084866560
198823176896122883
198823177097449473
198823177726607361
198823177286189057
198823178112483328
198823178397691904
198823178162806784
198823178775179264
198823178880036865
198823179412717569
198823179874091008
198823180499030016
198823179853103106
198823180180258816
198823180352225282
198823181790879744
198823181748944896
198823181937684480
198823182499713026
198823182927532033
198823183007219712
198823183447629826
198823183900622848
198823184714309632
198823185037262848
198823185435729920
198823185569955840
198823185259577344
198823186157154304
198823186689835009
198823186853396480
198823186312331264
198823187440599042
198823187272835073
198823187599994880
198823188317224960
198823188589846529
198823188627587072
198823188577255424
198823189382561793
198823188703088640
198823189613252608
198823189567123456
198823189806190592
198823189479043072
198823189885886466
198823189349011457
198823190607314945
198823190238208000
198823190452113408
198823191081259008
198823190687006720
198823190192066560
198823191991427072
198823191697821697
198823191563616256
198823192100478976
198823191718793216
198823192524103680
198823192662519808
198823192175984643
198823192649936896
198823191362289664
198823193232932864
198823193555906560
198823194721914881
198823194155696129
198823194545762304
198823194881302530
198823194310881280
198823195334287360
198823194843557888
198823195145551873
198823194436710401
198823196223471617
198823196416421889
198823196470935552
198823195619491840
198823196751962114
198823197305606144
198823197766975488
198823197511131136
198823198303846401
198823199331463168
198823199339851776
198823199750881284
198823198559715330
198823200153542656
198823200900128768
198823200942067712
198823201067909121
198823200937873409
198823201298591745
198823201466359808
198823201554432000
198823201780936704
198823201810292737
198823201873211393
198823201701232640
198823202330390531
198823202590437376
198823203559309312
198823202921779201
198823203756441601
198823203865505792
198823203928416258
198823203278303232
198823204276543489
198823204897292288
198823204540788738
198823204968603648
198823205505470465
198823206184947712
198823206382092288
198823206046539778
198823206092685312
198823207023816704
198823206981869568
198823207304835072
198823208017866752
198823208491814913
198823209339060224
198823208898674688
198823209817210881
198823209536196608
198823210245029889
198823209993388032
198823210022744064
198823210681249792
198823210765127682
198823211763367936
198823211390091264
198823211532693504
198823212992303104
198823214175105024
198823213713735681
198823214519025664
198823214309310464
198823214481281026
198823213806002176
198823215332732930
198823215332732928
198823214158323713
198823215290781697
198823216725237761
198823217262104578
198823217811570688
198823216888819713
198823217887055872
198823218088394752
198823218281324544
198823218235187201
198823218449096704
198823218264555521
198823218570727427
198823218985959424
198823219363463169
198823219225042946
198823220030341121
198823220118429696
198823220193931264
198823219816435712
198823219724169216
198823219984220160
198823220529475585
198823220567228416
198823220709822464
198823220714024962
198823221431255040
198823221406085120
198823221527707650
198823221733244928
198823221976506371
198823221754216449
198823220495917056
198823221208952832
198823222467235840
198823222706315266
198823222693736448
198823222345596928
198823223155097600
198823223889100800
198823223859752960
198823224333713410
198823223767474176
198823224367267840
198823224551800832
198823224321114112
198823225017380864
198823225206120448
198823223650029568
198823225386475520
198823226019807232
198823226166607872
198823226787377152
198823223524204544
198823227169054721
198823227001286657
198823227051614210
198823228364431361
198823228322484224
198823227924025344
198823228603506689
198823229282983937
198823225638129664
198823230285418496
198823229811470336
198823231027814401
198823231195578369
198823231153647616
198823230528688145
198823232051224576
198823231166226432
198823231887638529
198823233150124033
198823234572001280
198823233682812928
198823235515727873
198823235779952640
198823235427635200
198823236308443137
198823236543320066
198823236060987395
198823236316831746
198823236971143170
198823237113753600
198823237050834945
198823237659017216
198823237667401728
198823235301814272
198823239676477441
198823236786597888
198823233330495488
198823241287090176
198823240733433856
198823241492594688
198823241958166528
198823241538740225
198823241253535744
198823242306293760
198823242880913409
198823243111608321
198823242411155456
198823242012700672
198823243522641920
198823243329699840
198823242251771904
198823243287764992
198823243807862784
198823244353122305
198823241169649665
198823244663492608
198823245150031872
198823245166817280
198823244990656512
198823245695299585
198823245628182528
198823246240550913
198823246299267073
198823246769037314
198823246592876544
198823246563508224
198823246840340480
198823246873886720
198823247142322176
198823248463532034
198823248434176000
198823249025568768
198823248987815937
198823249918955520
198823249923145728
198823250304843776
198823250229334016
198823250283855872
198823251034640385
198823251034640387
198823251185631232
198823251206615040
198823250493587456
198823250824937472
198823251223396352
198823251059802112
198823251068190720
198823251475038208
198823252091613185
198823252917886976
198823253249236993
198823252821417984
198823253618339840
198823253857406976
198823253765144576
198823253958070273
198823254209728512
198823255216365568
198823254834679809
198823255707099136
198823256013283328
198823256847953920
198823256931835904
198823257103810560
198823257036689409
198823257909112834
198823258383056897
198823258072690688
198823257741332482
198823258714411008
198823258362101760
198823258827661312
198823258362097664
198823259872043009
198823261239390208
198823260891267072
198823261335859200
198823261251977216
198823262019522560
198823261600088064
198823262443155456
198823262879358976
198823263005188096
198823263282020353
198823263030345729
198823263298789376
198823263676276737
198823264087310336
198823263512690688
198823265077170176
198823265093955585
198823265274306560
198823265211392002
198823264670330881
198823265962180608
198823265991524352
198823266117357569
198823264682905600
198823266134147075
198823266926870528
198823266960408577
198823266989768704
198823266805231616
198823267992211457
198823266348040193
198823267090436096
198823268151595008
198823267514073088
198823268235485185
198823269137260548
198823266448715777
198823269883846657
198823270055804928
198823271213449217
198823271301525505
198823271943258113
198823272266211329
198823272694034433
198823272866000899
198823273201545216
198823273310601216
198823272903737345
198823273683894273
198823273620971521
198823273696477186
198823273507733505
198823274363367426
198823273696468992
198823274904420352
198823274468212737
198823274749235200
198823275139305472
198823274208169984
198823275697160192
198823275458076673
198823276028506112
198823276359843840
198823276083019776
198823276246614017
198823276737331200
198823276846395392
198823276938661888
198823276854775808
198823277077073921
198823277215498242
198823276783476738
198823277651705857
198823277911748608
198823278826098688
198823278402486274
198823278465396736
198823278721241088
198823279413301249
198823278842888192
198823278033379328
198823279140675584
198823280508014593
198823280440909824
198823280830971905
198823281053270016
198823281061658625
198823281711792128
198823282072489985
198823282269626368
198823281556590592
198823282366103553
198823283339182080
198823283163004928
198823283657936896
198823284102545408
198823284811374592
198823284899450880
198823284664582144
198823285176274945
198823285587329025
198823286107410433
198823285948035073
198823287005003776
198823287306993665
198823287139217408
198823287780933634
198823288405893120
198823287869026304
198823289362186240
198823290159116288
198823290335277057
198823290813415424
198823291178319874
198823291778109440
198823291761336320
198823292780560384
198823292944138240
198823292575035393
198823293673943042
198823293304844288
198823293879451649
198823293829136384
198823293405495296
198823294579912704
198823294047223808
198823295217451008
198823295548784640
198823291476115457
198823295842402304
198823296404434944
198823297201352706
198823297104883716
198823297981485056
198823297671118851
198823298249924609
198823298635792384
198823297595621377
198823298761637888
198823299139117056
198823300061868032
198823300221243392
198823300363857920
198823299680178177
198823300091232256
198823300414185474
198823300284166145
198823300741332992
198823301852839936
198823302058356737
198823302628773890
198823302851076096
198823301806686208
198823302691696640
198823303148871680
198823303304069121
198823303257915392
198823303887073280
198823302024802304
198823304407171072
198823304780447744
198823304138727427
198823305246027776
198823305413804032
198823305262796801
198823305774501888
198823306500120578
198823306705641472
198823306923753472
198823306944712707
198823307385126912
198823307401904128
198823307301240832
198823307271876609
198823308035239937
198823308278497280
198823308723097601
198823309796839425
198823310044307457
198823309557760000
198823310283390977
198823310832840704
198823312137265152
198823312162439168
198823311726223362
198823312539922432
198823312133074945
198823313303273472
198823313492025344
198823313890480129
198823314460917762
198823314121175040
198823314364436480
198823314167300096
198823314871955459
198823314548985857
198823315278798849
198823315287183360
198823315924729856
198823317191397376
198823318374203392
198823318969790464
198823319066247168
198823318567124992
198823318399352833
198823320228085760
198823320295182337
198823320169353216
198823320358100992
198823321159204864
198823321901604864
198823322203602944
198823321746411521
198823321964523521
198823322669166595
198823322748850176
198823322484604928
198823323159900160
198823323197640704
198823323826794497
198823324665643008
198823324556599296
198823325005398016
198823325034745857
198823326334976001
198823326293049344
198823327345819648
198823327433895936
198823327425507329
198823327903649794
198823327178031104
198823327509385216
198823327752667137
198823329002561536
198823329195507712
198823329354883073
198823329128394756
198823330059526145
198823330667692032
198823330722222080
198823331045187587
198823331275866113
198823331414278144
198823331187789824
198823331942764546
198823331967938560
198823332169269249
198823332207001603
198823332873900032
198823333272354818
198823333331075072
198823333972815873
198823334123806720
198823334627115008
198823334895562752
198823335482753025
198823335390482432
198823336015446016
198823336476819456
198823337152098304
198823336577474561
198823336233549825
198823337974181888
198823338037084160
198823337839968257
198823338364243968
198823338053873664
198823338875961347
198823339953885185
198823340176183296
198823340662730752
198823340742422528
198823340436238339
198823341325426688
198823341287673859
198823341572890624
198823341677744128
198823341811961856
198823342357217280
198823342453698560
198823342596296704
198823342764081152
198823343460319233
198823343514861568
198823343657459713
198823344139800576
198823345138044929
198823344945102848
198823345175805953
198823345209344002
198823345226121216
198823346048221184
198823346165657600
198823345771380737
198823346304073729
198823346631221249
198823347562364928
198823346832556033
198823347428139008
198823347826589696
198823347449102336
198823349282025472
198823349332357123
198823348816449537
198823349483356160
198823349063913476
198823349462368256
198823349659512832
198823350007631873
198823350750031872
198823350351572994
198823351135907842
198823351593082880
198823352532611073
198823352524210176
198823352918474752
198823352738131968
198823353333714944
198823353790902272
198823353832849409
198823354084495361
198823354906583041
198823354948521984
198823355841904642
198823356085190656
198823357150527488
198823357196673024
198823357377032194
198823356945014785
198823357939068928
198823357452529664
198823358022946817
198823357293133826
198823358694035456
198823357557391360
198823358673063938
198823359339962368
198823359604203520
198823359172190208
198823359625170945
198823359595810816
198823360103333888
198823359956529152
198823359872630784
198823360996708353
198823361185452033
198823361516802048
198823361504215041
198823361256759296
198823361223200768
198823361802010625
198823361370009600
198823362011725824
198823363139997696
198823363509096448
198823364616400896
198823364662542336
198823364742221824
198823364796751875
198823364075331584
198823364532514816
198823365488807936
198823365455257600
198823365136486400
198823365715300354
198823365585289216
198823365774020608
198823366155710465
198823366227013635
198823365862109184
198823366751297536
198823367233634307
198823367065862145
198823367455940608
198823367917318146
198823368324165634
198823369876058112
198823369792163840
198823369406291968
