198777317806448641
198777321149304832
198777327000367106
198777327067475968
198777332218077184
198777334516547585
198777335447687168
198777338039767043
198777337876189185
198777339809775616
198777340250165248
198777341751726081
198777340296310784
198777345883111424
198777347082690561
198777349330845696
198777350056452096
198777350656237569
198777350190665728
198777352287817732
198777352325578754
198777354489831425
198777354775052288
198777357568442368
198777357279043584
198777357992067073
198777360521240576
198777361599180800
198777362257690625
198777363306250240
198777369585127425
198777370772119552
198777372022013952
198777373523578881
198777374463115265
198777372596641792
198777372797968384
198777375280988160
198777375658479616
198777378326069250
198777378682572800
198777378581909505
198777379651457024
198777380607766528
198777386978914305
198777387461255170
198777388715360256
198777389742948352
198777390976077824
198777390900576258
198777391328399361
198777391986900992
198777393844989952
198777394776121344
198777396701310978
198777397343035393
198777399222091778
198777400258080768
198777402707550209
198777403131179008
198777404410445825
198777406620827648
198777411926630400
198777411851141120
198777415089139712
198777415646982145
198777419526701056
198777421347033089
198777421821001730
198777422412394496
198777422949261313
198777425306460161
198777425973358592
198777429366538240
198777429370732544
198777430201204738
198777432134782976
198777432449355777
198777434835910656
198777435561541633
198777435779637248
198777435729297409
198777440741507073
198777444038230016
198777445233598465
198777446097629185
198777446022127619
198777445950832642
198777446697402368
198777448882634752
198777451189506051
198777451982233602
198777452791734274
198777453076946945
198777455090208768
198777455304130562
198777458298855424
198777459578118144
198777462803537920
198777464267345922
198777466335150081
198777468545540098
198777469581524992
198777469686382594
198777469841571841
198777471305396224
198777471917768704
198777474367225858
198777477479411712
198777478712528897
198777478699945985
198777478813204480
198777479362650113
198777479501053953
198777480235057153
198777483779256321
198777484592951296
198777485847052289
198777486492975105
198777487256338433
198777488011304960
198777489714200576
198777491312226304
198777492750860289
198777493686198273
198777494374068225
198777494717997056
198777494688645121
198777496345382914
198777496022421506
198777497662398464
198777498148937728
198777497935024129
198777499914747904
198777501902831617
198777505329582080
198777507409952768
198777508114599937
198777510798966787
198777510845100032
198777511520378880
198777511465848832
198777512124350464
198777513248423937
198777513923719169
198777510350159874
198777515521753088
198777513491705856
198777517119778816
198777518289981440
198777522400395265
198777523750961154
198777528477954048
198777530445078528
198777530470248448
198777530772226048
198777532126986241
198777532584169472
198777534945574912
198777537604755456
198777539102126081
198777540444307457
198777541132161024
198777542004576256
198777542990245888
198777542826659840
198777544248528898
198777545708146688
198777547524288513
198777548451225603
198777548346372096
198777550502236160
198777551131377664
198777552125440001
198777555518631936
198777555959025664
198777557049548802
198777558710489089
198777562497949697
198777562393088000
198777563563311106
198777565849206784
