198786125769347072
198786127170244608
198786127619039233
198786128113963008
198786129162539008
198786129095426048
198786131469414400
198786133193261056
198786133184880641
198786134380249088
198786135797936128
198786135542071296
198786135965700096
198786135491756032
198786136137670657
198786137530171394
198786138570371072
198786139988045824
198786141057593344
198786142039064576
198786142160683011
198786142634647553
198786145167998976
198786147109961728
198786148020133889
198786149299392512
198786148544417795
198786149672689664
198786150352171008
198786150360563712
198786150645772288
198786150989705217
198786149488144385
198786151505604608
198786152000532480
198786153695019008
198786155741855746
198786155930595329
198786156471664642
198786157096615936
198786156542951424
198786155041390592
198786158019362817
198786158233260033
198786161660018689
198786162737942528
198786162981224449
198786164466003969
198786165002862592
198786165447467008
198786166638657537
198786167687233536
198786168538677248
198786168794521600
198786169570471937
198786170778423297
198786170929414146
198786172330315776
198786172175122433
198786172862996480
198786175446691840
198786177027948544
198786176663027712
198786177703223296
198786179041202179
198786178290425856
198786180454686720
198786183243902976
198786183017414656
198786183743012864
198786185093586944
198786186905526273
198786187467554816
198786187756969984
198786188335783936
198786188381921280
198786188851691521
198786189396951040
198786191452155906
198786192681082881
198786195138949120
198786195235405824
198786194992136194
198786196971859968
198786196648886272
198786197391294464
198786199803019265
198786200289542144
198786201589792769
198786202609000448
198786202881634304
198786204051832832
198786205826039808
198786201321340928
198786208179027968
198786208262930432
198786211593207808
198786214072025088
198786214432735233
198786214801833985
198786215980449792
198786215921721344
198786216353738752
198786212562092032
198786216701853698
198786216341151744
198786213451276289
198786218417332225
198786219402993664
198786219998576640
198786223282724864
198786223647637504
198786224209661952
198786226382319616
198786226399088643
198786227456053249
198786227942592512
198786227225362433
198786228131336193
198786229553217536
198786230517895168
198786231008632832
198786231260291072
198786231826526208
198786230807310337
198786236687716353
198786237186850816
198786238013128704
198786237954400256
198786239388860417
198786239611154432
198786239741181952
198786240554872832
198786241540521987
198786242215821312
198786242702348288
198786243729948672
198786245982294017
198786246523363328
198786246980534272
198786249111244801
198786250570874880
198786252567363585
198786252345061376
198786254358327296
198786254584815616
198786255482404866
198786255448842240
198786258477125632
198786259123052544
198786259391492096
198786259534090240
198786260633010176
198786260825944064
198786260431667200
198786261526384641
198786262474301443
198786264521121793
198786267209674753
198786269101297666
198786271395594241
198786271563358208
198786271630458881
198786273006198784
198786274486784000
198786275011076096
198786275761856512
198786275938021378
198786276701380608
198786276739133440
198786278018383872
198786279092129792
198786278525906944
198786279431876608
198786279746449410
198786282120429568
198786282363699201
198786281910702080
198786283139637248
198786283571658753
198786284582486017
198786287891783680
198786289179426816
198786289137483776
198786291104616448
198786293700902912
198786297660321792
198786298373357569
198786299711328256
198786301774938112
198786301863014401
198786302810918916
198786303410708480
198786304186650624
198786305461714945
198786306359312385
198786308724883456
198786308934602754
198786308615835649
198786310272585728
198786311430213632
198786311354724352
198786312860475392
198786312797552640
198786315498684417
198786316140417025
198786316014587906
198786316694069248
198786316685680643
198786317453230081
198786318363406336
198786318610874370
198786320775127040
198786321538482178
198786323371405314
198786323996344320
198786323878907904
198786324151549954
198786326219325442
198786326923976704
198786327867703296
198786328593309696
198786329725767681
198786330552049666
198786330963083264
198786330031947777
198786331357364224
198786331378335745
198786334901551106
198786336138862594
198786329163730944
198786337036435457
198786337032253440
198786337606877184
198786338202451968
198786339301371905
198786339410415616
198786339938910209
198786341792780288
198786337762062336
198786342564528128
198786343520837632
198786343395016705
198786343827013633
198786344871407616
198786345198551040
198786345819312129
198786347048251393
198786346637201410
198786347731910659
198786347299909632
198786350240112641
198786350470799361
198786349774536707
198786351724892160
198786353977241601
198786353692033024
198786354929336320
198786354321170433
198786357307523072
198786360159637504
198786360696516608
198786360801378304
198786360742653954
198786357986996224
198786362089025536
198786361883504640
198786364882432002
198786365591265283
198786366149103616
198786365540933632
198786367822639105
198786368380481536
198786368829259776
198786369655545856
198786369663938560
198786369521328128
198786370179837953
198786370628632576
198786371941437441
198786372553809920
198786374567067649
198786374382530560
198786375443689472
