198852814838054912
198852817031659520
198852818076053504
198852820152238080
198852818197692417
198852824292003840
198852824304599040
198852826582097920
198852827362246657
198852827420966912
198852828905750528
198852830583468033
198852832156319744
198852833276203010
198852834035376128
198852836325474304
198852838170955777
198852839882235905
198852839001423872
198852841236996096
198852844135260160
198852844210765824
198852845007675392
198852845053808641
198852847100641280
198852847285174273
198852848056938497
198852848493142018
198852848589602816
198852849730457600
198852850183442433
198852851710169088
198852852196712449
198852853186572288
198852854344196097
198852854432280576
198852854939791360
198852855011082242
198852855958994945
198852855900291073
198852857330548736
198852858051960832
198852853928955905
198852858957922304
198852860455292929
198852860929249280
198852862032351233
198852862397267968
198852863668142080
198852864720908288
198852865404571649
198852865652043776
198852865425547264
198852867728228352
198852869074587648
198852872149016576
198852872471973888
198852875995197440
198852875940663296
198852878721495042
198852878637596672
198852879174475776
198852882475397120
198852883100344320
198852885763723265
198852885986025474
198852885696626690
198852887760224257
198852888343232512
198852889110773760
198852892671746048
198852893640630272
198852891920965632
198852894378831873
198852898371809280
198852899332300802
198852899806253056
198852899470716928
198852898896084992
198852899512651776
198852900271833089
198852900309577729
198852900246654976
198852900464771073
198852901391712257
198852903061037056
198852904193495040
198852904797483009
198852905850257410
198852908652044288
198852910921170944
198852911256711168
198852911424479232
198852911751634944
198852911810351104
198852912057810944
198852912770842624
198852913123164161
198852914209497088
198852915698470912
198852916046598144
198852916147257344
198852919775330304
198852919393665024
198852922958815232
198852923327922176
198852923919310848
198852924032565251
198852925391519744
198852926117130240
198852925500555264
198852926561722368
198852927203454976
198852929006997504
198852929518706689
198852932219834368
198852932945461248
198852933692035072
198852934598008832
198852934509932544
198852935541735424
198852937701793792
198852939975102464
198852939819913217
198852941531193344
198852941510230016
198852944395907072
198852944869855232
198852945029238784
198852945448673280
198852946098790400
198852947961065472
198852948841857025
198852948556648448
198852949689106433
198852950771240960
198852951509434369
198852953665310720
198852954332209152
198852955510816768
198852955233984514
198852957394051073
198852957700231169
198852958883037185
198852959533154304
198852959994511361
198852961638686720
198852964918640640
198852967326154752
198852969318453248
198852969968578560
198852969825976320
198852970132148224
198852971843436544
198852971952484352
198852971629510656
198852972166397952
198852972262862848
198852961856786432
198852972854251520
198852973739245569
198852973990920193
198852974238380032
198852973869273088
198852974158675968
198852977312792576
198852978109714432
198852978575290370
198852980559192064
198852981603581952
198852982043967490
198852981955887104
198852982975119360
198852988582903808
198852989887320064
198852990046699520
198852990021537795
198852990847811584
198852991690878976
198852991908978688
198852995553837056
198852995574792192
198852994660438016
198852997856509952
198852998296903680
198852999211261952
198853000180150272
198853001568452608
198853002151477249
198852999018328065
198853004470919168
198853004558991360
198853006886842368
198853006450626560
198853007717318656
198853008740712448
198853009017536512
198853008803631104
198853011601231873
198853011861291009
198853012511395840
198853013304127489
198853014675656705
198853015741005825
198853015501938688
198853016969936896
198853019385868288
198853020551888896
198853020782575617
198853024163172352
198853023492091905
198853025366945792
198853026625232896
198853027149516800
198853035181617152
198853035944984576
198853036691570688
198853038184738816
198853040579690497
198853041712140288
198853042039308288
198853042047684608
198853044513931264
198853046279733249
198853046711758849
198853047005351936
198853048175575041
198853048813109248
198853049362554881
198853055536578560
198853057017167872
198853057268809728
198853057390444544
198853058682306561
198853058720051201
198853058833285120
198853059126902786
198853059298869248
198853060636852224
198853063216336896
198853063891615744
198853063681912832
198853063753216002
198853065057636352
198853065170878464
