198848284100530176
198848284759040001
198848284620627968
198848284851306497
198848285878910976
198848286982025217
198848288013811713
198848288726859776
198848289259520002
198848289242755074
198848289863503874
198848288680714240
198848291100835840
198848292195545088
198848292010991617
198848292224897024
198848293076348930
198848293458030592
198848291243433984
198848292505927680
198848294141693952
198848294338830336
198848294603063296
198848294036836354
198848294632423424
198848294947012608
198848295873953792
198848295995576320
198848297312591873
198848296872181760
198848297455190017
198848297341956096
198848297845260288
198848299090980864
198848299040641025
198848299657216000
198848299560734720
198848299292295169
198848300286345216
198848301292982272
198848300437340161
198848301792100352
198848302924574720
198848304371609600
198848304182861824
198848304518406147
198848305374040066
198848304916860929
198848306921746432
198848307299225601
198848306842046465
198848307810938880
198848305147555840
198848307026595841
198848308372963328
198848308112916480
198848307601227777
198848308825960448
198848308964368384
198848308230369280
198848309694181376
198848309618675713
198848310281388032
198848310713389056
198848310734368768
198848311183147008
198848312261083136
198848311669698561
198848312240115712
198848312563089411
198848312814743552
198848313666183169
198848313510998016
198848313892675584
198848313502613506
198848313624236032
198848314274361344
198848313833955329
198848314538594304
198848314450518017
198848314395992064
198848314882527235
198848314416971776
198848314362441729
198848314932867074
198848315889160192
198848316321185792
198848316698656770
198848317373947904
198848318615453696
198848318808391680
198848318753878017
198848319601115136
198848321060737024
198848321199149056
198848321555668993
198848321761198080
198848323350831106
198848323594100736
198848324252614657
198848324781088768
198848325091467266
198848325288607746
198848326056165378
198848326236520448
198848325825478656
198848326509150208
198848326915993602
198848327918428160
198848328392384512
198848329076051968
198848329801674752
198848329784901632
198848329747144704
198848330657312768
198848331034787841
198848331697504256
198848331865276418
198848332142096384
198848332536365056
198848333060648960
198848332532166656
198848333316505600
198848332829962241
198848333631070208
198848334134382593
198848335522697217
198848336256704516
198848337141698560
198848336801964032
198848337527574528
198848337435312130
198848338534219777
198848338450333698
198848339146571777
198848338165116928
198848339679248384
198848339977052160
198848341088550912
198848341449256960
198848341906436098
198848341285679105
198848342342631424
198848341893849088
198848343458328576
198848343756111872
198848344817278976
198848345706467329
198848346599858176
198848347333857280
198848347447107584
198848347799429120
198848347740704769
198848348277571584
198848347824590849
198848347468087298
198848348839612416
198848348613128192
198848349275820033
198848350110486528
198848349644926976
198848349829480449
198848350487982080
198848350760603649
198848351519768577
198848351586893825
198848351129706496
198848351406534656
198848351905644544
198848352559955968
198848351935012867
198848353117806592
198848353851813888
198848353554010112
198848351259734017
198848354237681666
198848355697299456
198848354430615552
198848355449835520
198848356095754240
198848356347412480
198848356934615040
198848357572153344
198848357521821696
198848358473924608
198848358578794496
198848359195348992
198848359715442688
198848359237296129
198848360260710401
198848360181022720
198848360092930048
198848361082781697
198848360441053185
198848361632251904
198848362760519680
198848359879016448
198848363922337792
198848364350160896
198848362458521600
198848364647956480
198848364912189440
198848365021233152
198848366262751232
198848366522793984
198848367416188928
198848367428775937
198848368712237056
198848367688822784
198848368846442496
198848369005821952
198848368485728256
198848369228132352
198848369223942145
198848369546891265
198848370029240321
198848370029248512
198848370427691008
198848369999872000
198848372080246786
198848372751343616
198848372394827776
198848373019770880
198848372860387328
198848372570996737
198848373783146497
198848374227746818
198848372776517633
198848375196614657
198848374986911745
198848375758659584
198848375385374720
198848375410528256
198848375628632064
198848376735932416
198848376803037185
198848377197301760
198848377130192897
198848377662881793
198848378472382464
198848378409455616
198848378891800576
198848378845659136
198848379810353152
198848379932000257
198848380586307585
198848381500665856
198848381395812353
198848381844598785
198848382675075073
198848382704427008
198848383346147328
198848385720131584
198848385711738881
198848386852589569
198848387431407618
198848387750166528
198848387678867456
198848388584849409
198848388488368129
198848389352402944
198848389901856768
198848390229004290
198848390774276096
198848390195453952
198848390698770432
198848391420182528
198848391525040128
198848391806074880
198848391747346433
198848391315333120
198848390933647360
198848392695250946
198848392946925569
198848393324408833
198848393068560384
198848393412489217
198848394532368386
198848394624638979
198848394872111104
198848395367030784
198848394947608576
198848395564167169
198848393752231936
198848396197494784
198848395178283008
198848395866144768
198848397044756480
198848398110113794
198848397233500161
198848398454030336
198848398458224642
198848398613426176
198848398806364161
198848398886060032
198848399431303168
198848399120941058
198848399649419266
198848399250952192
198848399833972737
198848400022712322
198848399628447744
198848400437948417
198848401062899715
198848400958029826
198848401566212097
198848401713016832
198848400903520256
198848401847234560
198848402694475776
198848402275041281
198848402329571329
198848402933563392
198848402736431105
198848403369766913
198848404342837248
198848402728042496
198848405043290113
198848405022318593
198848405534027776
198848405617917952
198848405265596417
198848406033154048
198848406221897729
198848407434039296
198848407010418688
198848407408869376
198848407878635520
198848407970918400
198848408428085249
198848408230965248
198848407140442112
198848408713297920
198848408650387456
198848409212436480
198848409539579904
198848409355042817
198848409979994113
198848410697207808
198848410596544513
198848411267637248
198848412240723968
198848412219748352
198848412781776897
198848412475592704
198848413524176897
198848413633224705
198848413536763904
198848414593716225
198848412890824704
198848414350442496
198848414195257346
198848416284016640
198848417563291648
198848417483587584
198848419618492417
198848416795738112
198848420809687040
198848420843233282
198848420776124416
198848420910346242
198848420864204800
198848421170384897
198848418137899008
198848421740814337
198848423393361922
198848424261591041
198848424689410048
198848424341274624
198848424932675586
198848424836206592
198848425805086720
198848425960288256
198848426576855040
198848423200436224
198848426727849984
198848427445059584
198848427042418688
198848427872890880
198848427868700672
198848427675750401
198848427910635520
198848428938248193
198848429491888128
198848429827440641
198848429965844481
198848427856117760
198848430951514112
198848431006040064
198848430926340098
198848430565638145
198848432033636353
198848432377573376
198848432599871489
198848432935415810
198848434621521920
198848434462130176
198848436076949507
198848436467011584
198848436483792897
198848436974518273
198848437905653760
198848437951803393
198848438237007873
198848438660636673
198848439868604416
198848439826644992
198848440254476288
198848440443211776
198848443194675200
198848444088057856
198848444184539136
198848444759146496
198848444662693888
198848443928690689
198848445979693057
198848445908398080
198848446222966784
198848446327816192
198848446717890560
198848446155857921
198848446931800064
198848448299139072
198848447753891841
198848448248819713
198848448940883968
198848448508854272
198848449058320385
198848449272217602
198848449108643840
198848449762963456
198848449943306240
198848450291437569
198848450358546432
198848450803154944
198848451100938240
198848451516170240
198848452577329152
198848453432971264
198848453244235776
198848454137614336
198848453642694657
198848450924781569
198848454930333696
198848455114895361
198848455068745728
198848455341375488
198848456163467265
198848455886647296
198848457056849921
198848449758760963
198848456939421696
198848457795051520
198848457824407552
198848458172538880
198848455035191300
198848458222878720
198848451499405312
198848458067689472
198848458965270528
198848459460182016
198848460101918720
198848461259546624
198848462329085952
198848462274560000
198848463331532801
198848463373467649
198848463264423937
198848463553835010
198848459598598145
198848464786948096
198848464531111938
198848465441259521
198848465801977856
198848466158497792
198848466712150016
198848466728919041
198848466884100096
198848467106398211
198848467131568128
198848467345473536
198848467383230465
198848468255637507
198848468855431168
198848468448587776
198848468469563393
198848470004678658
198848470755454976
198848471602696195
198848472345088003
198848472672256000
198848473699860480
198848474056359937
198848473867620354
198848473938927616
198848474832310272
198848474408681472
198848475763449856
198848476178681856
198848475998334978
198848476963012608
198848476837191680
198848476673613824
198848479634784257
198848479190188033
198848479185997824
198848479739645952
198848480897269760
198848480742080514
198848480775639040
198848481333481473
198848481530626048
198848482168147968
198848481677410304
198848482172342272
198848482784714752
198848483451617280
198848483380310016
198848483787149312
198848483824906240
198848483875241984
198848484575690752
198848484823154688
198848485334843392
198848486005936130
198848485523595264
198848485775261698
198848486555385857
198848486614118401
198848487465566208
198848487511687168
198848488635760640
198848489495597056
198848489797582848
198848490133131264
198848490254774274
198848490036670464
198848490699374592
198848491441750016
198848491852791808
198848491932491776
198848492666494976
198848493857677313
198848494247739392
198848493811548161
198848493509554176
198848495304720384
198848496076455936
198848497779347457
198848498001641472
198848497594798080
198848498156838912
198848498886647808
198848499083784192
198848499117326336
198848498848890881
198848500371423233
198848500044267520
198848501315141633
198848501537439745
198848501235462144
198848501726195712
198848501801693184
198848501994622976
198848501776523264
198848502275653633
198848502481166337
198848502476980225
198848502825099265
198848503919808512
198848503303241728
198848504372789248
198848504343441408
198848504536379392
198848505165516800
198848505199079424
198848505329102849
198848506398650368
198848506738393088
198848506855833601
198848506889383936
198848507958935552
198848508458041345
198848509569540096
198848509762473984
198848508789391361
198848510295150592
198848511343738882
198848511075287042
198848511310172161
198848511679275008
198848512325189632
198848513570910208
198848513306669057
198848514590126081
198848514174877698
198848514887921664
198848512870453248
198848515185717248
198848515701612544
198848515932303360
198848518314659842
198848518083985408
198848518788624384
198848519107383296
198848520189526016
198848520722198528
198848520546025472
198848521414254593
198848521833680897
198848522588651520
198848522106310656
198848522563502080
198848523540770816
198848523788222465
198848524065058816
198848524367044612
198848524748734465
198848525138804737
198848525574995968
198848525197524992
198848525684060161
198848526254485504
198848525818269696
198848525793116162
198848526543888384
198848526384513024
198848528053841921
198848529186295809
198848529832214530
198848529601527808
198848531707072514
198848531342168064
198848531774193666
198848531329585152
198848532780818433
198848533066031104
198848534689222656
198848534051700736
198848534534033408
