198783860262187008
198783860471889920
198783862690689024
198783863311446016
198783864276127744
198783865391812608
198783866750771200
198783862627766277
198783868956966914
198783869942632449
198783870265589760
198783873000288256
198783873834954753
198783873923039232
198783873994326016
198783871561633794
198783875781115906
198783876011790336
198783874673819650
198783879455309824
198783881065930753
198783881284038656
198783881971904513
198783882454241282
198783882835931138
198783883058225153
198783884970827776
198783885050511360
198783886321393668
198783886463991808
198783887462244352
198783887940403200
198783887961362433
198783887965564929
198783888535990273
198783889345495041
198783888909271040
198783889555210240
198783890595381249
198783890993852417
198783891283263488
198783890930925569
198783891287453696
198783892633829377
198783893174894592
198783894890348545
198783896928792576
198783897608273920
198783897360793600
198783897465651201
198783898245795842
198783900779155457
198783901374742528
198783901857103875
198783903559983104
198783904155578368
198783900292612096
198783903518035968
198783905841680385
198783905808134144
198783905757790208
198783906651193344
198783909297790976
198783912095391745
198783911348809729
198783913596960769
198783911512379392
198783910946160640
198783914700058625
198783915656355841
198783918038728704
198783918256824321
198783917887733760
198783918659485696
198783919661912064
198783921893289985
198783922702778368
198783923482931200
198783927056478209
198783927538819072
198783927958253568
198783928566423553
198783929178800129
198783929333989377
198783931502440450
198783931607285760
198783931909279746
198783932404215808
198783931737321473
198783934933368833
198783935671578624
198783936451710976
198783936472690688
198783936980193281
198783937684840448
198783938133635072
198783938867638272
198783939735846913
198783940499214339
198783941514240001
198783942646693888
198783945201037313
198783945960198144
198783945813405696
198783946312527876
198783946211864576
198783948027990019
198783948598411265
198783950410350593
198783949508583425
198783952834666497
198783952704647168
198783952222302209
198783953686102017
198783953052762113
198783954168451072
198783953811947521
198783954642403328
198783955078610945
198783955707772929
198783956223655937
198783957708455936
198783958194987008
198783958459219969
198783959696556034
198783960581541889
198783961873399808
198783961672065024
198783962682900481
198783963165229057
198783963404308481
198783965002338305
198783965484687360
198783965014933504
198783966231277570
198783966805893120
198783966390661121
198783961961467904
198783968089346048
198783969465077760
198783969544781826
198783969687375873
198783969200836608
198783970446557184
198783971931328513
198783972250103808
198783973248348161
198783973382569985
198783973491609600
198783974842183682
198783973323845632
198783977543303168
198783978617057280
198783980240252931
198783980957474816
198783981704069121
198783982635200512
198783982312239105
198783983314673664
198783985290194944
198783986649137152
198783986179383296
198783987186016256
198783986884018177
198783988159098880
198783989127987200
198783990004580355
198783991086727169
198783991204151301
198783992055595008
198783993934655488
198783995478163456
198783995457191936
198783995935326209
198783996270878721
198783997881483265
198783998900703232
198783999341117440
198784000804925440
198784001719271424
198784001757036544
198784004160364545
198784004424609792
198784002432311296
198784005359931394
198784007041847296
198784009319350274
198784009768148992
198784011244539906
198784011169050624
198784012087590912
198784012381208576
198784012569939969
198784014075699201
198784014650318848
198784015061364737
198784017183682561
198784016801996800
198784018181931008
198784018953666561
198784019717042179
198784020463632384
198784020346191872
198784020476207104
198784021218598913
198784021969387520
198784022686601216
198784022749515777
198784022925688836
198784024070733824
198784024372719619
198784023978459136
198784024313991168
198784025509376001
198784025844920322
198784028017557504
198784032421576705
198784033042341891
198784034434859008
198784035466653697
198784039124078593
198784039275077632
198784042475323392
198784043658121216
198784044354371589
198784044039798787
198784044752842753
198784044929003520
198784044601835520
198784046392807424
198784047428800512
198784047730790400
198784047877595137
198784048619991040
198784048410263554
198784050679386112
198784053254701057
198784053888032769
198784055720951808
198784055934844929
198784056958255106
198784057700646915
198784057507725313
198784058170408960
198784058434662402
198784058422071297
198784060217233408
198784057000214528
198784059927826432
198784060661837825
198784061026742272
198784062431825920
198784063732068352
198784064520589313
198784066521272320
198784068421296129
198784069000110082
198784069859938306
198784068001873920
198784071856422914
198784072321990656
198784073492217856
198784074033274880
198784075010543616
198784076088479745
198784075186700288
198784076679880705
198784076679876608
198784077984309248
198784077837508611
198784077443235840
198784079435534336
198784078110138369
198784080853217280
198784080823861248
198784080609939456
198784081310400513
198784081499131904
198784083017478144
198784086771367936
198784086091907072
198784087383748608
198784088902086656
198784088985960449
198784090193936384
198784089992597505
198784090630139905
198784090776932352
198784090865012736
198784092702121985
198784093008314368
198784095952715776
198784097370374144
198784098272165889
198784098452516864
198784098624475136
198784100927156226
198784100222504960
198784102151884801
198784104655892481
198784104907538432
198784105654136832
198784105238892545
198784108036497408
198784109978460160
198784110183981056
