198801224370372609
198801224773017600
198801225209233412
198801225486053377
198801226253598721
198801226211663872
198801226807246848
198801227356712960
198801227096653825
198801228212346881
198801228271071233
198801228275269633
198801229491601408
198801230322081795
198801227964891137
198801225695760384
198801231198683136
198801229042814976
198801229781008384
198801230447915012
198801231458738176
198801230460485633
198801227918741506
198801231307735042
198801235132944386
198801235179094016
198801235204243458
198801235279757313
198801235208445955
198801235413975043
198801236328316930
198801236475125761
198801236504481793
198801236567404545
198801236106022913
198801236986826753
198801237192347649
198801237762768896
198801238182199297
198801238672945153
198801239876706304
198801239973175297
198801240493264899
198801240749121536
198801240858181632
198801240396804096
198801241755758596
198801241629933569
198801241814478848
198801241982238720
198801242372325376
198801242116468737
198801243186012161
198801242745606144
198801243668365315
198801244352028672
198801243865493504
198801242766589953
198801244029071361
198801244221997056
198801245086023681
198801245132173313
198801244184248320
198801245320904705
198801245262196736
198801246667288577
198801246998642689
198801247707467776
198801247418056706
198801248164659200
198801248177233920
198801248277893122
198801245585145858
198801249796231168
198801250295365635
198801250400210944
198801250081456130
198801251000004608
198801250324709377
198801252606423040
198801252073734146
198801253545938945
198801254087012352
198801253428506624
198801254229614593
198801253902450688
198801254468698112
198801254506442752
198801254552571904
198801254217039873
198801255357882369
198801255949283328
198801256091889664
198801255605354496
198801257224351744
198801257836720128
198801255085248513
198801258109349889
198801258348425218
198801258574909440
198801254560960512
198801259027894274
198801258562330625
198801261146030081
198801261171179521
198801261292826624
198801261640945664
198801261586432000
198801262098132994
198801262861488130
198801262601445378
198801263851352064
198801263637430273
198801264866361345
198801265482924033
198801265789112320
198801265201909760
198801266690895872
198801266778980352
198801257853493248
198801267139686401
198801268637044736
198801269069070337
198801269471711233
198801269064863745
198801270570618880
198801270482542592
198801270935519232
198801270956507136
198801271652749312
198801271468208128
198801272042823680
198801272353198084
198801272860717057
198801272982351872
198801273275957248
198801272936206337
198801273431138304
198801273443713024
198801273154314242
198801272982347778
198801273959620609
198801273259167745
198801274098028544
198801274156756993
198801273506627584
198801275507326978
198801275465379844
198801275784151041
198801275876409345
198801275943522304
198801276430073857
198801276052586498
198801277206016001
198801277155672066
198801277789020161
198801278032297987
198801277801594880
198801279080865792
198801279298969601
198801279730982914
198801280087506945
198801278095204352
198801280251072512
198801281291264000
198801282067214336
198801282293710848
198801281853304833
198801282666995713
198801282083995651
198801283099004930
198801284470554624
198801283904311298
198801284512485376
198801284718010368
198801285208739840
198801285187768320
198801286064381954
198801286500593665
198801287062630401
198801288580960256
198801288752930816
198801289012969473
198801289914744832
198801289914757120
198801290443243522
198801290388701187
198801290753605632
198801290770382848
198801290996879360
198801291122708480
198801291693129729
198801291550523394
198801285867253761
198801292347441152
198801292422946817
198801293458939905
198801293614120961
198801293798682625
198801294029357058
198801293916123138
198801293874176000
198801294553653248
198801294553645056
198801294369107970
198801295358967808
198801295921004546
198801296134905856
198801297615486976
198801297590333443
198801297670017024
198801297573552128
198801298085265408
198801298018140160
198801298961866753
198801299305803777
198801299767173120
198801300727676929
198801297921683457
198801297288331264
198801300824141824
198801301805604864
198801301935628288
198801302610903040
198801302808047617
198801302355050496
198801302954844163
198801303361687552
198801303701422080
198801304494145536
198801304762593281
198801305219760129
198801306004094977
198801305962151936
198801306046042112
198801306159288321
198801306331267073
198801307295952897
198801303881793536
198801307430158336
198801308386471937
198801308935913473
198801308701044736
198801309934161920
198801307476312065
198801310223581184
198801310789804033
198801310915641345
198801310970155008
198801311364423680
198801312081645569
198801310928211969
198801311012106240
198801312299749376
198801312282972160
198801311414751233
198801314073944064
198801314078130176
198801314883436544
198801315059609600
198801314988294144
198801315319660548
198801315705532416
198801315604860930
198801316213043202
198801316913483777
198801316724752385
198801317509074947
198801317806878720
198801318394077184
198801318704455680
198801318905778176
198801319207772160
198801319782387713
198801319211966464
198801319417487360
198801319585255425
198801321749520384
198801321472696320
198801321929871362
198801322844237824
198801322257039361
198801322848428032
198801323343351809
198801323477569536
198801323976699905
198801322466754561
198801325482459136
198801327961292801
198801329018249218
198801329177640960
198801329320239104
198801329429299201
198801328997281793
198801329987129346
198801330616279040
198801331287367681
198801331660660736
198801332314980354
198801327323746304
198801332893777920
198801332843458561
198801333246099457
198801333715873792
198801334886088704
198801335326490625
198801335422947328
198801335620087808
198801336530243584
198801336849006592
198801338090536960
198801338891632640
198801338413490177
198801338581262336
198801340430946305
198801336966463489
198801340577755137
198801341445971968
198801342666518528
198801342905593857
198801343455051776
198801344046436353
198801344138719232
198801345053069313
198801345652854785
198801347074732032
198801347045376001
198801349209620480
198801349150904321
198801349801021440
198801350556004353
198801350954467328
198801352363745280
198801352737030144
198801352640569344
198801353328435201
198801353592672256
198801354033078272
198801353370370049
198801350061080577
198801354767089664
198801353487810560
198801354439933952
198801355278782465
198801354645446656
198801355912130562
198801356243480577
198801356511920129
198801356545458176
198801356562247680
198801356725817344
198801357052977154
198801357434658816
198801356696457216
198801357585657856
198801357229142016
198801358181244932
198801357749231617
198801358634225664
198801358932025346
198801359150129152
198801358982356993
198801359808630784
198801360731377664
198801360290983936
198801360756547584
198801360471330816
198801360618131456
198801361532497922
198801361360523266
198801361872236544
198801362253918210
198801362685927424
198801362992115712
198801363138908160
198801363302481920
198801363377983490
198801363239567361
198801364460122112
198801365391249408
198801365605171202
198801365106044928
198801366817316867
198801367232548864
198801367324831744
198801368268541952
198801368352440320
198801368201428994
198801368931246081
198801368901881859
198801368675397632
198801369178714112
198801370193731584
198801371057750016
198801371074527233
198801370592194560
198801372018249728
198801372030828544
198801372689334272
198801372676755458
198801372680962048
198801372932620290
198801374350290944
198801374337703938
198801375512100864
198801374429970432
198801376044785664
198801376413892609
198801377470857217
198801377307271169
198801377768648704
198801378032881665
198801378230026240
198801378590736384
198801378779471872
198801380482363392
198801381040193536
198801382025863169
198801382235582469
198801383447736320
198801384085262336
198801384123006979
198801384437583872
198801380876632065
198801384072683520
198801384555036672
198801386174025729
198801386912231425
198801387067420673
198801386845114369
198801387843358720
198801388875165697
198801390309617664
198801389013573632
198801390192168960
198801390687096833
198801390926184448
198801391697924096
198801391458848768
198801391630823427
198801392570351617
198801391748255744
198801392830390272
198801393769910272
198801393455333378
198801394432610304
198801395229540356
198801395191779328
198801395762200577
198801396018061312
198801396525572096
198801396978548737
198801396743675905
198801396785610753
198801397364428801
198801396978556930
198801397632872448
198801397213429760
198801398190702593
198801399545466880
198801399885205504
198801399939739648
198801399713234944
198801399549657088
198801400157835265
198801400526934017
198801400812142592
198801401504206849
198801401680367616
198801401395154945
198801402028503040
198801402238210048
198801402456326148
198801402984792064
198801403160969218
198801403710423041
198801404180168704
198801404486361090
198801404406669312
198801404930957313
198801405430075394
198801405698510849
198801406461874176
198801406503813122
198801406344429568
198801406847754242
198801407313317888
198801406860333056
198801407204265984
198801407548194816
198801407766298625
198801398605942785
198801408563232768
198801409146224640
198801407804051457
198801409146228738
198801408894582784
198801409511137280
198801409469202437
198801410190618625
198801410408714241
198801411188854786
198801411134332928
198801411750887425
198801410991734784
198801413831274497
198801414393303041
198801415995527169
198801416356233216
198801416595316739
198801416754696193
198801417182515201
198801417425797122
198801417488707584
198801417115406336
198801417383854080
198801418390478848
198801416905699329
198801419501961219
198801420739284993
198801420684767232
198801421271961600
198801422148567042
198801422765146112
198801422819663872
198801423314599938
198801423486562305
198801423394283521
198801423914369025
198801423763382272
198801424610631680
198801424665161729
198801424631611392
198801424077950976
198801424438661120
198801425298501632
198801424958754817
198801425696960513
198801427420823554
198801427018153984
198801427601166336
198801428062547968
198801429882880000
198801430096777216
198801430251962368
198801430369406976
198801430541381633
198801430914662401
198801431019532288
198801427445972992
198801431749341184
198801433179594752
198801433515130880
198801433502564354
198801434412720128
198801435570339840
198801435759087617
198801435352236033
198801435872346113
198801435461292034
198801436669259777
198801435964620801
198801436962856964
198801437466177536
198801437352931328
198801437717835778
198801437898182656
198801439286501376
198801439382970368
198801439810793472
198801440603512832
198801441069080576
198801441798881281
198801441912131585
198801442151202817
198801442595799040
198801442750992386
198801442574835712
198801444118339584
198801444403544065
198801444483248129
198801445762514946
198801446282596352
198801446270021632
198801446341320704
198801446278406144
198801446328745984
198801446962085888
198801447339560960
198801447540899840
198801448891457540
198801448308441088
198801447779975169
198801445674426369
198801449445109761
198801448501395458
198801449721921536
198801450002952192
198801449822597121
198801450032300032
198801449952612352
198801451064107008
198801451093467136
198801451391262722
198801452192374784
198801452406292481
198801452070735873
198801452204965888
198801453312253953
198801453840736256
198801454381793280
198801454662811648
198801454209843203
198801452007829504
198801455627505666
198801456244068353
198801456789323776
198801457179394050
198801457489776643
198801457921789954
198801458739679235
198801458211209216
198801459129749504
198801458223779840
198801459209445377
198801459469492224
198801459419160577
198801459544981504
198801460396437506
198801460492910592
198801460333510657
198801459771486209
198801457779191808
198801461277229057
198801462019633154
198801459469488129
198801462204182530
198801462124490752
198801463336640512
198801463126917121
198801463709937666
198801463399546880
198801463693156352
198801464389419009
198801464716558336
198801464766902274
198801465517670400
198801466343956480
198801463642832899
198801465836437505
198801466809528322
198801466633359362
198801469208670208
198801469393223680
198801470445985792
198801470072692736
198801470987055104
198801471511334912
198801471637168129
198801472580890624
198801472505389056
198801472627023873
198801473000308736
198801474585772032
198801473990168579
198801474329911296
198801475026173952
