198782601463480320
198782602512039936
198782603459964928
198782603506106368
198782604655329280
198782604701470720
198782606081404928
198782606505017344
198782607234834433
198782608396656640
198782609021603840
198782610363793409
198782610267320320
198782611454296064
198782613090074625
198782613702459392
198782614751035393
198782616332283907
198782615644422144
198782613442408449
198782618530095104
198782620295901186
198782620346232833
198782621336088576
198782621625491456
198782623521325056
198782622908952577
198782623601000448
198782623689093121
198782625538781184
198782625941438466
198782627019366401
198782628084715521
198782630257364993
198782630534201344
198782630769070080
198782631066877952
198782631662460928
198782632648130560
198782633180798977
198782638050394113
198782639367401473
198782640608915456
198782640868958208
198782641208692737
198782644778053632
198782646380269568
198782647261085696
198782646694838273
198782645667237888
198782648573886465
198782648745865216
198782648942989314
198782650939473920
198782653632217088
198782652441047041
198782657402896384
198782657444839424
198782657956552704
198782657952350210
198782658774433792
198782658782830593
198782660095651840
198782660712210432
198782661580431360
198782663937630208
198782665846034434
198782668324872192
198782669427970048
198782670837264384
198782671269269505
198782670614962176
198782671420260352
198782671839694849
198782672288493569
198782674075271169
198782674935091200
198782675669102592
198782676323401728
198782679292977152
198782677850144768
198782682094768128
198782682086383617
198782682275123200
198782682417737728
198782682363215872
198782685278240768
198782687526391809
198782686406516736
198782688323309568
198782688298151936
198782688948269056
198782689137012736
198782688923107328
198782690189770752
198782690651152385
198782691024453634
198782692119158786
198782692282728449
198782693012549634
198782692668608512
198782693754929152
198782690600820737
198782695373938688
198782695445233665
198782696145682433
198782697802444800
198782699111059456
198782700314836992
198782697290727425
198782701178847233
198782701254356992
198782701455675393
198782706572738562
198782707134775296
198782706904076288
198782707587751937
198782708653105152
198782709248692225
198782709890416640
198782710611841024
198782710767042560
198782711664619521
198782711488454656
198782712285376512
198782713325563904
198782713392672773
198782713648521217
198782715795996673
198782718316777472
198782719239528448
198782718912372737
198782719751233538
198782720376188928
198782721076637697
198782722724990976
198782722741772289
198782722318155776
198782722729185280
198782722922119168
198782724822155264
198782725203820545
198782726512451584
198782727842041858
198782727695253505
198782728102084608
198782726051069952
198782730383802369
198782730123743234
198782731210072064
198782731902124033
198782733084934144
198782734439677952
198782736310337537
198782737132437505
198782739200217089
198782739586093056
198782739552550912
198782741117009921
198782741888778241
198782743319019522
198782743373545472
198782743952367618
198782744828973058
198782750101213188
198782749501435905
198782750579367936
198782751485341696
198782751216906241
198782754215833600
198782755134377985
198782755310551040
198782755553816576
198782759408381952
198782759156727808
198782760247242754
198782763007094784
198782763648815106
198782763711741952
198782763204214784
198782764579946497
198782768107356160
198782767708901376
198782769105600513
198782770418425856
198782771316015104
198782771479580673
198782771408285696
198782772268109825
198782772465246210
198782772960174080
198782776009428993
198782776374345729
198782779893366784
198782780753182720
198782780694474754
198782781013245952
198782782170857473
198782782204416000
198782782221189123
198782783697584129
198782784184135684
198782784431587328
198782784519684096
198782786943991808
198782788160331777
198782788307140608
198782789582204928
198782789880004609
198782789829656576
198782791956168705
198782792132329473
198782792337862656
198782792220413952
198782793801678848
198782794720227329
198782794447585281
198782795827523585
198782796494413824
198782799434616833
198782803486326786
198782804996259840
198782805776404481
198782803922530305
198782807647072257
198782808116830208
198782809459003392
198782809324793856
198782811757477889
198782811610689536
198782812416000000
198782812973830145
198782813477158914
198782814106292224
198782814085316608
198782810293678081
198782815100346369
198782815809187841
198782816312496131
198782817965051904
198782818732621826
198782819907014657
198782820938813440
198782821886722049
198782822155169793
198782822436192257
198782824248123392
198782825762263041
198782827448373250
198782826697605121
198782828807335936
198782829071581185
198782829004464128
198782828417269760
198782831118389248
198782830933843968
198782831789473792
198782831915319296
198782832980660225
198782831160332290
198782834364780544
198782834658385920
198782835123945472
198782834482225152
198782836021534720
198782836285784064
198782836675854339
198782837158182914
198782836797489152
198782837774745600
198782838332604416
198782839200817152
198782840756895744
198782841591566336
198782842157793280
198782844896677889
198782845454532608
198782842317176833
198782846188531712
198782846574407680
198782846419218435
198782846901559296
198782846717009920
198782847266471937
198782846813478912
198782847811731456
198782847564259329
198782848143081475
198782850068254720
198782851020369920
198782850978430976
198782852383510529
