198791410131017728
198791410151981059
198791411431247872
198791412895055872
198791412970565633
198791402023436288
198791413486469123
198791413880733696
198791414690217985
198791414333706240
198791414946078723
198791414589566977
198791416888041474
198791417722699776
198791418003734529
198791417697533953
198791418372825090
198791421103308800
198791421690511360
198791421694705664
198791424081281024
198791423582150656
198791424664272896
198791425381515264
198791425616379905
198791427508011008
198791428472717314
198791429064105985
198791430028795905
198791430221742081
198791430188171264
198791430435635200
198791430687293442
198791431039614976
198791431136092160
198791431169654784
198791431492599808
198791431593275392
198791431727489024
198791431882674176
198791431782006784
198791432448901121
198791431731691520
198791433321332737
198791433996607488
198791435410083840
198791435460419585
198791435443634176
198791435607212032
198791435426861056
198791435938562048
198791435909218305
198791436416720897
198791436555124736
198791437301714945
198791437524008961
198791437364625408
198791437637259265
198791439516303360
198791440262897667
198791440162242560
198791440216756224
198791441261146112
198791439453401088
198791441865125888
198791442485882882
198791442792058883
198791442422956032
198791442762702848
198791443115016193
198791443127611392
198791442737532929
198791442766901248
198791443710619649
198791443702226944
198791443907751936
198791444041957376
198791443979046913
198791444289433600
198791444377501696
198791444201357312
198791445635796994
198791445740654592
198791446831185921
198791446868930561
198791446524997632
198791446449500163
198791447665836032
198791448164970496
198791449079328769
198791450165657602
198791452166328321
198791452397010944
198791451335860224
198791452476719104
198791454271868928
198791455031050241
198791455295283202
198791455156867073
198791456251592706
198791456452915200
198791456494858242
198791457681846272
198791457870589952
198791458399059968
198791459439259652
198791460110340098
198791460311666688
198791453080698880
198791460349419521
198791460802400257
198791461855178752
198791461809033216
198791461955846144
198791462249435138
198791463969095683
198791463658725377
198791464367554560
198791464958951424
198791465575514112
198791466238214144
198791466754125825
198791467358097409
198791467676868610
198791467882397696
198791467307778048
198791468729643009
198791469136478208
198791469597855746
198791469664960515
198791470315094016
198791471581757442
198791471606935553
198791471611133952
198791472525492224
198791472957505536
198791473414668289
198791472345137152
198791474916229120
198791475104976896
198791475268567042
198791475511828483
198791476392640512
198791476820459521
198791477277638657
198791477520896001
198791474970763264
198791478334599171
198791478934384640
198791478531719170
198791479546744833
198791478892429313
198791480842784768
198791482348539904
198791482453405697
198791478737244160
198791484177252353
198791484265336833
198791484902866944
198791485796257792
198791485926289408
198791485854982147
198791486131810304
198791486127616001
198791486312165376
198791485750120448
198791486568022017
198791487176196097
198791486815477761
198791487163596804
198791487541092354
198791488530939905
198791489407561729
198791491181756416
198791492326797313
198791492242903040
198791492167405571
198791491810902016
198791493698322434
198791493849329664
198791493979353088
198791494138728449
198791494839181313
198791495019540481
198791495254421504
198791495795490818
198791495032115200
198791497586454528
198791497565474816
198791497242517504
198791497666134017
198791498463055873
198791498597285888
198791499746508801
198791500207886336
198791501373906944
198791501642334210
198791501726228480
198791502510567424
198791503089369089
198791502909018112
198791503689166849
198791504360255488
198791504255397888
198791504683216897
198791504989401088
198791505731784704
198791506096697347
198791507497586688
198791506792947712
198791507988320256
198791508034453506
198791508026068993
198791508441305089
198791509594734593
198791509108203520
198791508973993984
198791510181937152
198791509670248451
198791509036900352
198791510429413376
198791510966280192
198791511243100160
198791511968727042
198791512019054592
198791513344442369
198791510496522240
198791510689447936
198791514388836352
198791515533873153
198791516276260864
198791516393705473
198791516112683009
198791516112683008
198791516083335168
198791517102551040
198791518151114752
198791517727494145
198791519392632832
198791520525103105
198791521443659776
198791521368145921
198791522014068736
198791522525786114
198791524258021378
198791524958482432
198791525696679936
198791527240175617
198791527806402561
198791527852544001
198791527282126849
198791527860944897
198791528351670272
198791527974182912
198791528095809536
198791528473313280
198791524534849538
198791524731981824
198791524828459008
198791529144389633
198791529115033600
198791528737538048
198791529404444672
198791530713055232
198791530583048194
198791530822123521
198791531589677057
198791532717936641
198791533032509440
198791533128986624
198791533254807553
198791533674242049
198791534034952193
198791535406485504
198791535968530432
198791535452622848
198791535771402241
198791536731881472
198791537759485952
198791537809833984
198791538619330561
198791539655311361
198791539261046784
198791540011843585
198791540112490496
198791538883571712
198791540804550658
198791540771000321
198791540515160065
198791540737458177
198791540754223107
198791540687110146
198791541257547776
198791541815394304
198791541727309824
198791541823778818
198791541576306689
198791541412732928
198791542222237699
198791543820271619
198791544004804610
198791543476330496
198791543824465921
198791544122253314
198791545279885312
198791545107922944
198791546164887553
198791546181652482
198791546106167296
198791546492039168
198791546643021824
198791546886291457
198791547796455424
198791547934871554
198791547704188928
198791548421419009
198791549222526978
198791549277057024
198791549604212736
198791550220775426
198791550766022658
198791551294517248
198791551453896704
198791552485695488
198791553421021187
198791554167611392
198791554507358208
198791555476242434
198791555765633024
198791555920822274
198791556180873216
198791557363666944
198791557191708673
198791557745344514
198791558265442304
198791558781349890
198791559926386688
198791560907862018
198791561377615874
198791561507643394
198791562174533632
198791561998368768
198791562753351682
198791563239886848
198791563680296960
198791564091330560
198791564183617538
198791564393328640
198791564909223937
198791565135724544
198791564967952385
198791565118939136
198791565936820226
198791567140593664
198791567169961985
198791567316746240
198791567820079105
198791568352739328
198791568830906369
198791569011245058
198791568440823808
198791570181455873
198791570273738752
198791570328272896
198791571502669825
198791571506855936
198791571011932160
198791571112599553
198791572182142976
198791572190527488
198791568499539970
198791574589685760
198791574581280769
198791574958768130
198791574946197504
198791574736486400
198791575650832385
198791576619728896
198791576619720704
198791577227898880
198791578351972352
198791578528120832
198791580683993088
198791581686435841
198791582021988352
198791582290427905
198791581883572225
198791582068129793
198791583880065024
198791584941228032
198791584727310336
198791585918488576
198791586522476546
198791587592015872
198791587638161409
198791588246331394
198791588502192128
198791588254724097
198791589651419136
198791590360252419
198791589890490368
198791590758711296
198791590582550528
198791591404646401
198791591622737921
198791592071536642
198791591211708416
198791590809059329
198791592520327170
198791592306421760
198791592616796160
198791593342410753
198791592801341441
198791594638442497
198791595242426370
198791595406004224
198791595473113088
198791596001603584
198791596655915008
198791597364756480
198791597528330240
198791598283309057
198791598694350850
198791598157463554
198791598815973379
198791599453519874
198791599566766080
198791599084417024
198791599432540160
198791599398981633
198791599906496513
198791600665669633
198791601164787712
198791602074955777
198791601449996289
198791602385321984
198791602645372928
198791603773640704
198791604180496384
198791604117585920
198791604989984769
198791605191311361
198791604612513792
198791605623328768
198791605711405056
198791606202142720
198791607410110464
198791607657562112
198791608160882689
198791607926001664
198791608035053570
198791608831967232
198791609641480193
198791609742139393
198791609607929858
198791610174156800
198791610715226112
198791611021398016
198791611898019841
198791611503742976
198791613147906048
198791612954972160
198791613986783234
198791614162931712
198791615039553536
198791615068913664
198791616197165056
198791616520130560
198791617170259968
198791618168496129
198791618394992640
198791618680201217
198791619128991744
198791619342905346
198791618856361985
198791618898300928
198791619430989826
198791619946872832
198791619682648065
198791620659912705
198791621129674753
198791621293252609
198791621255495681
198791621209374721
198791622731898880
198791623105191937
198791622538969089
198791623730143232
198791624178925569
198791623885332481
198791624438988801
198791624388640768
198791625219121153
198791625382699008
198791625273651200
198791625600794624
198791625735012352
198791624833236994
198791626351575040
198791626502586368
198791626523553792
198791627412742144
198791627572125699
198791627714740224
198791629090463745
198791628842995712
198791629212098560
198791630210347008
198791630365540352
198791630474575872
198791630482964481
198791631724478464
198791631959359490
198791632139730944
198791632710144002
198791632114565120
198791632978579457
198791633477713920
198791634769543168
198791634492727296
198791634090070017
198791634564026369
198791637030277120
198791636845740036
198791637428744193
198791637009305600
198791636417912832
198791638703804418
198791638707994624
198791639509123073
198791639253258240
198791639697866753
198791641044230144
198791639911768065
198791641652396032
198791641824366594
198791642751311872
198791642919079938
198791643271409664
198791642772283392
198791643770519552
198791643745361920
198791644466782211
198791644340961282
198791644882018304
198791645469224961
198791641711120384
198791645477601280
198791646110949377
198791646161272832
198791646350016512
198791645888659457
198791642734526464
198791646899478528
198791646341644289
198791646983364608
198791646631043072
198791646576508928
198791645490196481
198791647042084864
198791647365038080
198791647532814336
198791647620902912
198791648392658944
198791649290240003
198791649718059008
198791650045198338
198791649848078336
198791650095542272
198791650376564737
198791651240587264
198791651634843651
198791651114749953
198791652272381953
198791651957800960
198791654017212416
198791653694242818
198791654054957057
198791654696685568
198791654264676353
198791653841047553
198791654902206465
198791655611047937
198791655925620741
198791655699120130
198791656819015680
198791657389436930
198791657511063552
198791657343299584
198791657053892608
198791657838223363
198791658517708801
198791658731601922
198791658362511362
198791659364950016
198791659432062977
198791659864072193
198791659973128193
198791660669382656
