198839979349250048
198839979491860482
198839979777073154
198839979772878849
198839979747704832
198839980104228864
198839980485910528
198839980179722241
198839980179718145
198839980481708032
198839980590772224
198839980787904512
198839980964069376
198839981597409282
198839981521911811
198839981660323841
198839981807108096
198839982331396096
198839982201380864
198839982486589441
198839982864072706
198839982914420736
198839983015084035
198839983048634369
198839983208013824
198839982583066626
198839983312871424
198839983468064768
198839983778447360
198839983577120768
198839983988154368
198839983937814531
198839984063655936
198839984466300928
198839983967191040
198839985674268673
198839985854623745
198839980645294080
198839986144022528
198839985863004160
198839986269855744
198839985611354112
198839985732984833
198839986601205763
198839987259707392
198839987016433667
198839987272302593
198839988048232450
198839988077604866
198839988182466562
198839988270542848
198839988723527680
198839988689965056
198839988153094144
198839988748693504
198839988899688448
198839988752875520
198839988899684352
198839989004537856
198839989008728065
198839987783995393
198839988941631488
198839989239422976
198839989298135040
198839989197471744
198839989730164736
198839985502298113
198839990275420161
198839989948252160
198839989902114818
198839990434803713
198839990514495489
198839990858424321
198839990963290114
198839990619344896
198839990426415104
198839991609204737
198839991663734784
198839991953145856
198839991802134528
198839992464850946
198839992519364608
198839992779411457
198839993391788033
198839993077207040
198839993324675072
198839993295314945
198839993073008640
198839992846528516
198839993408557056
198839993580519424
198839993572134912
198839994008346624
198839994213867520
198839993781854208
198839994280972290
198839994729758720
198839995514097665
198839995522490368
198839995644116993
198839995644116992
198839995849650176
198839995799306241
198839995904163844
198839996151640064
198839996952752129
198839997040828416
198839997737091072
198839997510594561
198839997414125569
198839997804199936
198839997804195840
198839997334425600
198839998093602816
198839997837742081
198839998466895873
198839998609502209
198839998257176576
198839998731124736
198839999330910209
198839999427395584
198839999301566465
198839999737757696
198839999502876674
198839999301562368
198839999993618432
198839997414125568
198840000278822912
198839999930703872
198840000119447553
198840000568246273
198840000270442496
198840000660504576
198840000849248256
198839997510586370
198840001272889344
198840001402896384
198840001549705216
198840001063157761
198840001306439680
198840001771999232
198840001579073537
198840001352577024
198840000949919746
198840002493415424
198840000605982720
198840002938023938
198840003223232516
198840002472443905
198840003130966017
198840003323895808
198840004355690497
198840004452159490
198840004569595905
198840004024348672
198840004875780098
198840004787703809
198840004846419968
198840004183736320
198840005056147456
198840004963876865
198840005001609216
198840005714640897
198840005559451648
198840005869834240
198840005966303233
198840006075351040
198840005970497536
198840003680419840
198840005907582976
198840006905831424
198840006243127297
198840007044239360
198840007086190593
198840006796783616
198840007333654529
198840007623053312
198840007157497857
198840008071852034
198840008138952704
198840008428363777
198840008021520386
198840006272499714
198840009082683392
198840008642277376
198840009325940737
198840009506308096
198840009749565440
198840009992843264
198840009988636672
198840010072535041
198840009657303042
198840010127048706
198840010194161664
198840009577603072
198840010538106882
198840011142070272
198840011121115136
198840010357735425
198840011435679744
198840011418906626
198840011427299328
198840011335024641
198840011603447809
198840011775418368
198840012110970882
198840011641204737
198840012291317760
198840012274540544
198840012115165184
198840012433924096
198840012563947522
198840007878905856
198840012891107328
198840012429733888
198840012979191808
198840013029507073
198840013285363713
198840013516050433
198840013755138048
198840013633495041
198840014065516544
198840013658664960
198840014157774848
198840014199721984
198840014052933632
198840014447181824
198840014732394496
198840014560436224
198840014837252098
198840014719811585
198840015101493249
198840015223132160
198840015625793536
198840015646765056
198840015231520769
198840015487381505
198840015818731520
198840015445426176
198840016158461952
198840016183627776
198840015839698945
198840015604813825
198840016716300288
198840016775032833
198840015944560640
198840016556916737
198840017425141760
198840017563549696
198840017764880384
198840017907494912
198840018180124674
198840018268200960
198840017907482624
198840017681006593
198840018314334208
198840018637299714
198840018352078850
198840018712797185
198840018977030145
198840019140612096
198840019241283584
198840019492929536
198840019014787072
198840019526500353
198840018867994627
198840019908177920
198840020004642817
198840019643932672
198840020663152642
198840020755423232
198840020633784320
198840020705099776
198840020990312449
198840021044830210
198840021170651136
198840021934018561
198840021845942273
198840021229383680
198840022227632129
198840022487678976
198840022340866048
198840022563172355
198840022642851840
198840023037128706
198840022785458178
198840022919680000
198840023217479680
198840023246848002
198840023330725888
198840023464935425
198840023607545856
198840024056348672
198840023813070848
198840024341561344
198840024131846144
198840023959875585
198840024089890817
198840024807120896
198840024513515520
198840024907792384
198840025683730432
198840025197191169
198840025637597185
198840025725673472
198840025058779138
198840025977335808
198840026593902594
198840027285954560
198840026077995008
198840027474702336
198840027470499840
198840027520831490
198840028087070720
198840026379993089
198840025922809856
198840028082876416
198840028464558080
198840028149972992
198840028858818560
198840028229668867
198840028305166336
198840029307609089
198840029458612224
198840028930113536
198840029471195138
198840030024826880
198840030100324353
198840028607152128
198840030398132224
198840030586867712
198840030192603136
198840030448463873
198840030528143360
198840030477815809
198840031098572801
198840028074491904
198840031228600320
198840031480262656
198840031576727552
198840031287324674
198840031408963585
198840030981144576
198840031669010434
198840031929049089
198840030733668352
198840032134569984
198840031463485440
198840028925919232
198840032797274113
198840032843415552
198840032633700352
198840032948264961
198840033053130753
198840032293961728
198840033061511168
198840033048932352
198840033174753280
198840033367695360
198840032310734848
198840033363492864
198840033917145088
198840034080731136
198840034005225472
198840034026192896
198840034437242880
198840034546290688
198840034500161537
198840034395299840
198840034890227716
198840034986700801
198840035024453632
198840035481624578
198840034298839040
198840035175448576
198840035884277761
198840035225767936
198840035678765056
198840035368386561
198840036198846465
198840036794433536
198840036882522114
198840036307906560
198840036874125312
198840037167726592
198840037658468352
198840037096427520
198840038073712640
198840038153404416
198840038069518336
198840038153400321
198840037482307584
198840037171920896
198840038702845955
198840038635745280
198840038266642432
198840038899990528
198840039092912129
198840039139049472
198840039503958017
198840038585409536
198840039784972288
198840039696891904
198840039810138112
198840040145686528
198840039915003905
198840040498012162
198840040200212480
198840040976166912
198840040405737472
198840041005518848
198840041445916672
198840041408167936
198840041047461889
198840041227821056
198840042335117312
198840042444161026
198840041718562816
198840042695819265
198840042809077760
198840042804887554
198840042901352448
198840042565799936
198840043111059457
198840040732897280
198840042926522368
198840043694080000
198840043744407556
198840043987681281
198840044163833856
198840044084150273
198840043450806272
198840044281278465
198840044268683264
198840043794739201
198840044641984512
198840044780404737
198840044990119936
198840044667158528
198840045250150401
198840045195628545
198840045216600064
198840045040447488
198840045296300032
198840045292109824
198840045057212416
198840045493424128
198840045514399745
198840045564723200
198840045917057025
198840044809760769
198840045963186178
198840041945047045
198840045715726336
198840046198063105
198840046508457985
198840046420373505
198840045443092481
198840045963194368
198840046655246336
198840047024345089
198840047154368512
198840047477342209
198840047204708352
198840047548645376
198840047053701120
198840047687053314
198840047112425473
198840047796092929
198840047796105217
198840047393439744
198840047498301440
198840047980658690
198840044688121857
198840048383311873
198840048450412545
198840048446222336
198840048660131842
198840048899207168
198840048265854977
198840049041805312
198840049431875584
198840049788399616
198840049863888899
198840048475578368
198840049968750593
198840050094575616
198840049641598976
198840049532542976
198840050153308160
198840049478012931
198840050115559425
198840050228805633
198840049905844225
198840050342047744
198840049268310016
198840050128134145
198840050253959170
198840050316881922
198840050836963328
198840050853740544
198840050614677504
198840051013132288
198840050652422144
198840051570974720
198840051159932930
198840051642286081
198840051705200642
198840052439187457
198840050463682561
198840049679351808
198840052615352321
198840053747826690
198840053705867265
198840053798146048
198840053932371969
198840053940756481
198840054058188800
198840053819121664
198840054519574530
198840054288883713
198840054175645696
198840054628614145
198840054368571394
198840055027089409
198840054754451457
198840054976741376
198840055094190082
198840055979192321
198840055584931841
198840055798833152
198840056411197441
198840056503468032
198840056734167040
198840056679645185
198840056780296194
198840056734154752
198840056918720513
198840057057128452
198840056629301249
198840057212317696
198840057409445888
198840057380085760
198840057640128512
198840057111642112
198840058218954754
198840057686261760
198840058009235457
198840058466418689
198840058403495937
198840059221377024
198840058571259904
198840058583851008
198840059523371008
198840059762442240
198840059775029249
198840058181201920
198840059259138049
198840060077027329
198840060148330497
198840059854721025
198840059896668162
198840060597121024
198840060831993856
198840060886528000
198840060806840320
198840060370632705
198840060890722304
198840060894912512
198840056763514880
198840061029126144
198840061364670464
198840061683433474
198840055320674304
198840062102867969
198840059351408640
198840062111252480
198840062476165120
198840062568448000
198840062669099008
198840062312583170
198840062157389826
198840062740406274
198840062597808128
198840062841073665
198840063566684160
198840063709286400
198840064221003776
198840064493625344
198840064904675329
198840064791412736
198840064934023169
198840064707538945
198840064711725056
198840065424764928
198840065621889024
198840065751908352
198840065907097600
198840065919684609
198840065676423168
198840066280394754
198840066062286849
198840066188124160
198840066238459904
198840066712412160
198840067647750144
198840068071366656
198840067651932160
198840068998307840
198840068889251840
198840069073813504
198840069115744256
198840069157699584
198840069560336384
198840069841367041
198840069535182848
198840069375799297
198840070046883841
198840069975588864
198840070147551232
198840069522599936
198840068541128705
198840070743142400
198840070864764930
198840071233871872
198840068151050240
198840071917551618
198840072014004225
198840072345370624
198840072479571969
198840072274067457
198840073196806145
198840073263910912
198840073423298560
198840073364578304
198840073213591552
198840073612034048
198840073201008640
198840073771433984
198840074023088129
198840074211827712
198840074648039424
198840073784016897
198840072508932097
198840075050696704
198840074937434112
198840074891313153
198840075453333504
198840075205877761
198840075461730304
198840075742744576
198840075667243008
198840076187348993
198840076040540160
198840076439007232
198840075935694848
198840077697290241
198840077919600640
198840077630193664
198840077676314624
198840078078984192
198840077466607616
198840078477426688
198840078473232384
198840077911199746
198840078565519361
198840078750072832
198840079123357696
198840078754254848
198840079370817536
198840079622479874
198840079723151360
198840079987392512
198840079542792192
198840080339697664
198840079983198209
198840081296003072
198840081321181184
198840080771715073
198840081824489472
198840081862246400
198840082118082560
198840082424270848
198840082084532224
198840082734653441
198840082067763200
198840082705297408
198840082646573057
198840083091173376
198840083472859137
198840082583654402
198840083300888576
198840083615465472
198840083917447169
198840084060061697
198840084588539904
198840084521418752
198840084676620289
198840083841945600
198840084676624386
198840084718551041
198840084932476928
198840084563361793
198840084601110528
198840085049913344
198840085519671296
198840085553229825
198840085460955136
198840085708410880
198840085129592833
198840085813268481
198840082969534464
198840085632925697
198840086115254272
198840085083463682
198840086404673537
198840087000260609
198840086635352066
198840086383702016
198840087268687872
198840087600050176
198840085360283649
198840087537139712
198840088233394176
198840087935594498
198840087885254656
198840087562305536
198840088266940416
198840088329846786
198840089005137921
198840089508446209
198840089462321152
198840089642672128
198840089143549952
198840089772691457
198840089772687361
198840089525231616
198840088019468289
198840089487482880
198840090611548160
198840090569605120
198840089911107584
198840089575571458
198840091274252292
198840091492368384
198840090682859520
198840091572047873
198840091655938048
198840091425247233
198840091341373441
198840092066971648
198840092167647232
198840092289269760
198840092138274816
198840092800987136
198840092851306497
198840092532555776
198840092985532417
198840093107163136
198840093404958720
198840093421740032
198840093602086912
198840094315122688
198840094541615104
198840094579367937
198840094738751488
198840094868779008
198840095476940802
198840094319316992
198840095363698688
198840095112040449
198840095594393601
198840095695052801
198840096001228800
198840095426617346
198840095615352832
198840096085118976
198840095934124032
198840096001228802
198840095736999936
198840096328400896
198840096919781376
198840096705884161
198840096508751873
198840097343422464
198840097330839556
198840098454900736
198840098706567168
198840098857562112
198840098459090945
198840098589126656
198840098849169412
198840099276984321
198840099541225472
198840099381850112
198840099570589699
198840099578978305
198840098140327937
198840099969048577
198840099755130881
198840099474128897
198840100472360962
198840100673691649
198840098861748224
198840101093113859
198840100182958081
198840101231529985
198840100862431232
198840101130862594
198840101181194242
198840101185392640
198840100870828032
198840101864882179
198840102049431553
198840102259134466
198840102456270848
198840102477246465
198840102410141696
198840102313668609
198840102426902530
198840102624051200
198840102607257601
198840102720520193
198840102879899648
198840103269974016
198840102775042048
198840103223824386
198840102833750016
198840103433551875
198840103253196800
198840103995576321
198840099700604934
198840104213676032
198840104700215296
198840104406626304
198840105031565312
198840105232891904
198840105430032384
198840105585217536
198840105295806464
198840105782349824
198840105073516544
198840105388097536
198840105656516609
198840106319224832
198840106520547333
198840106235330560
198840106193399808
198840106675740675
198840106352775169
198840106910625794
198840107200036864
198840107317473280
198840106830925826
198840107707547648
198840108307329024
198840108781273088
198840108273770497
198840108538007553
198840109204914178
198840109305573376
198840109066493952
198840108751929344
198840109502693376
198840109137788928
198840109330726914
198840110157017088
198840110249283585
198840109892763648
198840110459002880
198840110794551296
198840111176220672
198840110932967425
198840111260114944
198840111218171906
198840111088144384
198840111511773184
198840111763427328
198840111880880128
198840111474020352
198840112166076417
198840112342253568
198840111876669440
198840112061218816
198840112929456128
198840112442916864
198840113105616899
198840111520157697
198840112522592256
198840112971386880
198840113382432768
198840113491492864
198840113487298563
198840113160126464
198840113835417600
198840114066104320
198840114003189760
198840113793478656
198840114141609984
198840114623938561
198840114732998657
198840114758168578
198840114581995520
198840115508936705
198840115735437313
198840115760607232
198840115731243008
198840115991289857
198840116184223744
198840116318453760
198840116423299073
198840115836100608
198840116125503488
198840116544942082
198840116091949057
198840116259725312
198840116792410112
198840116935012352
198840117195055104
198840117098590208
198840117102784514
198840117769670656
198840117891317760
198840117702561793
198840118134583296
198840117664821248
198840118319128578
198840118235250688
198840118507876352
198840118340091904
198840119053139968
198840119006994432
198840119296393216
198840119493533696
198840119430610945
198840119514501121
198840119527096320
198840119577415680
198840119732609024
198840119543865345
198840119803916289
198840120462417920
198840120802160640
198840121058000896
198840121209008129
198840120919588866
198840121095766016
198840121141899266
198840121485836289
198840121318047744
198840121838157824
198840122567954433
198840122513432578
198840122630881282
198840122639265792
198840122878332928
198840119069904896
198840120982515712
198840122731540480
198840123041923073
198840123272609793
198840120328204289
198840122987397120
198840123494891521
198840123767529474
198840123289382913
198840123901747204
198840123524251648
198840124002402304
198840124082094082
198840124694466560
198840125487190016
198840124992270336
198840125466230784
198840125755625473
198840125235531776
198840126409932801
198840126162481152
198840126485430273
198840126162481153
198840126237974528
198840126753869825
198840126762266624
198840126749679616
198840127068450818
198840126707744768
198840126531567616
198840126875512832
198840127185879040
198840127777292289
198840128121225216
198840126758068224
198840124325376003
198840127710175232
198840125873065986
198840128171552769
198840128901365762
198840129060737024
198840129215922176
198840128960081920
198840129480163328
198840129249476609
198840129455009792
198840129727627265
198840130168033281
198840130067382272
198840129756991488
198840130411302912
198840130008662018
198840129656332288
198840130910425088
198840130444865537
198840128347713537
198840130772008960
198840131610873856
198840132168724480
198840132164517888
198840132416192512
198840132542013440
198840132521033728
198840132575559680
198840132990799872
198840133296979971
198840133267636226
198840133632532480
198840129022988288
198840134119063552
198840134198771712
198840134412664832
198840134194565122
198840133263433728
198840131787030528
198840134500745220
198840134404292609
198840134525911042
198840135029239810
198840135066992640
198840133007585282
198840134697885696
198840135029243904
198840135654182914
198840134647562240
198840135700332545
198840135452868609
198840135264124928
198840135616430080
198840135285096449
198840136065220609
198840135826157568
198840136451096576
198840136392384512
198840136706953217
198840136694374401
198840136757297152
198840137378041856
198840136769863680
198840137134776320
198840137545822208
198840137306738688
198840137537421313
198840137633906688
198840138107863042
198840138195943424
198840138309185536
198840138472755202
198840137734553601
198840138145599488
198840138095271936
198840138372104192
198840138820886528
198840138711826432
198840138955112449
198840138791534592
198840139420667904
198840139181588481
198840137180921856
198840140708327424
198840140179832832
198840140863508480
198840140989333505
198840141454905344
198840140561514497
198840141572354049
198840141731725312
198840141870141440
198840141941456896
198840142063091712
198840141526204418
198840138757980160
198840141731737600
198840142163755008
198840139198382082
198840141693984768
198840142000177155
198840142608351232
198840142209888256
198840142843232256
198840143036153856
198840143824683008
198840144042795008
198840143816298497
198840142205698049
198840144558690304
198840144357371904
198840144818737153
198840144256712704
198840145158471682
198840145082982400
198840145221390336
198840145405935616
198840146043482112
198840145728909312
198840145552752640
198840143732416512
198840146504859648
198840146018312192
198840145787629569
198840146681004032
198840146483871745
198840146177703937
198840146571964416
198840147062689793
198840146567766017
198840147129806849
198840146953637888
198840148178386945
198840147666673664
198840148262264832
198840147687653377
198840148350353408
198840148341948416
198840147628920832
198840148576837633
198840148308406273
198840148987887616
198840148685881346
198840148719439872
198840149164048384
198840147922530304
198840149742845953
198840149747040257
198840148966916096
198840149449256960
198840150149705729
198840149667364865
198840149872885760
198840150833377281
198840150804013056
198840150598483970
198840151760310272
198840150883713024
198840152129413120
198840152196513792
198840152385261569
198840152750166016
198840151949058049
198840152431407104
198840152884387843
198840152695644160
198840153274454016
198840153660329987
198840153308020736
198840153488359424
198840154146873344
198840153731645442
198840153748414465
198840154071379969
198840154520162305
198840154654388224
198840154901839872
198840154557906944
198840154843119617
198840155505823745
198840155484856322
198840154830536706
198840153316397057
198840156210479105
198840156558589952
198840156877369347
198840157493919745
198840157477142528
198840157582000128
198840157632344065
198840157825269761
198840157774938112
198840158219550720
198840158253096960
198840158374735873
198840158768988161
198840159238766592
198840159335223297
198840158991302657
198840158991286273
198840159700123648
198840159490424832
198840160845172737
198840157712023553
198840161126199296
198840160383807488
198840161126191104
198840161851805696
198840161369456641
198840161637896193
198840162363518978
198840162594197504
198840162686480384
198840162422226944
198840163512758272
198840163500179457
198840163072352256
198840163131064320
198840163584053249
198840163412086785
198840163290456064
198840164141891584
198840164154486784
198840164250951681
198840164380983297
198840164645208065
198840164745871361
198840164624236544
198840164812984320
198840164934631426
198840165479878656
198840165349867520
198840165798641664
198840165651841024
198840164385165315
198840166209687552
198840166440374272
198840166104829954
198840166566199297
198840166557810688
198840167069528064
198840166692040704
198840167195344897
198840167258263552
198840167375716352
198840167677706240
198840167291817984
198840167514116097
198840167837077506
198840167174381568
198840167488946176
198840167015002112
198840168436875264
198840168457834497
198840168352989184
198840168889860096
198840168994705408
198840169191833600
198840169187643392
198840168927604738
198840169477054464
198840169401552896
198840170575953921
198840170626285568
198840166994022400
198840170764705793
198840169816793090
198840170886348801
198840171322552320
198840170974425090
198840171410620419
198840172060745728
198840172194967552
198840171704225792
198840172220137472
198840172354347010
198840172450824193
198840172761190400
198840171884593152
198840172903809024
198840172228517888
198840173159645184
198840173180628993
198840173096738816
198840172694077443
198840171553230849
198840173025435649
198840173172240386
198840173704904705
198840173214183426
198840173662965760
198840173289680896
198840173918826497
198840174266953728
198840174199848961
198840174015299584
198840174698958848
198840174661210113
198840174355030017
198840174556356608
198840175156150272
198840175403614209
198840175479095296
198840175504273410
198840175751725059
198840175969832960
198840176192131072
198840176074698753
198840175617519617
198840176477347840
198840176460578816
198840176322166787
198840176737394688
198840176968077312
198840176980664320
198840176762552320
198840177051963392
198840177555283968
198840177404293120
198840178478022656
198840178398343168
198840178482216961
198840178134089728
198840178134106113
198840178876497920
198840175273582592
198840178767446016
198840178910044160
198840179098779648
198840179073613824
198840178712915968
198840179333660672
198840178876485632
198840179207835649
198840178696142850
198840179253968896
198840179031670786
198840179262365697
198840180373856257
198840180466122752
198840179836977152
198840180466130945
198840180336099328
198840179547578368
198840181019774976
198840181263044609
198840180868792321
198840181619568641
198840181103673344
198840180688433152
198840181569228800
198840181925740544
198840182164815872
198840182668136449
198840183054020608
198840183196631040
198840182651371520
198840184282943489
198840179660832771
198840183741890560
198840184735936513
198840184702373889
198840184954036224
198840184534609921
198840184459112448
198840185360879616
198840185750945792
198840185142788097
198840185918722051
198840186065534977
198840185977450496
198840186157801472
198840186388492289
198840186644336641
198840186447212544
198840187021828096
198840187067957248
198840187193802753
198840186774355968
198840187533537281
198840187848110080
198840187168628736
198840187839717376
198840188087181313
198840188288507905
198840188502409216
198840188603088896
198840188158492672
198840188498214912
198840189181894657
198840189341286401
198840189337092097
198840189630676992
198840189257388032
198840189936873473
198840190062702592
198840190003986432
198840189903319040
198840191094505472
198840190729588736
198840190985449472
198840190297583616
198840190939299842
198840191824314368
198840191220318209
198840191232909313
198840191501336579
198840191975309312
198840190788317184
198840191585239041
198840192554110977
198840192717688833
198840192499580929
198840188833767424
198840193262956544
198840193174863872
198840193451696128
198840193682386944
198840193934032896
198840193653018624
198840194202476545
198840194739339265
198840194730962944
198840195192324096
198840195179753472
198840195930529792
198840195632734208
198840196152827904
198840196027002880
198840196333174784
198840196446425088
198840196450619393
198840196194766848
198840196106694657
198840196601614336
198840195934724096
198840195662102529
198840197260120064
198840197524357120
198840197172047872
198840197692137472
198840197465653248
198840197822152705
198840197427904513
198840198610685953
198840198505832448
198840198799429632
198840198644252672
198840198400978944
198840199143374849
198840199218868224
198840199445348353
198840199399211008
198840199533436928
198840200162578433
198840200330358784
198840200498118657
198840200133226496
198840200460374016
198840200573632512
198840200447803392
198840201026613248
198840200468770816
198840201097916416
198840200867233793
198840201345380352
198840201919987712
198840201685118976
198840202540761088
198840202171662339
198840202507206657
198840202830163968
198840203283140609
198840204042321920
198840204486918146
198840204008755201
198840204612734977
198840203576750080
198840204503683074
198840204730171392
198840205107666944
198840205418045440
198840205879427074
198840205506125826
198840204717588481
198840206344994816
198840206433075202
198840206697304064
198840205850062849
198840206965747714
198840206307246080
198840207141896192
198840206768619521
198840207011889152
198840207590690816
198840207276130305
198840207703941121
198840205631946752
198840207884296192
198840206651166720
198840207540355072
198840208064651264
198840207389372416
198840208303730690
198840208148541440
198840208349859842
198840208165318656
198840208664436740
198840208538607616
198840209134198785
198840209339719680
198840208312115200
198840209281007617
198840209364877312
198840209096458240
198840208949649409
198840209633320961
198840206902833153
198840209859809280
198840209910153218
198840209901748225
198840210384109568
198840209809489920
198840209838833664
198840210128252929
198840209805295616
198840210237300738
198840210715447296
198840211160043523
198840209545236480
198840211390738432
198840210665127936
198840211587862528
198840211621412864
198840211415908352
198840211860504576
198840212640632833
198840212573532160
198840212489650177
198840212590313473
198840213525635073
198840211906637824
198840213546610688
198840213634695169
198840213756321792
198840214368698368
198840214335135744
198840214989438976
198840215253692417
198840215442440192
198840215475990530
198840215585034240
198840215673122816
198840215434043393
198840215157219329
198840215765389312
198840215274663938
198840216730091520
198840216402931712
198840216809783298
198840217216630784
198840216939790336
198840217107578881
198840216860106754
198840217359233024
198840217879314432
198840217518616577
198840217917067264
198840217422135296
198840217753497601
198840218504273920
198840217719934978
198840218231635970
198840218319732737
198840218932101120
198840218634297344
198840218885955586
198840219611578369
198840218831421440
198840219208908801
198840219099869187
198840219557040130
198840219871625216
198840218978226176
198840220270080000
198840220320399361
198840220358152192
198840220240707585
198840220576264192
198840220689498112
198840219921948673
198840220744028160
198840220777578496
198840220442034176
198840220928585728
198840221029240833
198840221280894977
198840220865658881
198840221528371200
198840221423509504
198840221834547200
198840220303622145
198840222056841217
198840222128156673
198840222388191233
198840222832803842
198840222618877952
198840222925070337
198840223067676672
198840223122198529
198840223424192512
198840222748905473
198840223998816256
198840224422445056
198840224560852992
198840225013829634
198840225038999552
198840224925757441
198840225747845120
198840225806553089
198840225080934400
198840225861087232
198840225810747393
198840226016264192
198840226263736321
198840226297298945
198840226754465792
198840226762854402
198840226725101569
198840226662195200
198840226045632513
198840226251145216
198840226859319297
198840227010322433
198840227387801601
198840226980962304
198840227597533185
198840228297977856
198840228256038912
198840227249393664
198840228163764224
198840227689799681
198840228369276928
198840229015207937
198840229153615872
198840228927119360
198840229908582400
198840228922925056
198840229686296577
198840230000857088
198840229585633280
198840230353186816
198840229635964928
198840230722289664
198840230118297600
198840230269300737
