198801475672080384
198801476225744898
198801476645163008
198801477433700352
198801477790212096
198801477836341250
198801478738124803
198801479300161537
198801479425990656
198801478897500160
198801480604590080
198801479983833089
198801480541667329
198801480264843265
198801481657360384
198801481414086656
198801482676580352
198801482202624000
198801482991140864
198801483532214272
198801481862881282
198801483548991488
198801484199112705
198801484362682372
198801483192467457
198801484224270336
198801485457399809
198801485474181120
198801486539530240
198801486292062208
198801486732472321
198801486866677761
198801487479046145
198801487877517312
198801488854794241
198801488993193984
198801489244864516
198801489379074048
198801490524114945
198801490876436481
198801491283288064
198801491501383680
198801482349428736
198801491740475392
198801492038254593
198801493699207168
198801493766324225
198801493665652737
198801494689071104
198801494965878784
198801495225937920
198801495460810752
198801495687299073
198801496333234177
198801497658621952
198801497901907968
198801497667010561
198801497616683009
198801499462176768
198801500225552384
198801500586262531
198801500020019200
198801501907451904
198801501769048064
198801501957791744
198801502079426560
198801501920043008
198801502863753218
198801503815868419
198801503874584577
198801504449212418
198801504759590912
198801505028026368
198801505762029569
198801506936422400
198801506923855872
198801507116777472
198801504168194048
198801507280371712
198801507112587264
198801508228280320
198801508379279362
198801509423644676
198801509838888960
198801509864054785
198801510073765888
198801511126536194
198801511537590272
198801510749052930
198801511243980801
198801511814397953
198801512154136578
198801512359661568
198801512623898624
198801511369801728
198801513563426817
198801514188374016
198801515232755713
198801515878678528
198801515966767104
198801516105183232
198801515983540224
198801516633653249
198801516763684864
198801517095026688
198801516512022529
198801517061472256
198801517908725761
198801517682245632
198801520530165760
198801520400150529
198801521322893313
198801520932831234
198801522182721536
198801522216275969
198801522556010499
198801523373912064
198801524221153281
198801524326023169
198801524200194049
198801526347673600
198801526582550528
198801527182331904
198801527295586306
198801527790505984
198801529107525632
198801530017693696
198801531070455808
198801532051922945
198801531536031744
198801531867373569
198801532286799873
198801533507354624
198801534086164480
198801534987935745
198801535172489217
198801535034081281
198801535591915520
198801535042469888
198801535910674433
198801536489492480
198801536409804800
198801537861038080
198801538079137792
198801538444042240
198801538796355585
198801538825723906
198801538955751426
198801539710713857
198801539370991616
198801540050468866
198801540566351872
198801540977401856
198801540708966400
198801540981600256
198801541388439552
198801541841420288
198801542038560770
198801541782716418
198801542999060480
198801543644971008
198801543972130816
198801544697741312
198801544286715906
198801544815198210
198801544991358976
198801544592891905
198801544563523586
198801545490468864
198801545507246082
198801546690039809
198801546958471170
198801548179025921
198801548145463296
198801548120297472
198801548346798080
198801548397121536
198801549500235777
198801549537968128
198801550313922561
198801550779482112
198801550888542209
198801551341518848
198801551714816000
198801552025206784
198801551840649216
198801552717250560
198801553195413506
198801552549490689
198801553061191680
198801553371574272
198801554097192960
198801554915065856
198801555221258240
198801555472916482
198801555233841154
198801555619717120
198801555816849408
198801556555051008
198801556215308288
198801556785741825
198801557884633088
198801558392152065
198801557947551744
198801555187712001
198801558530564097
198801558056599554
198801558765436928
198801558765445121
198801559541383168
198801560308953089
198801561126846465
198801561449795586
198801560153763840
198801560933896192
198801562057965568
198801561747603456
198801562259304449
198801562200576000
198801562175414274
198801562578071554
198801562678726660
198801563194626049
198801563576320000
198801564100608000
198801564478091264
198801564675223552
198801564314501121
198801564226428930
198801565371478016
198801564973015040
198801565690249216
198801565841231872
198801565178535936
198801566562652160
198801566466195456
198801566763982849
198801567036620801
198801567795789824
198801567393124352
198801568831774720
198801570274607104
198801570639511552
198801571440635904
198801572245946369
198801572656971776
198801573017694208
198801572740874241
198801573445517313
198801573596504064
198801573982388224
198801574850592770
198801575093874688
198801575458779136
198801576167620609
198801576264085504
198801576335380482
198801575727202304
198801575387463680
198801576767393795
198801576536719364
198801577195220993
198801578814226432
198801578650648577
198801579313336320
198801579078459392
198801579653083138
198801578847764480
198801579237842944
198801580806504448
198801580991070208
198801581016219648
198801581980917760
198801581611827200
198801582937219073
198801583004336128
198801583402786818
198801583658635267
198801583780274177
198801584182935552
198801584078073856
198801581318217728
198801585139224576
198801585269260288
198801585340563458
198801585881612290
198801585680289793
198801586225557505
198801586879873024
198801586313629696
198801587324461057
198801587152490496
198801587488047105
198801588322713602
198801589190930432
198801589480325121
198801589434204161
198801589429997568
198801590130446337
198801590516318208
198801591078363136
198801591539728387
198801592886099969
198801593406210048
198801593796280321
198801594148601858
198801594391855104
198801595255885825
198801595255881728
198801595746619392
198801595641769984
198801593972432896
198801596937814017
198801596409319424
198801596937801728
198801596707119104
198801596593876994
198801597197848576
198801597818601473
198801597235609600
198801598170927104
198801598791696386
198801598531645441
198801598900740096
198801599206924288
198801599013990400
198801599534075904
198801600716881920
198801600918196225
198801602121965568
198801602470100992
198801602537209856
198801602772078592
198801604193943553
198801604252663810
198801604244279296
198801604298805249
198801604646936576
198801604760186880
198801604953116673
198801605431267328
198801606144303105
198801606437896192
198801606890889216
198801607624900610
198801608275009536
198801607268376576
198801608581193728
198801608631525376
198801608820269059
198801608820277248
198801609604599809
198801607507443712
198801609151610880
198801611022282752
198801611848552449
198801611546562561
198801612477693953
198801612658061314
198801613454983169
198801614440640512
198801614587445249
198801614872641536
198801615615037442
198801616206434304
198801615766040576
198801616655228928
198801616416149504
198801617275981825
198801617917718529
198801619092115457
198801619486388226
198801620040024065
198801621268971520
198801621340262402
198801620870504450
198801621570961409
198801621411565570
198801620933414912
198801621919076353
198801622434979842
198801622468526080
198801622355292161
198801622502096897
198801622913130496
198801622846021633
198801623319969792
198801623961706497
198801623395479552
198801624473411584
198801624653758464
198801624725065729
198801624846708736
198801625853337603
198801626134360064
198801626197262336
198801626390200320
198801626545389569
198801627216486400
198801629078753280
198801628801933314
198801630118944768
198801631087837185
198801631477895168
198801632459358208
198801632484540416
198801632727801858
198801633168195585
198801632765550595
198801630802624513
198801633654738945
198801631729557504
198801634145472512
198801634023837699
198801636028727297
198801635944841216
198801636615921665
198801636670443521
198801637253459968
198801638482386944
198801639266725889
198801639673561088
198801639753256960
198801640835399681
198801641149956097
198801640298516482
198801642043359235
198801642215317504
198801641737166848
198801642362109953
198801642714431488
198801642357927936
198801643083542528
198801643016437762
198801644778029056
198801645310705664
198801645096808448
198801645440741376
198801645239418881
198801645553987584
198801645428162561
198801645499457536
198801646485127169
198801646682247168
198801647084896256
198801647466594304
198801648565501953
198801648833921024
198801648741658624
198801649752473600
198801650247413760
198801650524225538
198801650415190016
198801650641670146
198801650532614147
198801651266625538
198801651702837248
198801651933515776
198801652784967681
198801653049204736
198801652579446784
198801653774819330
198801653783212032
198801653456048130
198801653636411393
198801655733555200
198801655674834945
198801655590944769
198801656547262465
198801657323192321
198801657881042944
198801657902018560
198801659420352512
198801659407765505
198801660359872512
198801660083056640
198801659726544896
198801660531847170
198801659273543681
198801661005795328
198801661383286784
198801662222139393
198801661702049792
198801662687719425
198801663883096064
198801663664979971
198801664365445120
198801665426591745
198801666143830016
198801666227712000
198801666353532930
198801666445803520
198801666584227840
198801666324176897
198801666982674433
198801667146252288
198801667016237056
198801667108503552
198801667238531072
198801667519545344
198801667272081408
198801667758624771
198801669071446016
198801668303884290
198801668886900737
198801669566373888
198801665019740161
198801669880950784
198801670069690368
198801668714921984
198801669574758400
198801670111625218
198801670115823618
198801670640115713
198801670904348672
198801671856459776
198801671147634690
198801669532823553
198801672930209792
198801672905043969
198801672372363265
198801672452046851
198801675123822592
198801674826039296
198801675232878593
198801675660701696
198801675211898881
198801676579258369
198801676612800512
198801678537986048
198801678768672768
198801679007752192
198801678777061376
198801679062274048
198801681453039617
198801678328266754
198801683017502720
198801683046866944
198801683126562817
198801682853928960
198801683004915712
198801683688587264
198801684162560000
198801682895880193
198801682816188416
198801684498096131
198801684347109376
198801684976242688
198801685362130944
198801686133874688
198801686704295936
198801688428150784
198801687723507713
198801688822427649
198801688633675776
198801688965025792
198801689791303681
198801689942310914
198801689535451137
198801690193960962
198801692031066112
198801692555350017
198801692517605376
198801692526002177
198801693608132609
198801694430203904
198801694388256769
198801694790922240
198801695109693446
198801695784972288
198801696292478977
198801697315885056
198801697714356224
198801698339303424
198801697722744832
198801698490298368
198801698863595520
198801698754527233
198801699320762369
198801698960048129
198801701023662080
198801701665390592
198801701493407744
198801701942214657
198801702550388736
198801702302912514
198801702747508737
198801703603142656
198801703942889476
198801703884165121
198801704194555904
198801704769159169
198801704026767360
198801704894988288
198801702395199488
198801705012441088
198801705209569280
198801705469616129
198801706266537984
198801706669182977
198801707302535168
198801707193483265
198801707252195328
198801707935875072
198801708250439680
198801708858621953
198801706115534848
198801709559066626
198801710569881600
198801712490872832
198801712516042752
198801713086468098
198801713052913664
198801713350705152
198801714030182401
198801714206343168
198801713937911809
198801714424459267
198801714734841856
198801716328673281
198801716622266369
198801716026687489
198801716379000832
198801715565301763
198801719352754176
198801719059156993
198801719688306690
198801720770437121
198801720766238720
198801722104225792
198801722808872961
198801723173777408
198801723425423361
198801723081490432
198801724281077760
198801725061206017
198801725535174657
198801725526781952
198801726206251008
