198806760524484608
198806760562237440
198806760860041217
198806760872615936
198806761015222273
198806761342369792
198806761472405505
198806761396912128
198806761459822592
198806761673719808
198806761757614080
198806761937973248
198806761162014721
198806762051211264
198806762193813505
198806762214789120
198806762323836931
198806762760060928
198806762973962240
198806763011710976
198806763057852416
198806763313692672
198806763720552448
198806764072865792
198806763980599296
198806764211277825
198806763338874880
198806764202889216
198806763728928768
198806764567805953
198806764555210752
198806764546822144
198806764630716417
198806765230497792
198806764517470209
198806765742198786
198806765905772545
198806762193813504
198806763091410944
198806765331152896
198806766866276352
198806766874673152
198806767017263104
198806767034052608
198806766572675074
198806767138897920
198806766669152256
198806763976400896
198806767000494080
198806767638036481
198806766509764609
198806768279764992
198806768535601154
198806768434946048
198806768854368256
198806768393003009
198806769009561600
198806768934064129
198806767679979521
198806769198305280
198806769311555585
198806768548188160
198806769449967616
198806769743560704
198806769902956544
198806768296525824
198806770188169216
198806770259472385
198806769844228096
198806770485964800
198806770615980032
198806770787954689
198806770796343297
198806770343346176
198806771513561089
198806771500982272
198806771060572161
198806771295465475
198806771668758529
198806771370958848
198806771639394306
198806772214018048
198806772209811459
198806772402761728
198806772293709824
198806772939636736
198806773208059906
198806773308735488
198806773568774145
198806773581348865
198806772964786178
198806773837217794
198806774126620672
198806774210502656
198806774189539328
198806774118232064
198806774298591232
198806773879148544
198806774193733632
198806774428610560
198806774478942209
198806774231478272
198806774839656448
198806774395052033
198806775280058368
198806775397494784
198806775452020736
198806775338774531
198806775200362497
198806775577837569
198806776118915073
198806775842082816
198806776378953729
198806776282497024
198806776378953728
198806776806785024
198806776710303744
198806776861302784
198806776794193920
198806776152469505
198806776949391361
198806776706105344
198806777163296768
198806777331073024
198806778249625600
198806778127982592
198806778559991809
198806778719387649
198806778375454721
198806778656473088
198806778803265536
198806778744549378
198806778425769989
198806779054919681
198806779155591170
198806779243675650
198806779356921856
198806779461775362
198806779289796608
198806779977674753
198806779868618753
198806778719371266
198806780355149824
198806780246097920
198806780254486529
198806780434853889
198806780229324802
198806780552290305
198806780082520065
198806780963336192
198806780657139713
198806781210800130
198806781198217216
198806781718310912
198806781332422656
198806782066434049
198806781961580544
198806782221619200
198806782389395456
198806782745907200
198806782938853376
198806783198900224
198806782863343618
198806783513464832
198806783874187264
198806783874179073
198806784109051905
198806784150994945
198806784226500609
198806783756746752
198806784515907584
198806783941287938
198806784654315521
198806784046145538
198806785140854787
198806785266683906
198806785346379776
198806785698697216
198806785954545667
198806786063597568
198806785837121536
198806785979711489
198806786092965888
198806786340429824
198806786424315904
198806786172649473
198806786172665859
198806786566926338
198806787070238722
198806787196067841
198806785707094016
198806787128958976
198806786982158336
198806786650816512
198806787674218496
198806786885681152
198806787938451456
198806788114620416
198806787640668161
198806788450160640
198806788680855552
198806788311752704
198806788961873920
198806789079318529
198806789540683777
198806790115295234
198806790136283138
198806790182408192
198806790174027777
198806790547308544
198806790761234432
198806790740250625
198806789611986945
198806790425677824
198806790530547712
198806791042248705
198806791109357569
198806791734308864
198806791776243712
198806791868530689
198806791952408577
198806792342470656
198806792057266177
198806792417972225
198806792657059840
198806792954855424
198806792908713985
198806792929685504
198806788273999872
198806793139388417
198806793391058947
198806793646899200
198806793525276672
198806793021960192
198806794083119104
198806794452217856
198806794603204609
198806794087317505
198806794045362176
198806794867445760
198806795005865985
198806795173634051
198806795404324864
198806795442065411
198806795718889472
198806795823755265
198806795760828417
198806795823747072
198806796016689153
198806796289310721
198806796251578368
198806796310290432
198806795567898624
198806796423536640
198806795668553729
198806796624863233
198806796960399361
198806796859736064
198806796952018946
198806797094625281
198806797182713856
198806797295955969
198806796557750272
198806797182709760
198806797727969280
198806797933486080
198806798000594945
198806797753126912
198806798424215552
198806798025756673
198806798533271552
198806798696853504
198806798885601280
198806798864613376
198806798910750721
198806799036588034
198806798600384512
198806799099498497
198806799384715264
198806799393099776
198806799401484290
198806798864613377
198806799695093761
198806799615410177
198806799825117186
198806799955144705
198806799732846594
198806800236163072
198806800257122305
198806800437477377
198806800483631104
198806800542339073
198806800500404224
198806800940797952
198806801020502018
198806801142128642
198806801116971008
198806801439932416
198806801490264068
198806801796448259
198806801792245760
198806801007906817
198806801716756481
198806801116962816
198806801528004608
198806801939054593
198806802295554048
198806802245234690
198806801918070786
198806802358484993
198806802580766720
198806802907930625
198806802937286657
198806802996011008
198806803256066049
198806803692257281
198806803356717060
198806803742588929
198806803860033537
198806803985862657
198806803956498432
198806804040392706
198806803310587904
198806803650314240
198806804497567744
198806804795367424
198806805026045952
198806805000888320
198806804971532288
198806805042839552
198806804690518018
198806805776830464
198806805982347265
198806805386756096
198806806183677952
198806806326296576
198806806330474496
198806805567115264
198806804774404096
198806804384333826
198806806452121602
198806806972207104
198806807085457409
198806806691201024
198806806779265025
198806807597162499
198806807408418817
198806807760748544
198806807316135937
198806804443041792
198806808012394499
198806806590525440
198806805067993088
198806808385691650
198806808456990722
198806808100487169
198806808805130241
198806809065160705
198806808578629632
198806809266495490
198806809379749889
198806805856530433
198806809652375553
198806809849499649
198806809912410114
198806809803362305
198806809836924929
198806809153257472
198806809975341056
198806809505574912
198806810315075585
198806809329410049
198806809006452738
198806811074232320
198806811426553857
198806811304931328
198806808419246083
198806811749515265
198806811640475650
198806812378664961
198806812491907072
198806812546445312
198806812609351680
198806812835852288
198806812848422912
198806812278009856
198806812957487106
198806813217525760
198806811476901888
198806813339156480
198806813477584896
198806813636964352
198806813372710912
198806813842477056
198806813846683648
198806813704060928
198806814404517888
198806814492594179
198806814672953346
198806814916214784
198806814375161856
198806810931642369
198806812085059586
198806815578931200
198806815662804992
198806815432126464
198806815692169216
198806815931248641
198806816044494850
198806816073854976
198806815813812224
198806816363266049
198806816317128706
198806816845598721
198806816434556929
198806817122426880
198806816568774656
198806817197920257
198806817067905028
198806817202110465
198806817416036353
198806817336336388
198806817709625345
198806817151795200
198806818191966208
198806817734795264
198806818766602240
198806818623979520
198806818686898177
198806818586234881
198806819085357056
198806817235668993
198806818837905408
198806819383152640
198806819626426368
198806819639005186
198806820247183361
198806819844538370
198806820859555841
198806820893114369
198806820867932160
198806820637245441
198806821564203009
198806821530648576
198806821643890689
198806821669048321
198806821736161280
198806821782298624
198806821782290432
198806822038151169
198806822147211264
198806822390468609
198806822474350593
198806822767960067
198806822944129024
198806822998646785
198806823267078144
198806823304839168
198806823686512641
198806823791362048
198806823812337667
198806823309017090
198806823749427201
198806823795556354
198806823317422080
198806823975927813
198806823392915456
198806824227569664
198806824374378496
198806824554733568
198806824718303234
198806824848330752
198806824978350081
198806824940617731
198806825083207680
198806824626036736
198806824047222785
198806825410367488
198806825586524161
198806825720741888
198806825708167170
198806825905303553
198806825259368448
198806826085662720
198806825947246593
198806825183883264
198806826333122560
198806826437984258
198806826458955778
198806826790305795
198806826903539712
198806827004198914
198806826811269120
198806824168857601
198806826983227392
198806827247480832
198806827276832768
198806827192958976
198806827675295745
198806827998261250
198806828061167617
198806828212166656
198806827717234688
198806828220555264
198806828052787201
198806828623200256
198806828921008130
198806829160083456
198806829428510720
198806829445296129
198806829705347072
198806829545963520
198806829772455937
198806829923446785
198806829956988928
198806830040887297
198806829617250305
198806829541756928
198806830498058240
198806830737145856
198806830288343040
198806830913302528
198806831894773760
198806831865409536
198806831974461440
198806831114620929
198806832028979200
198806832041574400
198806833023041536
198806833010446338
198806833073364993
198806833455046656
198806833312444417
198806833849311234
198806833421492224
198806834067423233
198806834163888128
198806834516213764
198806834994364416
198806834893684736
198806832158998531
198806835216654336
198806834545565696
198806835497668608
198806835887734784
198806835355070465
198806835912900608
198806835946467328
198806835778695170
198806836164562945
198806836080680966
198806837003427840
198806836617560064
198806837301223424
198806837502550016
198806837867450369
198806838060392451
198806837540294660
198806838072967168
198806838572105729
198806838559514624
198806838995726336
198806838551121922
198806837133447168
198806839612293123
198806839654223873
198806839016689669
198806839444512768
198806839780057088
198806839394181120
198806839893303296
198806839968808960
198806835715772416
198806839914278912
198806840262402048
198806840254005248
198806836940513280
198806840795078656
198806840941875200
198806840857997312
198806840883159040
198806841067716608
198806841029955586
198806841357123586
198806841608765442
198806841604587520
198806841738797056
198806841910759425
198806842107887616
198806842296635392
198806842460217345
198806842820931585
198806842783174656
198806843190026240
198806843122917376
198806842858684418
198806843567521792
198806843395555328
198806842804150273
198806843814981633
198806843814985728
198806844020490240
198806844175695874
198806844284739586
198806844267970561
198806844217626624
198806844045668353
198806844167294976
198806844393795586
198806844771274752
198806844758704132
198806844003717120
198806844750311424
198806845043908608
198806844884525058
198806845257822208
198806845324931073
198806844930666499
198806844548972544
198806845392031745
198806845471735811
198806845643685888
198806845945675776
198806845916332032
198806845798875136
198806845060677633
198806846092484608
198806846260260864
198806846469976065
198806846524493824
198806846964899844
198806847367553024
198806847686316033
198806847950569473
198806847745044480
198806846616768513
198806848114147328
198806848177045506
198806848382566400
198806848432902144
198806848562929665
198806848671973377
198806848676184064
198806849145933824
198806849104003072
198806848772644867
198806849594720256
198806849737326592
198806849145937921
198806848831356930
198806850278408192
198806845991813121
198806850534248450
198806850668462083
198806850886565888
198806850265817091
198806850756558848
198806851092086784
198806851368914944
198806851234709504
198806851532500993
198806851649937408
198806851956121600
198806852564291584
198806847619211264
198806853021483008
198806853256351744
198806853264744449
198806853357027328
198806853214408704
198806853331861504
198806853076004865
198806832565846016
198806853336039424
198806853302484993
198806853524795393
198806853830979587
198806853415747585
198806853780647936
198806854191693824
198806854288146433
198806854468517889
198806854812442624
198806855110238210
198806854665633793
198806855391264769
198806855500316673
198806852211974144
198806855739383808
198806856100093952
198806856183980032
198806856263663617
198806856116879360
198806856536305664
198806856624390144
198806857182216192
198806857668755456
198806857899442177
198806857802981377
198806858117562369
198806857731674114
198806858516017153
198806858155298817
198806859174518785
198806859015135233
198806859203874817
198806859119988736
198806859505876992
198806859480694785
198806859065458688
198806859648466944
198806859879170048
198806860223086592
198806860273430528
198806860650917889
198806861007437824
198806857610051586
198806860692860930
198806860625756161
198806860734795776
198806861628178432
198806861720465409
198806861380718592
198806861783384066
198806861091307521
198806862148288512
198806862278307841
198806862664183809
198806862328643586
198806862118928386
198806862907453440
198806859514261504
198806860508311553
198806860520886273
198806863058440192
198806862592872448
198806863582732288
198806863729528832
198806863695982594
198806864249626624
198806864169938944
198806864379658241
198806864564207620
198806864610336769
198806862152474624
198806864652288000
198806864673243136
198806864245424128
198806864618733568
198806863410761729
198806865096871936
198806864262209536
198806865063317505
198806865436614657
198806865038147585
198806865499525121
198806865952518144
198806865960894464
198806866061557760
198806865264640000
198806866095112192
198806866174808064
198806866174812160
198806866329993218
198806866208374784
198806865675681793
198806866598432772
198806866879463426
198806867068207106
198806866577469441
198806866887852033
198806867634429954
198806867642822657
198806867672174593
198806868234223616
198806868464906240
198806868536209409
198806868204859393
198806867672174592
198806868800446465
198806869039525888
198806869396041728
198806869349896192
198806868540391424
198806869584773121
198806868573958145
198806868867563520
198806869836439552
198806869899354112
198806870100676608
198806870369120256
198806870348136450
198806870398472193
198806870482366465
198806870662721536
198806870872436738
198806871094722560
198806871560290306
198806871514161153
198806870683697152
198806870872428544
198806871711301634
198806871027625984
198806872273334273
198806872524980225
198806872160079875
198806872873115648
198806872940232704
198806872982163456
198806871879057408
198806873015730180
198806874139799552
198806874164969472
198806874768936960
198806874810875904
198806874001391617
198806874928324608
198806874601172992
198806875750400000
198806876031430656
198806876228562944
198806876438265857
198806876635410432
198806876551528448
198806876815753216
198806876870287361
198806876631212033
198806876627013634
198806877230997504
198806877734318083
198806877801414656
198806877830787073
198806876421492737
198806878111793152
198806878174720000
198806878501879809
198806878308929536
198806877713350657
198806879277817857
198806879445581824
198806878980018178
198806878690623488
198806875913981952
198806879646908416
198806879621742593
198806879789522944
198806879944720384
198806880045379584
198806880116682752
198806878925504512
198806880041189376
198806879697252352
198806880448020480
198806880292847617
198806880611606530
198806880909406210
198806880808738817
198806880976515072
198806881022644226
198806881035227136
198806881148481536
198806881190428672
198806881253330944
198806881517580288
198806881479831553
198806881811177472
198806881844727808
198806882012495872
198806882180268033
198806882150916097
198806882557763584
198806882603900928
198806882704556033
198806882389999616
198806883149152261
198806883153354754
198806883467923457
198806883514064901
198806884130627584
198806884394860544
198806884004798466
198806884461973506
198806884688478209
198806884743004160
198806884264837120
198806884864634880
198806884940136448
198806884776546304
198806885518934016
198806884059324417
198806885816733696
198806885665738754
198806886068391936
198806885934186496
198806885552496641
198806886609457154
198806885837717504
198806886211002368
198806884344545281
198806884474568704
198806886227787776
198806887007920128
198806887578337280
198806887507042304
198806887599321089
198806887574142976
198806887939055616
198806888085856258
198806888249442304
198806887477673984
198806888559820800
198806888710799360
198806888832434176
198806888119414784
198806888761131008
198806889054736385
198806889306402818
198806889256062976
198806889272840192
198806889440612352
198806889142829057
198806890023616513
198806890199793664
198806890275282944
198806890237530112
198806889310597120
198806890430468096
198806890728263681
198806890828926977
198806890946379776
198806890875068416
198806891151884290
198806890929590272
198806891609075712
198806891969789952
198806891785236480
198806892166909952
198806892208852992
198806892280152066
198806889419649024
198806892569559040
198806892162719745
198806892758315012
198806892942852097
198806892972220416
198806892863164416
198806893345513472
198806893098049536
198806893710417920
198806893513293824
198806893542645760
198806893907546112
198806893974659072
198806893890781185
198806893962076160
198806894125662210
198806893811073025
198806894175989760
198806894498955264
198806895102935040
198806894771572736
198806895308455936
198806895434268673
198806895463628800
198806895396536321
198806895572692992
198806895782412288
198806895513976832
198806894717059075
198806896168275968
198806895480406018
198806896285712384
198806893169348608
198806896461885440
198806896470261760
198806896642236418
198806896700964866
198806896826777600
198806896935833602
198806897028104192
198806893907558403
198806896872923136
198806897736945665
198806897627901952
198806898160566273
198806898181545984
198806897707593728
198806898391265281
198806898026360832
198806898861027328
198806898747777025
198806895618822144
198806899473383424
198806899733434369
198806899720847361
198806900119318528
198806900349992960
198806900161253376
198806899582435328
198806900756848640
198806900882681856
198806901172084736
198806900618436609
198806901419556864
198806901453107201
198806902283579394
198806902094839809
198806902178721793
198806902333915136
198806902061268992
198806902715588608
198806902782689280
198806902874968064
198806902929502208
198806903281811459
198806903671889920
198806903676092416
198806903789330432
198806903889993729
198806904116477953
198806904384921604
198806903969685506
198806902547808256
198806904464617473
198806904686911489
198806904615616512
198806904452030464
198806904556883971
198806905240559616
198806905496408064
198806905408323584
198806905630625792
198806905601273856
198806905760661504
198806905689346049
198806906163302400
198806905630638081
198806905781620737
198806906469498880
198806906494648320
198806906846969856
198806906628866048
198806906800844801
198806907593564160
198806907815866368
198806907580989440
198806908184952832
198806907727785984
198806907933310976
198806908604383232
198806908604395520
198806908495339522
198806907740364800
198806908977676290
198806909145460736
198806909292253186
198806909342597120
198806909342580736
198806909569073153
198806909082542081
198806909598445568
198806909057372161
198806909992701952
198806910579916800
198806910592495616
198806911230017537
198806910990942210
198806911422955520
198806911544590337
198806911246794753
198806911804641282
198806912001773569
198806911108386816
198806911989186560
198806912245043201
198806908205928450
198806912454762499
198806912752566273
198806912702234625
198806912840642562
198806912572211200
198806912882589696
198806913469775872
198806913016799232
198806913511727104
198806912844832768
198806913251676161
198806914073755648
198806914472226816
198806914660970496
198806914941988865
198806915126534145
198806915080392704
198806915113947138
198806915202031617
198806913918566400
198806915814391809
198806915864735744
198806916003135490
198806915894095872
198806914950369284
198806916149940225
198806916091232261
198806916347080704
198806916724563969
198806916770697217
198806916984610818
198806917202710530
198806916145745921
198806917018169345
198806917588598784
198806917785718786
198806917718605824
198806918138052608
198806918515539968
198806918154825731
198806918867857410
198806919127904256
198806919098548225
198806919492812800
198806918800744450
198806919589277699
198806919081754624
198806919631212547
198806919396327425
198806919958372353
198806919006265345
198806920461680640
198806920004505600
198806920897888257
198806921145368576
198806921149562880
198806921313132545
198806921191505920
198806921329913857
198806921896136704
198806921682223104
198806922051321859
198806921644486656
198806922282008576
198806922378493954
198806922353311747
198806922449784832
198806922810499073
198806922860838914
198806922860838912
198806919249539072
198806923213152256
198806923515142146
198806923624194050
198806923204767745
198806924001677312
198806924148490240
198806924500803584
198806923947147264
198806924786008065
198806925205454849
198806925041876993
198806925159317504
198806925364838401
198806925356445696
198806925499052032
198806925503250432
198806925079621632
198806925318701056
198806926006550528
198806926107217920
198806925775867904
198806926228856832
198806926140776448
198806926430183425
198806926350491649
198806926535036928
198806926287577088
198806927034171392
198806926442774528
198806926925115393
198806927159996416
198806926753144835
198806927256461314
198806927193554944
198806927168389120
198806927386484736
198806927701053440
198806927696859136
198806927705251841
198806927587815424
198806928250515458
198806927654920192
198806928552497152
198806928573464576
198806928795774977
198806928393113600
198806927604596737
198806928745439235
198806928619601920
198806928888041472
198806929223581698
198806929341034496
198806925360640000
198806929898868738
198806929798201344
198806928925786113
198806929731104769
198806929739497475
198806930213441537
198806930167300096
198806930205048832
198806930314113026
198806930691592193
198806928888053761
198806930712571904
198806930842599427
198806931073273856
198806930502848512
198806931459149824
198806931572408321
198806931446566913
198806931710808065
198806931735973889
198806932008599552
198806932151222273
198806928317624320
198806932696465410
198806932935548928
198806932625174530
198806933157847040
198806933522751488
198806933585674241
198806933631799296
198806933807955968
198806933086547969
198806934281920514
198806934223208448
198806934642622466
198806934760071168
198806934831366146
198806933963153408
198806934290309121
198806935141744640
198806934378393600
198806935414374402
198806935527632897
198806935187886080
198806935678615552
198806936190328833
198806936215498752
198806936198717441
198806936307765248
198806936341319681
198806936475541505
198806936467152897
198806936932720643
198806937079517184
198806937805135872
198806937830301696
198806938014842880
198806938383949825
198806938161647617
198806939076014080
198806939285733379
198806938341998592
198806939373813760
198806938643988480
198806938899853313
198806939113754624
198806939780653056
198806939818393600
198806940078440449
198806940044894209
198806940850200576
198806940925706241
198806940644671488
198806941122830336
198806940711792642
198806941911367680
198806941919748096
198806942813138944
198806942779584512
198806942964137985
198806942997680128
198806943085768705
198806943677169664
198806941366108161
198806943953989632
198806943731695616
198806943681355776
198806944079810561
198806943404539905
198806943635210241
198806944243392513
198806944461496322
198806944503439360
198806943807176704
198806944750911489
198806945078054914
198806944788652032
198806945447165952
198806945807876096
198806946114048000
198806946227294209
198806946726424576
198806946025971713
198806946848059393
198806945744953344
198806946810298368
198806947380727808
198806946827083776
198806947414278146
198806947384918016
198806947590438913
198806947858878464
198806948009869312
198806947443654659
198806947498172416
198806948144095232
198806948324450304
198806948471255041
198806948605476864
198806948987150336
198806949230424064
198806949117165570
198806949163307008
198806949289140224
198806949540802562
198806949620490240
198806949809238018
198806949901516800
198806949855363073
198806950148968448
198806950132195328
198806950383861762
198806950488719362
198806950132187137
198806950681649153
198806950845218817
198806951071723520
198806951247888385
198806951516307456
198806951688282112
198806951562452992
198806951663112193
198806951348539392
198806951516311552
198806951973490688
198806951893794818
198806951814103041
198806951910584320
198806952229351426
198806952304836610
198806952795578369
198806952313237504
198806953303080962
198806953303089152
198806953420529664
198806953525395456
198806953286320130
198806953705742337
198806953722515456
198806953760272384
198806954108395520
198806954246803456
198806953718321152
198806954393608193
198806954125180928
198806954586542081
198806954578157568
198806954993389569
198806955014369280
198806955219877888
198806955396055041
198806955144396802
198806955060502528
198806955945500672
198806956046168064
198806955760951298
198806956549476352
198806956679503872
198806956931158017
198806956989882368
198806957006667778
198806957170229248
198806957258321920
198806957430276097
198806956914393089
198806957509971968
198806957539332097
198806957790986240
198806958038462464
198806958705352704
198806958327865344
198806958957006849
198806959175114752
198806959170916354
198806959154143233
198806959221256192
198806959250604034
198806959263203329
198806959456141313
198806958789238785
198806959623905283
198806959732965376
198806959800066049
198806959695216640
198806959745531904
198806959955255296
198806960244662272
198806959670046720
198806957493202944
198806957568700418
198806960777330690
198806960714424320
198806960307576832
198806960378875904
198806961272262656
198806960991240192
198806961800753152
198806961746227200
198806961549086720
198806962094350337
198806962933215234
198806962358595584
198806962933207040
198806962446675968
198806962526371843
198806963231006720
198806963465895938
198806964090847232
198806964271190016
198806964417990659
198806964699004930
198806964556402690
198806961477779458
198806964824850432
198806963512020992
198806964539621376
198806965701459969
198806965680472065
198806965546262528
198806965814702081
198806966372548608
198806966167019520
198806966737448961
198806966800359426
198806967354011648
198806967500812288
198806967706337280
198806968129961985
198806968192868352
198806967987355648
198806968356450304
198806969245630466
198806969287577601
198806969329532929
198806969505681409
198806969421795328
198806969547620353
198806969669267457
198806970248081409
198806970298400768
198806970273247232
198806970378104833
198806971330215936
198806971523145728
198806971313438721
198806970986278912
198806971720282113
198806971187593216
198806971988705280
198806971703492608
198806972106153984
198806972387168257
198806971732865026
198806971430866944
198806972726919169
198806972013887489
198806972945014785
198806972886298625
198806972731101184
198806973364449280
198806973574168576
198806973603520512
198806973939064832
198806973855174656
198806974098444288
198806974530457600
198806974509481984
198806974656299008
198806974903754754
198806974962470913
198806975281238016
198806975411265537
198806975679692801
198806975675514880
198806975771979777
198806976149454848
198806976371765251
198806976665366530
198806976669556737
198806975537086464
198806976703115264
198806976816365569
198806976749252608
198806977785233408
198806976971546625
198806977722331136
198806977328058369
198806978435354626
198806978678624256
198806978930278400
198806978976415745
198806978959654912
198806978661847042
198806978863169537
198806979240673280
198806979345526786
198806979697848321
198806979874000896
198806979920138240
198806979349721089
198806979945312257
198806980570259456
198806980574449664
198806980628971521
198806980859670529
198806980717068289
198806980792561664
198806981170044928
198806981170036737
198806981467832320
198806978280177665
198806982122143744
198806983174926336
198806983330107392
198806983745355776
198806983942471680
198806984257060864
198806984366112768
198806984433205248
198806984340938752
198806984403853314
198806984361910274
198806984454180866
198806984022175744
198806984680673281
198806984923955200
198806985490178048
198806985347579907
198806985657958400
198806985884450816
198806985892827136
198806985918005248
198806984621948930
198806985989308418
198806985901219840
198806986131902464
198806986182230017
198806986312253441
198806986203213824
198806986438082561
198806986492616704
198806986878484481
198806987167895554
198806987100786689
198806987214036992
198806987260174336
198806987440521216
198806987587330051
198806987646054400
198806987931267074
198806987742523392
198806987557965825
198806987272761344
198806987927068673
198806988115808256
198806987524411393
198806988635901952
198806988174540800
198806987985784833
198806988090638337
198806988736569344
198806985787981825
198806988967251969
198806989332164609
198806989512515586
198806986916249600
198806989965508608
198806989994868736
198806989512515584
198806989365706753
198806990359764993
198806990376534016
198806990703697920
198806990758223872
198806990951170049
198806991240560642
198806990527528962
198806991290900480
198806991622246400
198806991429304321
198806991576117250
198806991857139712
198806991936823297
198806991878111232
198806991668383745
198806991974567936
198806991840358400
198806992670834689
198806992880537600
198806992989601795
198806992247197696
198806992758902784
198806993262215168
198806993497108480
198806993568415744
198806993656483840
198806993639706625
198806993748754432
198806993824268288
198806993656479744
198806994038169600
198806994684096513
198806993903960065
198806994482765824
198806994793152513
198806991550943232
198806994965110784
198806994881228800
198806994772176897
198806995095138304
198806995007053824
198806994239496193
198806995577470976
198806995577470977
198806995673956352
198806995720093696
198806995682336768
198806995275497472
198806996449894400
198806996424736768
198806995632013312
198806996022071296
198806996311474177
198806996642832384
198806996663799810
198806996852555776
198806996756070400
198806996995153921
198806996705742849
198806997645279232
198806998115033089
198806998144389120
198806998186340352
198806998127611904
198806998345723906
198806998429609984
198806998450585601
198806998677069825
198806999037775872
198806998706438144
198806998895169536
198806998987448321
198806999104888832
198806999264268289
198806999251685376
198806999503343619
198806999645962240
198806999671115777
198807000153468930
198807000325435392
198806999813722112
198807000476430338
198806997506850818
198807000732282880
198807000564498432
198807000174440449
198807000828739584
198807000686141440
198807000904237057
198807000958779392
198807001256566786
198807001285922818
198807001353043968
198807001751502848
198806999981494272
198807001692778496
198807001868931072
198807001969606658
198807001973792769
198807002183499777
198807002313523201
198806998609956864
198807002779107328
198807002439356417
198807002955259906
198807003030761472
198807002758135809
198807003546664960
198807003563442178
198807003529871361
198807003680878592
198807002594557954
198807003576016896
198807003869618177
198807003211108352
198807004213542912
198807004234526720
198807001399177216
198807004435849216
198807004456820738
198807003928342528
198807004519731203
198807003957702657
198807004108685312
198807004737839106
198807005111132160
198807005270515712
198807005350211584
198807004846882816
198807004842696704
198807005484433409
198807005169848320
198807005698334720
198807006096797698
198807006247792640
198807004913995777
198807006742724608
198807006981791744
198807007212470272
198807007287980033
198807006998560768
198807007728369666
198807007610941441
198807007585771520
198807007778713600
198807008042946560
198807008068120576
198807008235884544
198807008684679168
198807008844066816
198807007514472448
198807008818905088
198807009062166531
198807009460633601
198807009380941826
198807009485799424
198807009569677312
198807009443852290
198807009448034305
198807009712283648
198807009762615299
198807010211401729
198807010366590976
198807009188003840
198807010752475137
198807010383368192
198807010874101760
198807010882498560
198807010911858689
198807010211401731
198807010689548288
198807011201261569
198807008617570306
198807010454675456
198807011708772352
198807011851370498
198807011788460032
198807011113185282
198807011851370496
198807011960434688
198807012019154945
198807011884937217
198807012019150849
