198808773794607104
198808774159515649
198808774176280578
198808774683799552
198808775136776192
198808774373412867
198808775417798656
198808774742519809
198808775568797696
198808775480705024
198808775099027457
198808775086444545
198808775501676544
198808775052890114
198808775401029632
198808775824642048
198808775396831232
198808776424427520
198808775841427457
198808775665270784
198808777087139840
198808777200381952
198808776936144896
198808777175207938
198808777447837696
198808777531731968
198808777598844928
198808778085384192
198808774826401793
198808778446094338
198808777967935488
198808778357997568
198808778936827905
198808779754700800
198808778072797184
198808777993097217
198808778693541889
198808780564205568
198808780908134402
198808780434186240
198808780945883136
198808781667315712
198808781696675840
198808779263979522
198808780522262528
198808781856059392
198808781621178368
198808781201743872
198808782313242624
198808781755392003
198808782669742080
198808782216761346
198808779205255170
198808783047241728
198808783168868352
198808782959149056
198808782762020865
198808782699114497
198808781478559744
198808783638630401
198808783466663937
198808783567339521
198808783777038337
198808783324069889
198808783953215489
198808783558942720
198808784892723200
198808784703979520
198808785253449728
198808785425412099
198808784989204480
198808785702227968
198808785605758977
198808785408630784
198808785400233986
198808786092306432
198808786234912768
198808786373320704
198808786604007425
198808787182817280
198808787426082817
198808787505778689
198808787715502080
198808786931154944
198808787883266049
198808787598061568
198808787925209088
198808787807768576
198808788042661890
198808788478853120
198808788260765696
198808788298514432
198808788638244864
198808787761627136
198808788508213248
198808789300936704
198808789389029377
198808789103820802
198808789418381314
198808789078654981
198808789502279681
198808789955264512
198808789988810752
198808789909123072
198808790106247169
198808790240477185
198808789774909440
198808790269820928
198808790148186112
198808790030757889
198808790576017408
198808790034939905
198808790760558592
198808790106247168
198808789842001921
198808790370488320
198808791075135491
198808791054172163
198808791372931074
198808790903160833
198808791616204800
198808791830118400
198808791364542464
198808792031428608
198808791377129472
198808792278904833
198808792266317827
198808792102731778
198808792673161216
198808792895455233
198808792568303617
198808790081093633
198808792643805184
198808793176473601
198808793260376064
198808793289719809
198808792387960834
198808793075822592
198808793570738176
198808793004515328
198808793721745409
198808793713348609
198808794178912257
198808793570742272
198808794334105600
198808794128596995
198808794485108736
198808793956626433
198808795110051842
198808793260363776
198808794669654017
198808794740965376
198808794543820801
198808794929696768
198808794690617344
198808795001004033
198808795793731585
198808795634339841
198808796095725568
198808796078948352
198808795609186306
198808796255096835
198808795944726529
198808796737445889
198808796682911745
198808796536123393
198808796141862913
198808796636774400
198808796284465152
198808796271882241
198808797039431680
198808797643411457
198808797429501952
198808797123321856
198808798209646593
198808797702139905
198808798251597824
198808799069474817
198808799325327362
198808799367266306
198808799853809664
198808800042549248
198808800034177024
198808800063533057
198808799979651072
198808800659124225
198808799736381441
198808800877228032
198808800944328704
198808801003044864
198808800386490368
198808800654934016
198808800973688832
198808801695117312
198808802072596480
198808802039037952
198808801581871107
198808802114543616
198808801862881280
198808803251208193
198808803322503169
198808802898874368
198808803565768704
198808803737731074
198808802861125633
198808804362690560
198808804413026305
198808804790509570
198808804933115904
198808804442374145
198808805029580800
198808804769538048
198808804547248128
198808805251891200
198808805373513728
198808805633564673
198808805998473216
198808805637754880
198808806430482433
198808806422102017
198808806497583104
198808806816362496
198808806858309633
198808806870884352
198808807147708416
198808807122534400
198808807302901760
198808807340654592
198808807625850880
198808808263385088
198808808439545856
198808808536018944
198808808699609090
198808808510861312
198808809009983488
198808809320349696
198808809253249025
198808809483935745
198808809395863552
198808809655902210
198808808867377153
198808809932730368
198808809848848384
198808810075332608
198808809764945920
198808810444435458
198808810528313344
198808810410872832
198808810620592128
198808810503159808
198808810872258560
198808811388149761
198808810851274756
198808811606249473
198808811086155776
198808811488821248
198808811941793792
198808811996319744
198808812176670720
198808812281540609
198808812394786817
198808812164096000
198808812227006464
198808812587720704
198808812176687104
198808812948434944
198808812524806144
198808813409796098
198808813233639424
198808813632094209
198808813770510337
198808813942472705
198808814152192000
198808814324162560
198808814038953985
198808813602742272
198808813770514432
198808814814904321
198808814865231872
198808814445793280
198808814806499328
198808815393705984
198808815548899328
198808815104294912
198808815762800640
198808815909601281
198808815897018369
198808815901212675
198808816727506944
198808816589090816
198808816823971840
198808817310502913
198808816987549697
198808817478287360
198808816295477248
198808817532809216
198808817822203906
198808817381814273
198808817788657664
198808817423749120
198808817574752257
198808818187116544
198808818703024130
198808819437027329
198808819395072000
198808819147620355
198808819743199233
198808819588014081
198808819579625472
198808819248279552
198808820032602113
198808819827081216
198808820393312256
198808820389134338
198808820846313472
198808820401704960
198808820691116032
198808821076996096
198808821131517952
198808820540112897
198808821177663488
198808821383168000
198808821043437569
198808821785825280
198808821550948353
198808822016507905
198808822138146817
198808821706137600
198808822536601601
198808821639036928
198808821936828416
198808822758903808
198808822742134784
198808822863765504
198808823039934466
198808823631319042
198808823421603840
198808823438381056
198808824042373121
198808824059146240
198808823245438977
198808824151420928
198808823971069952
198808824616992768
198808824726032384
198808824126255104
198808825141272578
198808825141272577
198808825397125121
198808824835088387
198808824843472897
198808825522946051
198808825535528960
198808826567344128
198808826504421379
198808826227601410
198808826894499842
198808826374393858
198808827007733760
198808827326513152
198808826848346113
198808826680578048
198808827720765440
198808827766906880
198808826940637186
198808828211503104
198808828349906946
198808828966469633
198808828437995520
198808828320550912
198808829109084160
198808829171990529
198808829121667072
198808829255884800
198808828773535744
198808829297827840
198808829482385410
198808830006665216
198808829905997825
198808829633363968
198808830300266497
198808830426095616
198808830673551360
198808830749057024
198808830816169984
198808831311101952
198808831667605504
198808831831183360
198808831558561792
198808831843774466
198808832045096960
198808832179318784
198808832233836545
198808832397418496
198808831642443776
198808831839571968
198808832577769472
198808832397418498
198808833332756480
198808832896536577
198808833622163456
198808833458573312
198808834100314113
198808834020605954
198808834326790145
198808834360360961
198808834138050561
198808834947555329
198808834997882880
198808835153084416
198808835144695810
198808835224375296
198808835375382528
198808835509596160
198808835643805697
198808835593486337
198808833940922368
198808835538948096
198808835241152512
198808835727691778
198808836780462082
198808836759498754
198808836772077568
198808836692381696
198808837178920961
198808837074071554
198808837397028865
198808837564805124
198808836876943363
198808837879373824
198808837157961728
198808836969205760
198808838231691266
198808838273646592
198808838294601728
198808838529499136
198808838101680129
198808838416240640
198808838747590656
198808839062171649
198808838277832706
198808839347372032
198808839519346688
198808839972335616
198808840219799553
198808836969218048
198808840295297027
198808840551137280
198808840748269570
198808840861519872
198808840840548352
198808840777646080
198808840937021440
198808840559525888
198808840983162881
198808841083830272
198808840953806849
198808840874098688
198808841192869889
198808841255796736
198808841339666434
198808834490368000
198808841004134403
198808841486471168
198808841385807873
198808842321133568
198808842522476544
198808842639900672
198808842262417408
198808842648297472
198808843050954752
198808843113865217
198808842941890562
198808842761551873
198808842988044288
198808843160002560
198808843256471552
198808843470381056
198808842669260801
198808843453599747
198808844040814594
198808844116303873
198808843730419712
198808844854493185
198808845143904256
198808845173260288
198808844862894080
198808846075043840
198808846158925825
198808846762901504
198808846234419200
198808846985211904
198808846481891329
198808847081672705
198808847178137601
198808845911470080
198808847245254656
198808847488520192
198808847429808128
198808847933112322
198808847631126528
198808847815684096
198808848318992385
198808848725835776
198808845693353984
198808849271103488
198808849266917376
198808849350799361
198808846108594176
198808849380155392
198808849401135104
198808849522765824
198808849057185793
198808850089000961
198808850307096577
198808850432925696
198808850567151616
198808850705551360
198808851074646017
198808851154345985
198808851271794689
198808851200479232
198808851426979841
198808849094950912
198808851515064320
198808851905130496
198808852160983041
198808851993214978
198808851980619776
198808851989008384
198808852643319808
198808851917705216
198808852999831552
198808852966293504
198808852752371712
198808854501408770
198808854664982530
198808854895661056
198808854971162624
198808855180873729
198808855076028416
198808854904049664
198808855239593984
198808853754810371
198808852228091904
198808855294115843
198808855977787392
198808856565006336
198808856103632899
198808856594362368
198808856690819072
198808856913129472
198808856695013376
198808856590172160
198808857076695040
198808856762122241
198808857491947520
198808857412239362
198808857454198784
198808856963452930
198808856992821248
198808857378697216
198808857835872258
198808855977791489
198808858066567169
198808858301448194
198808858376933376
198808858041393152
198808857890402304
198808858645372929
198808858821541891
198808859001880577
198808858985107456
198808859375177728
198808859761049600
198808859723313153
198808859819782146
198808859756867586
198808859857522689
198808860482478081
198808860599914496
198808860591529984
198808860075626496
198808860650242048
198808860339871746
198808860943851521
198808861279391746
198808860247601152
198808861388443648
198808861451358208
198808860386017282
198808862168588288
198808861992435712
198808862030172161
198808862114054144
198808862730625027
198808862692880385
198808862885814273
198808862877417472
198808862961315841
198808862764175363
198808863544320000
198808864186052608
198808864156680192
198808864337043456
198808864391569409
198808863749849090
198808864731316224
198808864571932672
198808863879872512
198808865167511552
198808865293340672
198808865041678337
198808865750523904
198808866253840385
198808865851187200
198808866492915712
198808866652307456
198808866597777409
198808866140585984
198808866987847680
198808867084316672
198808867004624896
198808867512123393
198808867474391041
198808867575050240
198808868032217088
198808867713458176
198808868237750273
198808868313235458
198808868460052480
198808868363583490
198808868430688257
198808868921413634
198808869122748420
198808869261152256
198808869277937664
198808868841730048
198808869466677249
198808869735104512
198808869873520640
198808870322307072
198808870641090561
198808871219896321
198808871878402048
198808871714820096
198808871349915650
198808871236677632
198808872666927105
198808872096514048
198808872838889472
198808872666939392
198808871660294146
198808872528515072
198808872423653376
198808873489022976
198808873291890688
198808872872452098
198808873811968000
198808874344652800
198808874663411713
198808873992327168
198808874860544001
198808874948636674
198808874466283520
198808875523260416
198808875644895234
198808875489689601
198808875976245249
198808876055928832
198808876076896256
198808875611332608
198808876542464001
198808876529881088
198808876370505728
198808876865425411
198808877268086785
198808877368741888
198808877096120320
198808877414883329
198808876806713347
198808877662347264
198808877817536512
198808877070942209
198808878165655554
198808878178250752
198808878115336196
198808878543159296
198808878966767617
198808879050670080
198808879205851136
198808878224388096
198808879461711872
198808879616901120
198808880095035392
198808880204103681
198808880355090436
198808880225075200
198808880468332544
198808880585785344
198808880875180033
198808880527065088
198808880803872768
198808880774520832
198808881537888257
198808881860849665
198808881793744897
198808881797931010
198808882146058240
198808881932156929
198808881999253504
198808882557100032
198808883026866177
198808882821332992
198808883387564034
198808883517595648
198808883639226369
198808883559546881
198808884486483970
198808884561969152
198808884633280512
198808884603916288
198808884339675136
198808884708786178
198808885614747649
198808885325340672
198808882989113344
198808885551833088
198808886235508737
198808886499753984
198808886386503680
198808886084505604
198808886038376448
198808886092902401
198808886910783490
198808887565099008
198808887942578176
198808888198447105
198808886797545474
198808887963557889
198808888525602817
198808888391372800
198808887837720576
198808888416550915
198808888630444032
198808889381228547
198808889133764609
198808889737752578
198808889674825729
198808889741934592
198808889804865537
198808889318313987
198808890429800448
198808890522075136
198808891042181120
198808890631135232
198808891461615617
198808891394490368
198808891449032704
198808891147034624
198808891889426432
198808891046379520
198808892241756162
198808891579056131
198808891541291008
198808892187213826
198808892392751105
198808892682158080
198808892505980928
198808893143523328
198808892136882179
198808894049501184
198808893281927169
198808893181263873
198808894301147136
198808894083047426
198808894577967104
198808894280171520
198808894888357889
198808894884167681
198808894787686400
198808894250823681
198808894460526592
198808895152594945
198808895366500352
198808895588810753
198808892107526144
198808895735595008
198808895379079168
198808895987257346
198808897119715328
198808897505591296
198808897702727683
198808897606270976
198808896792563712
198808897790816256
198808897841135616
198808897765638144
198808898101190656
198808897753067521
198808898034081792
198808898218631170
198808898273153024
198808898558365696
198808898738733056
198808898549972992
198808898512224256
198808899107823617
198808898260582400
198808899401420800
198808899422404608
198808899367870465
198808899384651777
198808899724382209
198808899921522688
198808898944237568
198808899728576515
198808900156391425
198808900491939841
198808899653074945
198808901049794560
198808900613578752
198808900999450624
198808901012037632
198808901016231937
198808901020430337
198808901326602241
198808901746049024
198808901938987008
198808902404546560
198808902366789633
198808902253547520
198808902610075648
198808902740099075
198808902035443713
198808902668787714
198808900705853441
198808903197274112
198808903222439938
198808903901921281
198808903486676993
198808905269264385
198808904598163456
198808905462194177
198808905764192256
198808905944543232
198808905965502464
198808905982279680
198808905311195138
198808906301059073
198808906879860737
198808906368167936
198808906363965440
198808907123146752
198808907290910721
198808907177672705
198808907127341058
198808907039256576
198808905168588800
198808908192694273
198808907320270849
198808908729561088
198808908549206016
198808909010571265
198808909291597825
198808909409034243
198808909832667136
198808910168199168
198808910474395648
198808910554087426
198808910671523842
198808910726045696
198808911510372355
198808910507937792
198808912235995136
198808912198250496
198808912072413185
198808912508620800
198808903146942464
198808912676388864
198808913108410368
198808913318129664
198808913632702466
198808913750134784
198808913418792960
198808913926307840
198808913091641344
198808913771114496
198808914278629376
198808914098266113
198808914731597825
198808914748379136
198808914584813571
198808914593189888
198808915016810497
198808914651910145
198808914949705728
198808915541114880
198808912726736896
198808916199604225
198808915562074112
198808916690341888
198808916971368448
198808916686155778
198808917051056128
198808917130747905
198808916950384642
198808918045114368
198808918447759360
198808918481309697
198808918128988160
198808919211126787
198808918363873280
198808919353733120
198808919248879617
198808919211126784
198808919886397440
198808920062558208
198808920431673349
198808920662355968
198808920322617344
198808920712679424
198808920704294913
198808920825937921
198808921039843329
198808920754618368
198808921870307328
198808921417322498
198808921945800706
198808921979371523
198808919135633408
198808922113572865
198808922310709248
198808922772082688
198808922755301377
198808922092617728
198808922398797825
198808922553991169
198808923090849792
198808922285547520
198808923149582338
198808923187326977
198808923380269056
198808923279597569
198808923397042178
198808923669667842
198808924055535616
198808923887779840
198808924177186816
198808924852457472
198808921203412993
198808925158649858
198808924344946689
198808924936351744
198808925011849216
198808925523546113
198808925674536960
198808925645189120
198808925565493249
198808926018469888
198808926119149569
198808926001692672
198808926471454720
198808926920253440
198808927218044928
198808927209660416
198808927440351232
198808927276765184
198808927960432641
198808927687815169
198808928270823425
198808928233070592
198808928669278208
198808928891568129
198808929134837760
198808929394888704
198808929894010882
198808930070171648
198808930804174848
198808931122937857
198808931487858690
198808931726917632
198808931890503681
198808931903086592
198808932121186304
198808931886305280
198808932133773312
198808932297342976
198808932662263808
198808932569972737
198808932700008449
198808932842602498
198808932859379712
198808933165580288
198808933484331008
198808933010378754
198808933350121472
198808933354323970
198808934151237634
198808931500437505
198808934545489921
198808934327402496
198808934822322177
198808934201556992
198808935107538944
198808935564713984
198808935535357953
198808935652798465
198808935011065858
198808935979941893
198808936516825089
198808936638451713
198808936680390657
198808937020145664
198808937334702082
198808937200484352
198808937636708353
198808937275985920
198808937670254593
198808937783508992
198808937905127424
198808938257453057
198808938379096064
198808938345541632
198808939075338240
198808939230531587
198808937900949504
198808939998089216
198808939884847106
198808939943563265
198808938706239489
198808940723703809
198808940220399617
198808940744683521
198808940853735425
198808941558370304
198808940841152513
198808941222821890
198808940451074050
198808941784862722
198808941352853505
198808942145568772
198808942237855744
198808941931671552
198808942573387778
198808942577590272
198808942594375680
198808942695030785
198808942917324800
198808942908944386
198808942904745985
198808943265447936
198808943319977984
198808943433224194
198808942896353282
198808943580020737
198808943856848897
198808942929911810
198808943739408384
198808943215120385
198808944209170432
198808944641191938
198808944637001728
198808944544718848
198808944905428993
198808944465027074
198808945098358785
198808946008522754
198808945228382208
198808946251800578
198808946235023360
198808946599919617
198808946855780352
198808946125967361
198808946759311362
198808946524434433
198808946784485376
198808947505893378
198808946423758849
198808948005023745
198808948051165184
198808943345139713
198808947153571840
198808948135038976
198808947560419328
198808948218937344
198808947321356288
198808948449615872
198808948432830465
198808948684492800
198808948978089984
198808948856463361
198808948994871297
198808949342998528
198808948416057344
198808949850505218
198808949804371968
198808950127333376
198808950093774848
198808950068625409
198808951167516674
198808951259803649
198808951381430272
198808951633088513
198808952014778369
198808951641485312
198808951859589120
198808952081891328
198808952258039809
198808951880548352
198808952505511936
198808952752963586
198808952752967681
198808952769744899
198808951763107843
198808952018968577
198808947199713280
198808953096904706
198808953193381888
198808949707915264
198808953352757249
198808952820084737
198808953554075648
198808953440841728
198808953570869248
198808953038188545
198808953331777537
198808953583435777
198808953436635136
198808954623631360
198808954652991488
198808953898024960
198808955101790210
198808955177279488
198808955093401600
198808955508629505
198808955928055808
198808955881914368
198808955399573506
198808955605098496
198808956276195329
198808956540436480
198808956653670400
198808956439773185
198808956741754880
198808955915476995
198808956938895360
198808956519456769
198808957077295105
198808956506865664
198808957207326720
198808957740007426
198808957777752064
198808958562082819
198808958356570113
198808957966487552
198808958817939457
198808958541107202
198808959489024000
198808959153487874
198808960021704705
198808960206241792
198808959950397440
198808960340471808
198808960386596864
198808960327876609
198808960525017088
198808960097198080
198808960810221568
198808960642457600
198808960357236737
198808960835391488
198808960831205376
198808960025894912
198808960978001920
198808960587931648
198808961422598144
198808962068520960
198808962282426368
198808962982875136
198808963083550720
198808961875574785
198808963423272961
198808963515547649
198808963347787776
198808963846901761
198808965084233728
198808964803215360
198808963138076672
198808965654650881
198808965688201217
198808965763706880
198808965923078144
198808965763694592
198808966623539200
198808966740971521
198808966736773120
198808966833242113
198808966787112960
198808966401241089
198808967034568707
198808966820663296
198808967110066177
198808967143620608
198808967294615553
198808967336570881
198808967546277891
198808964463472640
198808968318025728
198808968565493760
198808968620015616
198808968741650432
198808968846516224
198808968699711488
198808968024440832
198808969282719746
198808969064620032
198808969551155200
198808969261760512
198808969945415682
198808969962196992
198808969488248832
198808970293547009
198808970486489088
198808970490691584
198808970465525761
198808969932836865
198808970612326400
198808970847195137
198808970926895104
198808970943660032
198808971149197313
198808971212099584
198808971560222721
198808971321159680
198808971413438465
198808971841241088
198808972180992000
198808970016731136
198808972390703104
198808972491370497
198808972885626880
198808972688498688
198808973200203776
198808973376364544
198808973397336064
198808973753856001
198808973804183552
198808973242155009
198808974001315840
198808973988728833
198808974269747201
198808974408159232
198808973888077826
198808974554968066
198808974714347520
198808974995361792
198808975234441216
198808975414796291
198808975343501315
198808975834222593
198808976102666240
198808975834226689
198808976312385536
198808976861822976
198808976392073216
198808976861831169
198808976761167874
198808977407098881
198808977595834368
198808977910411264
198808978170458112
198808978073985024
198808978547941376
198808978560516096
198808978090754048
198808978266914816
198808979214843904
198808979638460416
198808980070473728
198808980070477827
198808980213071872
198808979500052480
198808980561207296
198808980879982592
198808980498296832
198808981148405760
198808981249081345
198808981412646912
198808981379096576
198808981005799426
198808981492334593
198808981517512705
198808980955463680
198808981618163712
198808981743992832
198808981685288960
198808981450391553
198808981429424128
198808981316177920
198808981567832065
198808981941133313
198808982104707073
198808982259900417
198808981777559552
198808982389915649
198808982557704192
198808982763216896
198808983065198592
198808983430115328
198808983220387840
198808982545117184
198808983656611840
198808983564333058
198808983786618880
198808984130560002
198808983673380865
198808984491261952
198808984713568257
198808981634940928
198808984881344512
198808985036525569
198808985334329345
198808985476939777
198808985720209408
198808985942503426
198808985548230656
198808986047365121
198808986118651905
198808985976053761
198808986349342721
198808986403872769
198808986068328448
198808986278043648
198808986823311360
198808987045597184
198808987137871873
198808987355971587
198808987674755072
198808987465027586
198808987976728576
198808988077408257
198808988391968768
198808988505227264
198808989063061506
198808988635238400
198808989507649536
198808987959951362
198808989646065664
198808989532815360
198808989612523521
198808989444743168
198808989574758400
198808989650255872
198808990250057728
198808990380081152
198808990136795136
198808990568808448
198808989880958977
198808990539452416
198808990828855296
198808990996643843
198808991206359041
198808991298625536
198808991214739458
198808990992449536
198808991499952128
198808991860670466
198808991340564482
198808992791805952
198808992850518016
198808992879882240
198808992422694912
198808993790046208
198808993156706304
198808992812777472
198808990459768833
198808994133970945
198808992548528128
198808994549215232
198808994649874432
198808994607927296
198808994855391232
198808994972831744
198808994926706689
198808994725380096
198808995316760576
198808995228692480
198808995002195968
198808996013031424
198808995446788097
198808996155625472
198808996298231808
198808996268883969
198808996524732416
198808996419862529
198808995878801408
198808994586955778
198808994746351616
198808995098669056
198808993911676929
198808997078380544
198808997158064128
198808997569105921
198808996197564417
198808997862719490
198808997971767297
198808998462496769
198808998647037952
198808999003570176
198808998936453122
198808999112622080
198808998819004416
198808999037108224
198808999406223360
198809000538677249
198809000752594944
198809000870027264
198809001130070017
198809000593203200
198809001574670337
198809001197178882
198809001356558336
198809001742438400
198809001843109888
198809001880858625
198809001323012096
198809001721462784
198809002350624770
198809000618373120
198809002237366273
198809001985703938
198809002296094720
198809002740695041
198809003483070466
198809004053499905
198809004007366656
198809003940261890
198809003181096960
198809004263227392
198809004003180544
198809004372262912
198809004087054336
198809004485513216
198809004615532545
198809004896567299
198809004863012864
198809004170944512
198808994398216193
198809005395689472
198809005320192000
198809005102088193
198809005307596800
198809005550866433
198809005202739201
198809005819305985
198809005831884802
198809006062571521
198809006100332546
198809005597016064
198809006020624386
198809006188408832
198809005945131008
198809006448459776
198809005928349696
198809006700113921
198809006779797504
198809007341838337
198809007492829185
198809007652208641
198809007249559552
198809006863679488
198809008210059264
198809008700784640
198809009032134656
198809008809840641
198809009355104256
198809009338318849
198809009610960896
198809010206543873
198809010386911232
198809010202349572
198809010550480897
198809009686446081
198809010672107521
198809010017812480
198809010722439169
198809010630168577
198809010235916290
198809010978304000
198809011120914432
198809011334823936
198809011284480000
198809010877640704
198809011473227777
198809011737464833
198809011833929728
198809012073021441
198809012563755008
198809012672794625
198809012689580032
198809013788483584
198809013348089856
198809013872365568
198809014421827585
198809013838811137
198809014191136769
198809013918511104
198809014673489921
198809014136619009
198809014585397249
198809014908370945
198809015399096320
198809015617200128
198809016577695744
198809016099540992
198809015969513472
198809016447676417
198809017047461888
198809017936646144
198809018096029697
198809018469318656
198809018460946432
198809017802432512
198809018741960704
198809019274641408
198809019459178498
198809019442405376
198809019006205952
198809019572428802
198809019656306688
198809020017020929
198809020298051587
198809020092522497
198809020323201024
198809019866030082
198809020650364928
198809020470009856
198809020637786114
198809020721659905
198809021048815616
198809021195628545
198809021430505473
198809021975764992
198809021942218752
198809022256779265
198809022365839361
198809022403579904
198809022441336833
198809021526966272
198809022713966592
198809022256775168
198809023624134658
198809023821250560
198809023930302465
198809023649284096
198809024379092992
198809024559448064
198809024211333121
198809023703822338
198809024181972993
198809021258534914
198809024387489792
198809025008238595
198809025016639488
198809024806928384
198809025251520512
198809023892570114
