198810787127640064
198810787282821120
198810788482392064
198810788528521216
198810788671139840
198810788390125571
198810789082185728
198810789312864256
198810788910215168
198810789874905090
198810789472251904
198810790365630465
198810790361436160
198810790399197185
198810790659235842
198810790843793408
198810790944440320
198810791225462784
198810791728783361
198810791728783360
198810792219521024
198810791430979586
198810791078674433
198810791972052992
198810793184202752
198810791728787457
198810792701865984
198810793767206914
198810792961916928
198810794706747394
198810794178252800
198810794861932544
198810793205174274
198810795486871552
198810795969228802
198810796132802560
198810796225069056
198810793276473344
198810796325736451
198810797323988995
198810797466587136
198810796908752896
198810797802135552
198810796178939904
198810797969903618
198810798020243457
198810798162841601
198810798347386880
198810799047835649
198810799433723906
198810799618265088
198810799903481856
198810799945424897
198810799534374912
198810799316271104
198810800343875584
198810799739895808
198810800608133122
198810800650063872
198810800956243971
198810801165959169
198810801665085441
198810801732202496
198810802050973697
198810802076123136
198810801606369282
198810802269073408
198810801698648064
198810802638168065
198810803007275008
198810803657375744
198810803607052289
198810804018094082
198810804429135872
198810804496248832
198810804257173504
198810804752105472
198810805024727042
198810804760477697
198810804915671040
198810804550766593
198810805666447362
198810805771313153
198810806119440384
198810806165585920
198810806643728384
198810806983467011
198810807109287936
198810807021211650
198810807281254400
198810807432261632
198810807260295169
198810803397345280
198810807939768320
198810807570665472
198810808216592385
198810808459870211
198810805335113728
198810808296280065
198810809428738051
198810808887672834
198810810326327296
198810810309545984
198810810519257090
198810810766729217
198810810104037376
198810811098079232
198810811458793472
198810811576221696
198810811160989696
198810811727216640
198810812360560640
198810812574482432
198810812750630912
198810812960354304
198810811047747585
198810812910018560
198810813274923009
198810812725469185
198810813555933186
198810813669183488
198810813300088832
198810814566772736
198810814214455299
198810814558375937
198810814898114560
198810815078465536
198810815242047488
198810815179137024
198810815485329408
198810815418212352
198810815745363969
198810815627919360
198810816252870657
198810816374505474
198810816915582976
198810817167241216
198810817829945344
198810818224193538
198810818232582144
198810818186444800
198810818681372675
198810818224193537
198810818857549824
198810818962403328
198810819058876417
198810819482492928
198810820346523648
198810820573007875
198810820627546112
198810820027748353
198810820875005954
198810820703035392
198810821378310145
198810821839687681
198810821919387651
198810821277646848
198810821927780352
198810822896656384
198810822607245314
198810822993125377
198810823303512064
198810823727128576
198810823924260864
198810824578576385
198810825031557121
198810825262235649
198810824842813440
198810824331104258
198810825463578624
198810825308372995
198810825409040385
198810826155638784
198810826486972416
198810826075934724
198810826621194240
198810826671521792
198810826705076224
198810826801553408
198810826545709057
198810826541514752
198810827757846529
198810827325833216
198810827493613568
198810828202446848
198810828546387968
198810828722544640
198810828185669632
198810829146173440
198810829003567105
198810828571541504
198810829183926273
198810829213282304
198810829179723776
198810830542876673
198810830605787137
198810829817262080
198810830756790272
198810829871783936
198810831180410882
198810830815494144
198810831079739392
198810831406899201
198810831650164736
198810832161865730
198810832153477121
198810833285951490
198810833537601538
198810832996544515
198810833692803072
198810834040926208
198810834779123714
198810835034972162
198810833629876224
198810835206934529
198810835328573441
198810834976256001
198810835752206337
198810835529908224
198810836444250112
198810836486201344
198810836612022272
198810836406513665
198810836670758912
198810837236977664
198810837467672576
198810837480243204
198810837874520065
198810837933236224
198810838075850752
198810838210068481
198810838029701120
198810838587539456
198810838692413441
198810838835003392
198810838608523265
198810838835007489
198810838772105216
198810840143642624
198810840466599937
198810839875207170
198810840646942720
198810840969920514
198810841288687616
198810840537899009
198810841657769985
198810841808777217
198810841712312320
198810838545596416
198810840881840128
198810841477431300
198810842492444673
198810842597306368
198810842291122176
198810842668609537
198810843222245377
198810843490689025
198810843230638082
198810843444559872
198810843322916865
198810843020922880
198810842840580096
198810844275023874
198810844396650497
198810844778348544
198810844862226433
198810844837068800
198810844635742209
198810841771016193
198810844803502080
198810844056928257
198810845420064768
198810844879007744
198810845550084098
198810845168402433
198810845579452416
198810846535749632
198810846296686594
198810845050961920
198810848666468352
198810847882121216
198810849236889601
198810849480155136
198810849148796928
198810849673084930
198810849702449152
198810849253658625
198810849928949761
198810850411290624
198810850587459585
198810847940853760
198810850918809600
198810850860077058
198810850675527680
198810851153678339
198810850759421952
198810850692304898
198810851912843266
198810852315512832
198810852240015360
198810852709765120
198810852105785344
198810852047069184
198810853364088832
198810854047744002
198810854039367680
198810853171146752
198810854286823424
198810854249070593
198810855113097217
198810855037616128
198810855561904128
198810855780003840
198810855989710848
198810856279126016
198810856149106689
198810856388173827
198810856367202304
198810856946008066
198810855519944704
198810856472059905
198810857344483328
198810857277366273
198810857533218817
198810857617100800
198810857784881153
198810857566781440
198810858321739778
198810857034100737
198810858464358402
198810858753753088
198810856396570624
198810859286429696
198810857487073280
198810859496153089
198810859328389120
198810859731038208
198810859965923328
198810859282235392
198810860062375937
198810859034787840
198810860699910144
198810861043851265
198810861211615232
198810861408747520
198810861039665153
198810861089984512
198810861509419009
198810861937242112
198810862251810816
198810862390222848
198810862113402880
198810862570577923
198810863258443776
198810863442984960
198810863317172225
198810863862431744
198810863707226112
198810863711432704
198810864973914112
198810865355591680
198810865770823680
198810865754050561
198810865837940739
198810866349641728
198810866412568578
198810865951182848
198810865703714816
198810867737956353
198810864332193792
198810867930902528
198810868312588290
198810867821850627
198810868249669632
198810868706852864
198810868832673792
198810869017231360
198810869331791872
198810869436661760
198810870036430848
198810870082568192
198810870086778880
198810870216794113
198810871206658048
198810871873552385
198810871542198272
198810870799802369
198810872238440449
198810872922116096
198810872863408129
198810872859209728
198810871043080192
198810873136033792
198810872758542336
198810873408667649
198810873173786625
198810873744207872
198810873450598400
198810874662760449
198810874331398146
198810876109791232
198810876155928576
198810877170946052
198810877204496384
198810876529213441
198810877468745728
198810877066100737
198810878345347072
198810878139838464
198810879339409409
198810879507181569
198810879461036032
198810880639635457
198810880694165505
198810880673193984
198810881105207296
198810881839218688
198810882598387712
198810882594189312
198810882732597249
198810883214946304
198810883248496640
198810883617587201
198810883747610624
198810884137684993
198810884494204928
198810884418699264
198810884229955586
198810884615843841
198810884951375872
198810881788874754
198810885387587584
198810884066381825
198810885463089152
198810886390030337
198810886461325313
198810887153385472
198810887149191169
198810887245660160
198810887979679744
198810883802152961
198810887816089600
198810887623151618
198810888558493696
198810889120514050
198810889258938371
198810889175048195
198810889909059585
198810890131353601
198810890622083072
198810890802429952
198810890802438145
198810890890526721
198810891112816640
198810892274634752
198810893008646144
198810892706643968
198810892996050944
198810893000253440
198810892069122048
198810893067366400
198810892702449664
198810893373550592
198810893566480384
198810893591650305
198810893545521152
198810893121880064
198810892899590144
198810894053019648
198810892245278720
198810894858321920
198810896053706752
198810896259231744
198810896213090304
198810896963866624
198810897576235009
198810897798537216
198810897723043840
198810898058588160
198810898285084673
198810898733867009
198810899342049280
198810899795034113
198810900545806336
198810899933433858
198810899958611968
198810900814245888
198810901187526656
198810901426601984
198810901548236800
198810901439184896
198810901971869696
198810902064140288
198810902454222848
198810902521323520
198810902982688768
198810903519576064
198810904157093889
198810904253562880
198810903737667584
198810904635244544
198810905323114497
198810905608339456
198810905486704641
198810906573029377
198810906904363008
198810906254249984
198810907026010112
198810906409447426
198810907026010113
198810907353169920
198810907202158592
198810907302834176
198810907609022464
198810907936178176
198810907957149696
198810907600625665
198810908082974720
198810908745678850
198810909014110208
198810908892479488
198810909232201728
198810909391593472
198810909248991232
198810909274161154
198810909672620033
198810909966217216
198810910821851136
198810909567750144
198810910729572353
198810911308386304
198810911316787201
198810911744589825
198810912130482177
198810911744598016
198810912822525953
198810912919011329
198810912868675584
198810913023868928
198810913191624705
198810913174851584
198810913615257602
198810915347509248
198810915485913088
198810915855024128
198810916425437185
198810916131848192
198810916370919424
198810916526108672
198810916379295744
198810916530298881
198810916874235904
198810917469814784
198810917633400832
198810917662756864
198810916308004864
198810917704699904
198810915230064640
198810918862327809
198810917658566656
198810919030099970
198810920414224384
198810920389058560
198810920527474689
198810920330334208
198810921064345600
198810921148219393
198810921341161473
198810921525714944
198810921987092483
198810922263912448
198810922968559616
198810922888867840
198810923094388738
198810923538976769
198810923929047040
198810923916476416
198810923945828353
198810924088442882
198810924151353344
198810924260392960
198810925153783808
198810924914704384
198810925359308801
198810925459968000
198810925405437952
198810925829070850
198810926122680321
198810925795508224
198810926500155392
198810926621786113
198810926701494272
198810925887787008
198810927846535168
198810927871688705
198810927435493376
198810928035282944
198810928366628866
198810928333070336
198810928479862784
198810928932851712
198810929109024769
198810928630874112
198810929230659584
198810928811225088
198810929822044160
198810930027569154
198810930631557120
198810931013238784
198810931109703681
198810931352969216
198810930795118592
198810930799321089
198810931399102464
198810931860480001
198810931843698690
198810932032450560
198810932133117957
198810932128915458
198810932439289857
198810932594475008
198810932552548352
198810932892282880
198810933076828160
198810932774846465
198810933689196546
198810933622083586
198810933743726593
198810933819211776
198810933961818112
198810934314147840
198810934335123457
198810934217682946
198810934540648448
198810934205100032
198810935098486784
198810934880378880
198810935333359616
198810935492739072
198810935685689344
198810935144615936
198810935794733056
198810935694065664
198810935803117568
198810935828299776
198810935153008641
198810936038006784
198810936184803328
198810936239325185
198810936298049536
198810936352583680
198810936763629569
198810935362727936
198810936931397632
198810936964952064
198810937174671360
198810937111756802
198810937585700864
198810937715736576
198810938269384705
198810938407796736
198810938869153793
198810938890125312
198810939078885376
198810939292778497
198810938890137601
198810939443789826
198810939422810113
198810939519287298
198810939066294273
198810939720613888
198810939447971840
198810939879985153
198810938986602497
198810940198748160
198810940307804162
198810940446220290
198810940538494976
198810941113114626
198810940764979200
198810941427691521
198810941595455489
198810941679349760
198810941956177920
198810941910024193
198810942056828928
198810942056837123
198810941645795328
198810942019084288
198810942283317248
198810942484643841
198810942459494400
198810942358818817
198810942644031489
198810942505627648
198810942333665280
198810942874726400
198810943088623618
198810942505623552
198810943092817921
198810943004745729
198810943189299203
198810943168331776
198810942363017216
198810943466110976
198810943470317568
198810942966988802
198810942769856512
198810943550005249
198810943646482432
198810943663259649
198810943772295168
198810943763906560
198810943348682752
198810943415795714
198810943986212864
198810943805861888
198810944107839492
198810944271421440
198810944128823297
198810943638089730
198810944476946432
198810944447582209
198810944565026816
198810944934133760
198810945089323008
198810944971882497
198810945210957824
198810945261281281
198810944795705345
198810945210941441
198810945345163264
198810945353564160
198810945580044289
198810945408086017
198810945731047425
198810945848479744
198810945752018945
198810946154659840
198810946330832896
198810946301468672
198810946645405696
198810946641199104
198810946699923456
198810945877835777
198810947178074115
198810947131944960
198810947178082306
198810947387801600
198810947475877888
198810947450712065
198810947597512706
198810947886911491
198810948465737728
198810948318932992
198810948608327682
198810948683825152
198810948847407106
198810949090684928
198810949061312512
198810949510119425
198810949594005507
198810949749182464
198810949380087809
198810949971488768
198810950273466368
198810950386728962
198810950244106240
198810950571274240
198810950369935361
198810950000848897
198810950940377088
198810951099748353
198810951129120769
198810951049412608
198810951082967040
198810951166857217
198810950176997377
198810951473053696
198810951057817600
198810951712120833
198810951938613250
198810952114765825
198810952110575618
198810951921827840
198810952186085376
198810951967981568
198810952739717120
198810952739721216
198810952819425280
198810952920088577
198810952970412032
198810953159159808
198810953331130368
198810953603756033
198810953683435521
198810953503096832
198810953767321602
198810953884762112
198810953788305408
198810953498890242
198810953972850688
198810954107064322
198810954165780480
198810950973919232
198810953834434560
198810954484555776
198810954358722560
198810954606190592
198810954073513985
198810954732011520
198810954421641219
198810955029823488
198810954866237440
198810955172429824
198810955193389057
198810955231141888
198810955352772609
198810955327619073
198810955621208064
198810955629608960
198810955658969089
198810955801575424
198810955973541888
198810956015476736
198810954899783682
198810956019662849
198810956074205184
198810956455886848
198810956392964098
198810956397150209
198810956430716928
198810956548149248
198810956644622338
198810956632031232
198810955889639424
198810956502020096
198810956745293824
198810956619460611
198810956862734337
198810956812386304
198810956854341632
198810957001146368
198810957634486272
198810956606881793
198810957596737536
198810957584146433
198810957751926784
198810957781278720
198810957949046786
198810958091665409
198810958041317376
198810958301372417
198810958179729410
198810958213287937
198810958209097728
198810958242656256
198810958288781314
198810958548840450
198810958641115136
198810958733393921
198810958884388865
198810958557216770
198810958838239233
198810958825660416
198810958297178114
198810959043764225
198810959182180352
198810959085699074
198810959240900609
198810959203151873
198810959161212928
198810959287025665
198810959463198721
198810959404478464
198810959438032896
198810959513534467
198810959618392064
198810959748407297
198810959823912960
198810959874228225
198810959895203840
198810959849078786
198810960222367744
198810959438020612
198810960234946561
198810960494993408
198810960469835776
198810960620822528
198810960683732993
198810960759238658
198810960713089026
198810960805380096
198810961774256128
198810961862328320
198810961879113728
198810962063659009
198810962025918465
198810961606483969
198810962122391552
198810962218856450
198810962256609280
198810962231427072
198810962277564416
198810961828786176
198810962420178944
198810962432757760
198810962088837120
198810962877366275
198810963271626752
198810962617315329
198810963359703040
198810963141595138
198810963338739712
198810963321958401
198810963372281856
198810963657490434
198810963766546432
198810963741380609
198810963498106882
198810963691048960
198810963904958464
198810962986414080
198810963867217920
198810963972067328
198810963892387841
198810963120619520
198810964165005314
198810964441825281
198810964370526210
198810964487962624
198810964609597440
198810964840292352
198810964722855936
198810964823511040
198810964924178433
198810964899016705
198810965108736001
198810964345356290
198810964899004416
198810965188415488
198810965213585411
198810965381349378
198810965993734144
198810966094385153
198810966262169600
198810966308302849
198810966320889856
198810966476075009
198810966077607936
198810965725290500
198810966639656962
198810967218470912
198810967302356992
198810967344287745
198810967382044674
198810967226843137
198810967382044673
198810967432380420
198810967541415938
198810967210078208
198810967969247233
198810966039855104
198810967721775104
198810968023773185
198810968111841280
198810968191537153
198810968137023488
198810968279613440
198810968346734592
198810968015376384
198810968401256448
198810968485134336
198810968401260545
198810968610975744
198810968569024512
198810968686477312
198810968858431489
198810968904572930
198810968623554561
198810969214943232
198810968954900480
198810969386921986
198810969433063425
198810969487577089
198810969646972928
198810969168809986
198810969634390017
198810969613402113
198810969940574209
198810970125107201
198810970108329984
198810970150281217
198810970217398272
198810970108346370
198810970326450177
198810970305474560
198810970439696384
198810970334822400
198810970456465410
198810970678755329
198810970766843905
198810970703929344
198810970175455233
198810970896871425
198810970792001536
198810970871701506
198810970846535681
198810971022704640
198810971131744257
198810971211444225
198810971240796163
198810971207249920
198810971546988544
198810971496648705
198810971664433153
198810971790249984
198810971702173697
198810971999973376
198810971991580675
198810972020944897
198810972079652864
198810972264218625
198810971832205312
198810972197109760
198810972125802497
198810972666871810
198810972629123073
198810972687831041
198810972775915522
198810972750757888
198810972532637696
198810972708806656
198810972889165825
198810972872376320
198810972834639872
198810972868186115
198810972994023424
198810972876587008
198810973233086464
198810974315220994
198810974067765248
198810974424276994
198810974604640256
198810974621405186
198810974579466243
198810974625611778
198810974545903616
198810974734651392
198810974755622915
198810974701092866
198810974873059329
198810974894034945
198810974352969729
198810974944378880
198810975061815298
198810975229579265
198810975212806146
198810975217004544
198810975296696320
198810975317655556
198810975435112448
198810975569321984
198810975074402304
198810975649005568
198810974998892544
198810975888093185
198810975850340353
198810976018108416
198810975632244736
198810976127168512
198810976097800193
198810975846141953
198810975871320065
198810976311705603
198810976232030208
198810976383025152
198810976504655874
198810976454328320
198810976651452417
198810976668225536
198810976714362881
198810976768888833
198810976810844160
198810976781479937
198810976978604032
198810976945045504
198810977020542978
198810976244600834
198810977192517633
198810978593411073
198810978752790528
198810978903789568
198810978425647105
198810978853453824
198810978996068353
198810979063181313
198810979109306368
198810979155460096
198810979121901568
198810979109318656
198810979319037952
198810979239333888
198810978689888257
198810978832494592
198810979520360449
198810979633602562
198810979725885442
198810979906224129
198810979541336064
198810979881066496
198810979918823424
198810980204032002
198810979809763331
198810980048834560
198810980434706433
198810980434718720
198810980392779779
198810980292116480
198810980451483649
198810980405346305
198810980082401280
198810980510216192
198810980761878528
198810980740907008
198810980904484865
198810980958998529
198810981101608960
198810980271136772
198810981319704580
198810980690558978
198810981554585601
198810981546196992
198810981617504256
198810981126782976
198810981609115648
198810981705584640
198810981743345664
198810981734948864
198810981672034306
198810982716416000
198810982754160641
198810982745780224
198810982817079297
198810982657695745
198810982800297985
198810982880002048
198810983060357120
198810983093895169
198810983089709056
198810983186178050
198810983286837249
198810983425261568
198810983446224896
198810983538499585
198810983467200512
198810983626571776
198810983681105922
198810983710474240
198810983173599233
198810983785963521
198810983702081536
198810983362347009
198810983840485376
198810984025047040
198810984012451840
198810984100544513
198810984146673665
198810984398340097
198810984381550593
198810984377360384
198810983819526144
198810984415117314
198810984629022721
198810984645795841
198810984947781632
198810984977154048
198810985010700288
198810984780013568
198810985061036032
198810985199452160
198810984956182531
198810984872284160
198810985237188610
198810984918425600
198810985463685120
198810985631453185
198810985778262016
198810985769873408
198810985862139905
198810986969432065
198810986793271297
198810986923311104
198810987103653888
198810987153993728
198810987216908288
198810987183341569
198810987137220608
198810987355308034
198810987246264320
198810987334336512
198810986793271296
198810987334344704
198810987460173824
198810987581812736
198810987661508610
198810987569233920
198810987506302977
198810987263033346
198810987690864644
198810987913162754
198810987606978562
198810987611164672
198810987846053890
198810987963486210
198810987976065024
198810988055773184
198810987535671296
198810987988660225
198810988072550403
198810988043173890
198810987963490305
198810988177391617
198810988156436480
198810988114489345
198810988231925761
198810987439194114
198810988231921664
198810988198375424
198810987107856385
198810988101910528
198810987497930752
198810988588433408
198810988613599232
198810988647161857
198810988659740672
198810988361940992
198810984868098048
198810988575854592
198810989121118209
198810991075659777
198810989922226176
198810990761091073
198810991176323072
198810991386042368
198810986944270336
198810991327318019
198810990899507200
198810987195940865
198810990098395137
198810991641899009
198810991633514501
198810991620923392
198810991776120832
198810991859990528
198810992006807552
198810990706565120
198810992069722112
198810992023580672
198810991901933570
198810992141017088
198810992178769921
198810992463978500
198810992455585792
198810992824688643
198810992996659201
198810992937926657
198810992795328512
198810993097314306
198810993143463939
198810993105707009
198810993235722240
198810993382531074
198810992795324416
198810993508368384
198810993499963392
198810993667747840
198810993764212736
198810993860677632
198810993827119104
198810993256693760
198810993898422273
198810993860673537
198810993902632961
198810993927782401
198810994078789633
198810993982316544
198810994011676672
198810994095558656
198810995265777664
198810995232227329
198810995353849856
198810995257376770
198810994431098881
198810995622293504
198810995760709633
198810995681017856
198810995844591617
198810995941048321
198810995840401408
198810995894919168
198810995878133761
198810995756511232
198810995139944448
198810996209483776
198810996255629312
198810995479678976
198810996360486912
198810996087857153
198810996343705600
198810996293369856
198810995748122624
198810996419211265
198810995999784960
198810996620537857
198810996255621120
198810996670857217
198810995781672960
198810996830244866
198810996926722048
198810996918325249
198810996914139138
198810996897353730
198810996683452418
198810996603760641
198810997304197120
198810997304201219
198810997316780034
198810997216124929
198810997329375234
198810997388091392
198810997455204356
198810996939304960
198810997669101569
198810997765578753
198810997660712960
198810997778165760
198810997178376194
198810997727834114
198810999598485504
198810999627857920
198810999216812033
198810998419898368
198810999745290240
198810999791427586
198810999887896577
198810999644622848
198810999804002304
198810999938220032
198810999971774464
198811000059858944
198811000085037056
198810999833374723
198810999569121280
198810999468470272
198811000064049152
198810999858528257
198811000361848833
198811000349274112
198811000177295360
198810999808200705
198811000147943427
198811000500269057
198810999816601603
198811000521228288
198811000424759297
198811000538013696
198811000517046272
198811000563179520
198811000571559937
198811000651264001
198811000005345280
198811000709984256
198811000668028928
198811000714182657
198811000638672896
198811000860983296
198811000785469442
198811000860979200
198811000965832705
198811001024548864
198811001003577345
198811000907112449
198811001192329216
198811001028747265
198811001209106432
198811001171353600
198811001213296642
198811001154572288
198811003725680640
198811003578892288
198811003188813827
198811003880878080
198811003859894273
198811003868282881
198811004010901504
198811004006699008
198811004145123329
198811004124143616
198811004153507840
198811004178677761
198811004237393922
198811003448856578
198811004262559746
198811004178665472
198811004212215808
198811004421931010
198811004459696129
198811004489039872
198811004602298368
198811004623257600
198811004719738880
198811003184615424
198811004644245504
198811004572942337
198811004807811073
198811004547776513
198811004849766400
198811004883308544
198811004728115201
198811004757487617
198811004367405056
198811004891709440
198811005151752193
198811005239828480
198811005105602560
198811004971388928
198811005508263936
198811005428580353
198811005504077826
198811005529231362
198811005730553856
198811005621501952
198811005667655681
198811005365661699
198811005764120577
198811005768310785
198811005860577281
198811005864775680
198811007852888064
198811007806738433
198811007982895104
198811008066781184
198811008268111874
198811008352010241
198811008490422274
198811008289079297
198811008528171008
198811008544931842
198811008666574850
198811008544935936
198811008725299201
198811008641404928
198811008670773248
198811008687550464
198811008779821057
198811008591077376
198811009018900482
198811008951783424
198811008930820096
198811009069232129
198811009081819136
198811009044054016
198811009094393856
198811009270558722
198811009308299264
198811009559965696
198811009513824256
198811009610285057
198811009702572035
198811009459290113
198811010017132544
198811010059083776
198811010142978048
198811009945845760
198811010092630016
198811010184904704
198811010239442945
198811009492852736
198811010365259777
198811010226864128
198811010356871168
198811010335903744
198811010327519233
198811010235236352
198811010499489792
198811010482712577
198811010277195776
198811010654666753
198811012089126913
198811012252712960
198811012273676290
198811012235919360
198811012189786112
198811012424675328
198811012424679425
198811012672143361
198811012697300992
198811012718264320
198811012869259265
198811012915400704
198811012969922560
198811013221597186
198811013020270593
198811013292883969
198811013448081408
198811013334835202
198811013406138370
198811013158666240
198811013536153600
198811013498413056
198811013716520961
198811013737492480
198811013825572864
198811013938810880
198811013980749824
198811013930426368
198811014098194432
198811014014308353
198811014169505793
198811012818927616
198811014194667520
198811014249197570
198811014194667524
198811014341468161
198811014177890306
198811014387605505
198811014492463106
198811014563758080
198811014639271938
198811014626684928
198811014744121344
198811014639263744
198811014597324800
198811014286938113
198811014823817216
198811014920273921
198811014794448897
198811014848987136
198811016241491968
198811016312791042
198811016484765696
198811015977238528
198811016447012864
198811015717191680
198811016530890752
198811016342142978
198811016014987264
198811016853852161
198811016715436033
198811016795144192
198811017038405633
198811016950317056
198811016237301760
198811017021632512
198811017197789184
198811017201979393
198811017298456576
198811016405073920
198811016769966080
198811017663365121
198811017457844226
198811017692717057
198811017617215488
198811017625608192
198811016451207168
198811017722085378
198811017130684416
198811017814347776
198811017915015168
198811017944379394
198811017906622464
198811018070196226
198811018086977539
198811018112151554
198811018464460801
198811018514792448
198811018602885120
198811018749677568
198811018707746816
198811018758074370
198811018690965505
198811018674180098
198811018959392769
198811019072643073
198811019177500672
198811019160731651
198811019227840512
198811018602876928
198811020481937410
198811020507086849
198811020091854849
198811020410617856
198811020578402304
198811020448370690
198811020590985218
198811020796493825
198811020796506113
198811020909756418
198811020888768513
198811021043970048
198811021064945665
198811020960083968
198811020540653569
198811021023002624
198811021048168451
198811021173993473
198811021148827648
198811021241102336
198811020628733952
198811021199159296
198811021287239683
198811021455007746
198811021413060609
198811021090095104
198811021442428928
198811021480177664
198811021392097281
198811021304004609
198811021077524480
198811021715046401
198811021593411584
198811021752807428
198811021664714752
198811021555662848
198811021845073922
198811021882830848
198811021949935619
198811021970907137
198811022256119808
198811021190766592
198811022054789122
198811022369366016
198811022356783104
198811022499385345
198811022566498304
198811022591660033
198811022772011009
198811022625214465
198811024672043011
198811024831414272
198811024441360387
198811024932093954
198811024844009472
198811024353263616
198811024923705345
198811025049522178
198811024885952513
198811024894332931
198811025213108225
198811025385070592
198811024948854784
198811025343123456
198811025334730752
198811025515089921
198811025557028865
198811024919502849
198811025338933248
198811025351512064
198811025888382977
198811025909366785
198811025838059520
198811025385078784
198811025972281345
198811026039386112
198811025989058561
198811026018410497
198811025754169345
198811026152620032
198811026089709568
198811025754169346
198811026240700416
198811026295242753
198811026370727936
198811025842249728
198811026509148161
198811026395893760
198811026530107392
198811026634964995
198811026685308928
198811026563670017
198811026408472578
198811026639175681
198811026777583617
198811026727239682
198811026769182720
198811026853076992
198811026823720962
198811026945355776
198811028836986880
198811028908285953
198811028786651136
198811028245577728
198811029025726465
198811029180907520
198811029218668544
198811029365460992
198811029390630914
198811029415804928
198811029717778432
198811029625511937
198811029759729664
198811029906522112
198811029998796803
198811029868781571
198811030074302467
198811030149799936
198811030107856896
198811030216916992
198811030082682880
198811030174969856
198811030363701248
198811030359519232
198811030489530368
198811030338539521
198811030514704384
198811030447599616
198811030112043009
198811030497935360
198811030439198720
198811030426632192
198811030560841728
198811030334341122
198811030804103171
198811030808305665
198811030812495873
198811031022211073
198811030338551809
198811031047385090
198811030606987264
198811031189995521
198811031244513280
198811031231934464
198811031227727873
198811031156441092
198811031521333249
198811031613603840
198811031286448129
198811031752032256
198811033157120000
198811033266159616
198811033291333636
198811033224228865
198811033169690625
198811033463296000
198811033543000065
198811033530400770
198811033417166848
198811033547190273
198811033555578880
198811032939003904
198811033790451713
198811033706577921
198811033735925760
198811033673015296
198811033811419136
198811033861763074
198811033555582976
198811033517821953
198811034079862791
198811034096640000
198811034197299200
198811034163752962
198811034306355200
198811033605902336
198811033396195329
198811033861750785
198811034499293185
198811034469941250
198811034545422337
198811034558009346
198811034566402048
198811034637701120
198811034608340994
198811034650292226
198811034721583104
198811034809663488
198811034025328640
198811034843222016
198811034247626753
198811034474119168
198811034973245442
198811035187163136
198811035178778625
198811035325562880
198811035283632131
198811035346546688
198811035224907776
198811035250065408
198811037364011008
198811037074591745
198811037452087296
198811037380788225
198811037485645825
198811036881657856
198811037120729088
198811037397557251
198811037473046531
198811037259141120
198811037649207296
198811037670187008
198811037720514560
198811037787623425
198811037703733249
198811037452083201
198811037754073088
198811037808603136
198811037867311104
198811037716324352
198811037993156611
198811037967978498
198811038072840192
198811038060249089
198811038068641793
198811038085419009
198811038152523777
198811037858938880
198811038118969344
198811038303518722
198811038488068100
198811038479687680
198811038622298113
198811037829570560
198811038605524993
198811038601330688
198811038135746560
198811038462910464
