198797449177993216
198797449702293507
198797449714868229
198797449765203968
198797451803627521
198797451346452480
198797452449550337
198797453275824128
198797452910931968
198797453334544384
198797454848688130
198797457394630656
198797457856004096
198797456891326464
198797458560651264
198797458980085760
198797458984288256
198797460452286464
198797460427116544
198797460573913089
198797460934631424
198797460301299714
198797460364206081
198797461475696640
198797461672833025
198797462104850432
198797462524272640
198797463065337856
198797462956285952
198797462721404929
198797463346356224
198797462499098624
198797463648337920
198797464680144896
198797463635759104
198797464982138881
198797465288310784
198797464554323970
198797464956973056
198797466336903168
198797464495603712
198797467708424192
198797468060745728
198797468199174144
198797469000273920
198797469570703360
198797469092548608
198797469998526464
198797469767843840
198797471638503425
198797472368308224
198797472452182016
198797473391722497
198797473362358272
198797474519990274
198797475094593536
198797475098787841
198797475862155266
198797475484680192
198797476898156544
198797478106116097
198797478542315523
198797478697517057
198797477493743616
198797479985156096
198797480391999490
198797481277001728
198797481646100481
198797481499299840
198797482312998913
198797483353178114
198797483957170177
198797484053626880
198797485957849088
198797488390549504
198797488398942208
198797488000479235
198797488960970752
198797488587677696
198797489682395138
198797490131177472
198797489934041088
198797490387042304
198797490374451200
198797491821494273
198797492073152513
198797491737591808
198797492643573760
198797491594989568
198797492232531968
198797493243351042
198797493394345985
198797493025259522
198797493998325761
198797495478927361
198797495889956864
198797496179363841
198797497693507584
198797497731268609
198797494690385923
198797497261490176
198797498318454785
198797498196836352
198797499081834498
198797499362848771
198797499501264897
198797501967507456
198797502273683456
198797501845864448
198797502667952129
198797502537936896
198797504060473344
198797503741693952
198797505339736064
198797508007305217
198797508812619777
198797508611276801
198797508846161921
198797509240426496
198797509416599552
198797508800024577
198797510679080961
198797510771359744
198797510238679041
198797510716817408
198797511081721856
198797511757021185
198797511304028161
198797512050606080
198797512428101632
198797512444878848
198797512931414016
198797513128542208
198797513338273792
198797513661227009
198797513778671616
198797514458148865
198797514957271040
198797515376705536
198797516437848064
198797515963899904
198797516672733185
198797517528367105
198797517259948033
198797518274953216
198797517918437376
198797519889776641
198797520149815298
198797520837685248
198797522079203328
198797523421380608
198797523580760064
198797524138606592
198797524327333888
198797524792901633
198797524474138624
198797525170388992
198797524943904770
198797526357381121
198797527074611200
198797529318563840
198797526042808321
198797530321002496
198797530325188610
198797530606219264
198797534473359360
198797535207374849
198797534678884354
198797535874256896
198797535576469505
198797535396114433
198797537279356928
198797537103183873
198797538185314304
198797539334570044
198797539359719426
198797539334569988
198797540253106179
198797540567687170
198797540890644481
198797542257983488
198797542274772992
198797542782279682
198797542807437313
198797543335919617
198797542962630658
198797544158003201
198797544392900608
198797546125148160
198797545860890624
198797548285202433
198797548750770177
198797549166014465
198797549413474305
198797549476388864
198797549828714496
198797550113914881
198797551544180737
198797550663372802
198797551493840896
198797553448390659
198797553389674497
198797553049931776
198797553683267584
198797555491012609
198797556048859138
198797557030322176
198797557319741440
198797558343143424
198797558846472193
198797560012472320
198797559345586176
198797560322867202
198797560712937472
198797560960385024
198797561031700480
198797561463717888
198797561308512256
198797562487115776
198797561983807489
198797561920888832
198797562860408832
198797562432585728
198797562533257217
198797563665719296
198797563716046848
198797563711852544
198797563837681665
198797564835938304
198797564844314626
198797566610128896
198797566765301760
198797567146987520
198797567218286592
198797567750975488
198797567755157504
198797568065536000
198797564127100929
198797569596469250
198797569063792641
198797569969754112
198797570565345280
198797571345498112
198797569349009408
198797573430059008
198797576131194880
198797576496103426
198797578194796544
198797578127675392
198797579532771328
198797581726400513
198797581608947712
198797582527508481
198797582858850304
198797583206977536
198797583068565505
198797585660649474
198797584985362433
198797584968581120
198797585912311808
198797586503712768
198797585996193793
198797586507907072
198797587476779010
198797587887833089
198797588529549312
198797588617641985
198797588546334721
198797589284519936
198797589443919872
198797590932885505
198797591956303873
198797592312819712
198797592107286528
198797592967118848
198797592900009984
198797592698699778
198797592891637761
198797593835343872
198797593520775168
198797594007322624
198797593814372352
198797594946830336
198797595093647362
198797595194302464
198797595609538560
198797597157240833
198797597358555137
198797598205816835
198797598180638720
198797598956589056
198797599166316544
198797599304716290
198797599845785600
198797600231653377
198797600240058369
198797601506725888
198797600277803009
198797601041170432
198797601133432832
198797602475614208
198797602534338560
198797602488188928
198797601674502145
198797602362372096
198797603553550337
198797603343826944
198797603947819008
198797604316909568
198797604098801664
198797604757311490
198797604837015552
198797606355345410
198797604803448832
198797606074327040
198797607466831874
198797607479422976
198797608385384448
198797609115189249
198797609702408195
198797610348331008
198797610360897536
198797609928896512
198797610499325953
198797612109934592
198797611845681153
198797612365774848
198797612789411842
198797613166903296
198797613666009088
198797613741522944
198797615003996161
198797614928506880
198797614605541376
198797616732053505
198797617130516481
198797617306681344
198797616656551937
198797617646403584
198797617881288705
198797619219275779
198797619194105857
198797620385288192
198797620754382849
198797621572280320
198797621865873409
198797622436306946
198797622100770817
198797624093048832
198797625447809024
198797625489752066
198797626274086912
198797625833693186
198797627100372993
198797622801207296
198797627263954946
198797626659979264
198797628992004098
198797628543217664
198797630627782656
198797631261118466
198797631470845953
198797632435535873
198797633668653056
198797633815453696
198797633110818816
198797634025172993
198797635291852800
198797635606429697
198797635212148736
198797638458548225
198797638815064064
198797639100272641
198797639251263488
198797639473569792
198797640157245440
198797640459223040
198797640819933184
198797641159671809
198797641394569217
198797640895442944
198797641998536704
198797641260343298
198797642866753536
198797644284432384
198797644758401024
198797645291061250
198797644678696961
198797643361697792
198797646171873280
198797646603878400
198797646939435008
198797646813609985
198797647199469568
198797647644082180
198797647866380290
198797646712942592
198797648671682560
198797648659103746
198797648709419008
198797649137242113
198797649003028481
198797649762201600
198797650877886465
198797640232730624
198797651007909889
198797651397976064
198797652282974208
198797653360918528
198797652861792256
198797654690508801
198797654908600320
198797655609057281
198797656024289280
198797656099794944
198797655906848768
198797658079498245
198797658515705856
198797658578624513
198797659530723329
198797658289213443
198797659941769216
198797660705136641
198797660965175298
198797661120364546
198797662630326272
198797663867650048
198797664039608323
198797664232546305
198797664433872896
198797665268531200
198797665377583104
198797665906077696
198797666610712576
198797666514251776
198797666648473601
198797667537657856
198797667814481920
198797668154228737
198797668737228800
198797668812726272
198797669408313344
198797669651595265
198797671065063425
198797671408996353
198797671706791937
198797670649831425
198797672705036289
198797672767950850
198797672570814464
198797674349199361
198797673682321409
198797675603312641
198797676115009536
198797676257611777
198797677356527617
198797676958056448
198797677503315968
198797678132465666
198797678539309056
198797678241513472
198797679248162817
198797679751475201
198797680015720448
198797679655006210
198797680120578049
198797681638912003
198797683002056704
198797683295657985
198797683496984576
198797683736051713
198797684323262466
198797684465860608
198797686353305600
198797686667878400
198797686869204992
198797686697246720
198797686969868289
198797687074725889
198797688161058816
198797688295276546
198797688601452545
198797687582244865
198797689540976642
198797689402556418
198797690035908609
198797689528397824
198797690123984897
198797690564382722
198797690073649153
198797691432607744
198797690883145729
198797691856232449
198797692107886592
198797691797508096
198797692959342593
198797692787359744
198797692770598912
198797692510552064
198797694284730368
198797694578343936
198797694175686657
198797693768839168
198797694351843329
198797695131987969
198797695329112066
198797696037945344
198797695702417408
198797696285413377
198797695090049026
198797697149435904
198797697195581442
198797696977473536
198797697396912129
198797697552101376
198797698562928640
198797699150123010
198797700131586048
