198813303777144832
198813303584206848
198813303844249600
198813304431456256
198813304540508161
198813305018658817
198813304859275264
198813304947351553
198813304381112320
198813305270308865
198813304980914176
198813305584881664
198813305723301890
198813306331463680
198813307153547264
198813307438768128
198813307472330752
198813308034359296
198813307761729536
198813308810305537
198813309120692225
198813309112291330
198813305962364929
198813307782696960
198813308965494784
198813309695299584
198813309997297666
198813309644967936
198813309728858112
198813308223107072
198813309141655553
198813311347859456
198813311414960129
198813310941003776
198813312174133248
198813312425787392
198813311867953153
198813312341913603
198813312270610434
198813312467730433
198813311519830018
198813313377910785
198813313361129475
198813313386287105
198813314380337152
198813314598453248
198813315496017920
198813313486958592
198813315953209344
198813316074844161
198813316133564416
198813316712370176
198813316611710977
198813317056299010
198813317081464832
198813318142623744
198813317622530049
198813318172000256
198813317568004096
198813318570446849
198813318926962689
198813319539339264
198813319233150976
198813319765835776
198813319983939586
198813320231395328
198813320889901058
198813320915075074
198813321053487104
198813321011535873
198813321149947906
198813321498083329
198813321804267520
198813321896542208
198813321825226752
198813321976233985
198813323138052096
198813323066744832
198813323054170113
198813318796943362
198813323666530305
198813323800748033
198813323700088833
198813323658133506
198813324098543617
198813323481985025
198813324799000577
198813324614443008
198813324857716736
198813325373616128
198813322412433408
198813324555730945
198813325272948737
198813325763674112
198813326078246912
198813326250221568
198813325260357632
198813326501875716
198813326715797506
198813326837428224
198813326938083329
198813327055519744
198813324404727808
198813326699003904
198813327252652033
198813327525281793
198813328171212800
198813327957303297
198813327768551425
198813328712278016
198813328880058370
198813329500798977
198813329475645440
198813329676972033
198813329504993281
198813330108977154
198813330398380033
198813330545180673
198813330230616064
198813330922684416
198813330373218305
198813331694424065
198813328812941312
198813332227112960
198813332705255424
198813332902395904
198813332856250368
198813332877217798
198813333552500737
198813333044985856
198813332818505728
198813333711884292
198813333355380736
198813331505684481
198813334219407360
198813332831084544
198813335045668865
198813336245243905
198813336769536000
198813336886984705
198813336874385410
198813336979243009
198813336962473985
198813336580800512
198813337365118977
198813336702427136
198813337205743616
198813338317225984
198813338073956353
198813338313039873
198813338933805056
198813339105763330
198813339344846848
198813339432919043
198813339546173440
198813339655208960
198813339894284288
198813340380827648
198813340305334273
198813340972236800
198813341110636546
198813341743976450
198813342188572674
198813342536708097
198813342377312258
198813343333625856
198813344029880320
198813343975354368
198813344143114241
198813343413313537
198813345338499072
198813345225261056
198813345351077889
198813345908928512
198813346034761730
198813346135408640
198813347133657088
198813347112685571
198813346798112768
198813347670523904
198813347628589057
198813347918004225
198813348626825216
198813348672978947
198813348752666624
198813348836552704
198813349629272065
198813349729939456
198813349952237568
198813350094848000
198813350346498049
198813350870786049
198813350480719872
198813350803677184
198813350677852161
198813351772565505
198813352171020289
198813353110552576
198813353156685824
198813353597091840
198813354343677952
198813354305929218
198813353836150784
198813354691792896
198813355035725826
198813354171703296
198813355367088128
198813355606159360
198813356033982465
198813353332846594
198813356839280640
198813357116096512
198813357325811717
198813357212581889
198813357632012290
198813357581676544
198813357741047809
198813358865125377
198813352171028480
198813358814806017
198813359443939328
198813359079043072
198813359515242496
198813359607513088
198813359502659586
198813359955656707
198813360664481792
198813360693837824
198813360249245698
198813361138442241
198813361494949890
198813361746620416
198813361805336579
198813362778423296
198813363466272768
198813364024123395
198813365668294656
198813365542461440
198813366188388352
198813366209351680
198813366557478912
198813366645563392
198813366695903233
198813366884634626
198813367153078272
198813367522172929
198813367513788416
198813367593476096
198813367383752704
198813367954194433
198813367354404864
198813368231010305
198813368763695105
198813369090834433
198813368453312512
198813369346703363
198813369447350274
198813368893718528
198813369891946496
198813370344935424
198813370445594624
198813370751778817
198813370953109504
198813369564807168
198813369766133762
198813371775193089
198813371582259200
198813372144287744
198813372328837121
198813372303679490
198813372576305154
198813373213851649
198813373696192512
198813373100605442
198813373339664384
198813373230628865
198813374358880256
198813374929305600
198813375625576449
198813375709462528
198813375873024000
198813376195989504
198813376816742404
198813376854495232
198813377965998080
198813377466871808
198813375285833728
198813378528030723
198813378993590274
198813379152982016
198813379547242497
198813379870199808
198813380235108353
198813381392744448
198813381908627457
198813382122553345
198813382529396736
198813382613282816
198813382734917636
198813382822993920
198813382873317376
198813383275986946
198813383343083520
198813383393411073
198813383074643968
198813383842209793
198813384198717440
198813384395862016
198813384572010496
198813384651718657
198813384471347200
198813385649954816
198813387004706816
198813386925019136
198813387357036544
198813387541590016
198813387390599169
198813387264765952
198813388900532224
198813388757938176
198813389466771456
198813389466767360
198813390494375936
198813390959947779
198813390590836737
198813391362592768
198813391555526657
198813391802998784
198813391798800385
198813391933026304
198813392197263362
198813391899475968
198813392251793408
198813392314712064
198813392608301058
198813392562163712
198813392352448512
198813393677852672
198813393434574849
198813394499936257
198813394655117312
198813392931258369
198813394839670784
198813395221348352
198813395561099264
198813396043448323
198813396005687297
198813396366397442
198813395384942592
198813396370587648
198813396915851264
198813397540802560
198813397687615488
198813397624700929
198813397872156674
198813398975258625
198813399033974785
198813399608594432
198813399788949505
198813400518770689
198813400099323905
198813400724287488
198813400787206145
198813400950784000
198813401592504320
198813401491841025
198813401818996737
198813401819000832
198813402561392640
198813402699792385
198813403408629760
198813403777744896
198813403849048064
198813404310417408
198813405161852932
198813404536909824
198813404922789888
198813404029394945
198813405409325056
198813405430300676
198813406621466624
198813405811965952
198813407087042560
198813407674249216
198813407670046720
198813407472914432
198813408261443584
198813408257245184
198813408274022400
198813408974471170
198813409855291393
198813410207604736
198813410417319936
198813410371190784
198813410564116480
198813410379571200
198813410559918080
198813410069188610
198813409305837568
198813411075817472
198813411235205120
198813411256176641
198813410757062656
198813411855958016
198813412317335553
198813412287987712
198813412556410883
198813412891963392
198813413579816960
198813414343188480
198813414599041024
198813414028611584
198813415358210048
198813416239013888
198813417396641792
198813417719595009
198813418319388672
198813417509896192
198813418503933952
198813418524917760
198813418029981696
198813418453610496
198813419447660544
198813419208589312
198813419732869120
198813421091819521
198813421414780928
198813422568218624
198813422626942978
198813422845046784
198813422803099650
198813422597574657
198813423260282882
198813422857629696
198813422572421121
198813423969116160
198813424023650305
198813424275304449
198813424149479424
198813424791203840
198813425680384000
198813427500720130
198813427664306177
198813427450380288
198813428045987840
198813428209557504
198813428444442626
198813428595441664
198813428637384705
198813429090357249
198813429337829377
198813430134751232
198813430197665794
198813430243794944
198813430956834816
198813430625472514
198813431711801345
198813432575823873
198813432550670338
198813433423085568
198813432781352960
198813433783787520
198813434937225216
198813431686643712
198813435658649602
198813435818020864
198813436099043329
198813436044525569
198813436585586691
198813436531048448
198813436430385154
198813436845621248
198813437160198144
198813437386702848
198813429824360448
198813437567053825
198813437684490240
198813437759987712
198813438103912448
198813437957120001
198813438003253248
198813438204588032
198813438422683649
198813438926000128
198813439513202689
198813438846304258
198813439823593472
198813440515649536
198813440398200833
198813440326897666
198813440909901825
198813441237069824
198813441211908096
198813441534853120
198813441224491009
198813442268864514
198813442570854403
198813442990276608
198813443241951232
198813443292274689
198813440247205888
198813443439067136
198813443816566784
198813444814811136
198813444085006336
198813444139524096
198813444806422528
198813445213261824
198813445594943488
198813445297160192
198813445649469440
198813446463168512
198813446677086208
198813447205568512
198813447356555264
198813447717265408
198813447738241024
198813447851491328
198813444009508865
198813448694538240
198813449634054144
198813449944449025
198813450925903872
198813451580211202
198813451588603904
198813451890601984
198813452440043521
198813452553306113
198813452238716928
198813452238721026
198813452679135234
198813452859486208
198813453601882112
198813453987745793
198813453387960320
198813453895467008
198813454436544512
198813454210048000
198813454591737857
198813454872739841
198813456554663937
198813456487555072
198813455904538624
198813456663711744
198813456693075969
198813456701464578
198813457297055744
198813457687121921
198813457922015233
198813458228183041
198813458043650048
198813458047836160
198813458597294081
198813458416926720
198813458500816896
198813459658448897
198813459184488448
198813460048515072
198813460040138752
198813460237258754
198813460539260929
198813460849623041
198813460941914113
198813460946104320
198813461009014786
198813461894017027
198813461717843968
198813462393143296
198813462783205376
198813463018094592
198813463101968384
198813463567540224
198813464599343104
198813460157562882
198813463554957312
198813464683220992
198813464809054209
198813464343478272
198813464402206721
198813464494485504
198813465165574144
198813465564037121
198813465610162176
198813464767111170
198813463705960449
198813466474192896
198813466662936577
198813466994278400
198813467464052738
198813467522760705
198813468244193280
198813468785262593
198813468915277825
198813468810424322
198813468843974657
198813469624107009
198813469863186432
198813470060318722
198813469842210816
198813470030962690
198813469934489602
198813469833826305
198813470316167168
198813471129866243
198813471402504192
198813470924349440
198813471498973185
198813471503167488
198813472602066944
198813469921902592
198813473042468867
198813473889730562
198813473726140418
198813473994579968
198813474095247361
198813475391283201
198813475869425664
198813475919761408
198813475189956610
198813476402106368
198813476808966144
198813476695707648
198813477278720000
198813477521981442
198813477186449409
198813477517799426
198813478373433346
198813478302134273
198813478348263424
198813478868361216
198813479291985923
198813478964826114
198813480143429634
198813480533508096
198813480558661632
198813481108111360
198813481108111361
198813480671916032
198813481150054400
198813481389142016
198813481460445186
198813481154265091
198813481754050561
198813482215415808
198813480898404352
198813481871486977
198813482676789249
198813483284963328
198813482580328448
198813483364646913
198813483729567746
198813483796672512
198813483821830145
198813483956060161
198813483675025408
198813483721166849
198813483918307330
198813483985420289
198813484648108033
198813484195127298
198813485616988162
198813485591830528
198813485856063488
198813485524717572
198813486543929345
198813486502002689
198813487672205313
198813485096902656
198813487722545152
198813487139524608
198813487374405632
198813488385241089
198813488955670529
198813485210157056
198813489366708225
198813489681268737
198813489899372545
198813491115724800
198813491036028928
198813491266732035
198813491791015936
198813491908444160
198813491560333312
198813491459665920
198813492218834944
198813492504051712
198813492793442304
198813492667621376
198813492650835968
198813493674254337
198813493254815744
198813493816852481
198813494307590144
198813494311796736
198813494722838528
198813494492135425
198813495096127489
198813494915776512
198813495322611713
198813495452631040
198813495507169283
198813495314231298
198813496459268096
198813496316657664
198813496702541824
198813496794824706
198813496954195970
198813497637871616
198813497142935552
198813497105203200
198813497956646913
198813497436536832
198813498078281729
198813498149584897
198813498464157697
198813498451574784
198813499042959360
198813499688894466
198813499676307456
198813500481609730
198813500649377793
198813499726630913
198813502134165504
198813501916061696
198813502431952898
198813503035944960
198813501878317056
198813503174352898
198813503463755776
198813503614754816
198813503841239040
198813504000634880
198813503962882049
198813504390701057
198813505338617857
198813505237942273
198813505741275138
198813505330216962
198813505208586241
198813505451851776
198813506429132800
198813506500427776
198813507364454400
198813507351879680
198813507272183809
198813507263795200
198813508496916480
198813508614365187
198813507968450560
198813510975750145
198813511349047296
198813511235801089
198813512057888769
198813512225656833
198813512716390400
198813512569593856
198813512959664128
198813513676894208
198813513932742659
198813512892563458
198813513496526848
198813514327007234
198813514113097730
198813514461216768
198813514603823105
198813514759024640
198813514700304384
198813515434303488
198813515480436737
198813515551739904
198813515992141825
198813517967667200
198813518328373249
198813518856847361
198813518932353026
198813519372750849
198813519297265666
198813519423090688
198813520261939200
198813518387097604
198813520924639232
198813521176301568
198813520882712577
198813521063067648
198813521738346498
198813522120019970
198813521859973120
198813521901928450
198813521889337344
198813522833055745
198813523449626624
198813523395096579
198813524003266560
198813523629965314
198813524435279873
198813523722244096
198813524649185283
198813524502388736
198813522858213376
198813524787605504
198813524800180226
198813524355596288
198813525802622976
198813525471281153
198813527165775872
198813527241261056
198813527245455361
198813527392256000
198813527744589824
198813527891394560
198813527518085120
198813527996239872
198813528214347777
198813528675713024
198813527295791104
198813528956735489
198813529103532032
198813529736888321
198813529791401984
198813529527173120
198813529871097856
198813529376165890
198813530424745984
198813530479267841
198813531431378944
198813532144414720
198813532152795137
198813532362506240
198813532115050496
198813532807102465
198813532916162560
198813533654364161
198813533536923649
198813533717266432
198813534526779392
198813534728101888
198813535181094913
198813535504039936
198813536414220289
198813536649101312
198813535709573121
198813535663435778
198813536758149121
198813536795889664
198813536972046336
198813537055944704
198813534962991104
198813537332760578
198813538083553283
198813537894801410
198813538972737537
198813539203420162
198813540189081600
198813539954208768
198813539429916673
198813540054876160
198813540444942336
198813541036335104
198813540910510080
198813541283794944
198813541388652545
198813541883580417
198813542399488000
198813542940540929
198813542172991488
198813543150256128
198813543439675393
198813544228208641
198813544723132418
198813545415180288
198813545348079618
198813545939472384
198813546170171393
198813545859792896
198813546350518273
198813546904158208
198813547013218305
198813547680104448
198813548082757632
198813548107931649
198813549022281730
198813549022285824
198813549424939009
198813550712594432
198813550913916929
198813550943272960
198813547923382272
198813550746148864
198813551408848897
198813552298037249
198813552436461568
198813552264486913
198813553073979392
198813553342423040
198813553480839168
198813554105786368
198813553896067072
198813553896075264
198813553325654016
198813554705563648
198813554965614592
198813554869149696
