198804998916804608
198804999030063104
198804999571120128
198804999424319488
198804999617265664
198804999856324608
198804999877312513
198805000024104962
198804999617249281
198804997348147203
198804999944421378
198805000418373632
198805001055899648
198805001332731904
198805001353699328
198805001601159172
198805001865400322
198805001190117376
198805001894764544
198805002519715842
198805002435833856
198805002721034240
198805002809122817
198805002838482944
198805003060772864
198805002565849089
198805003278893056
198805003664769024
198805000393199616
198805004876906496
198805005313130497
198805005300543488
198805004130320384
198805006466547712
198805003794780160
198805005849993216
198805006936326144
198805007007617025
198805007066345473
198805008400125952
198805008786001920
198805008815366144
198805008643395587
198805008484007937
198805009469681664
198805010228854784
198805010203688960
198805010321121281
198805010535022592
198805010778304512
198805011038351361
198805011361300480
198805011692662789
198805011327758336
198805012061765633
198805012401496065
198805012502155264
198805012749631488
198805012686708736
198805012980301825
198805013110329344
198805012527316993
198805010857988097
198805014414770178
198805014653833216
198805014540582913
198805014859350016
198805015421403136
198805015421390850
198805016381898752
198805015865982977
198805016822300672
198805016331558912
198805016935538688
198805017279463426
198805017413693440
198805016709046274
198805017728253952
198805017812140034
198805018869121027
198805018516795392
198805019091419137
198805018550341632
198805019435352065
198805019695390720
198805019825414144
198805019825414145
198805019863158784
198805019900907520
198805019737337857
198805020366483460
198805020609744896
198805020655894530
198805020693635074
198805020664279041
198805020672667648
198805018713927680
198805017451429890
198805020861403139
198805021796741120
198805021855457281
198805022157451265
198805022295859202
198805022677549056
198805022786588672
198805022643986433
198805022866276352
198805023046631424
198805023155699715
198805019791855617
198805023046631425
198805023751278592
198805023713542144
198805024179101698
198805024481099778
198805024418172928
198805024447533056
198805024833417218
198805025143795712
198805025466748928
198805025370288129
198805025533853696
198805025877794819
198805026532098050
198805025856827393
198805027106717696
198805026653736960
198805027341602817
198805027463245825
198805026888630277
198805027907837953
198805027756838914
198805028352442368
198805027488415744
198805028893507585
198805028968996865
198805029606539267
198805030000787457
198805029732368384
198805026406285312
198805029841416192
198805030562840576
198805030571220993
198805026955722752
198805030860619777
198805030906761216
198805030579609600
198805030969675778
198805031150026752
198805031003234304
198805031116476417
198805030827081728
198805031573667840
198805031020019712
198805032592879616
198805032605458434
198805032790007809
198805032966160384
198805032496402436
198805032659992576
198805033549185026
198805033976991744
198805033956020224
198805034706812928
198805034799083520
198805035025571842
198805034945871873
198805035457593345
198805035453399041
198805035432423424
198805035805720576
198805036405489664
198805036422275074
198805036824932352
198805037235978241
198805037269520385
198805036971728897
198805037676367872
198805038041276416
198805037999333378
198805037680562176
198805038511042560
198805038620086272
198805038716559360
198805038724943872
198805038506844160
198805038414565377
198805038292926465
198805039148572673
198805039232454657
198805039240855554
198805035323367424
198805040515923969
198805040041967616
198805041002455040
198805041107316736
198805041195393024
198805041346383872
198805041547722754
198805041480597504
198805041929396224
198805042046836736
198805042491432960
198805042294308865
198805040738205696
198805043145740288
198805043204456450
198805042915049472
198805043422568448
198805043632283649
198805043695206401
198805043598725120
198805042948603905
198805043623903232
198805043791675392
198805043674234880
198805044504694784
198805045037367296
198805045242888192
198805045310009346
198805045368729602
198805045586837504
198805045066731520
198805045792354304
198805045997875200
198805046207578113
198805046266310656
198805046329229312
198805046534742017
198805047012888576
198805046304051200
198805047524601856
198805047935631361
198805048329912320
198805048552210435
198805048699011074
198805049110044672
198805049374277632
198805049613357057
198805049932136449
198805050129260544
198805050301235201
198805050666123265
198805050808737793
198805051052003329
198805051169443841
198805051211386884
198805051412713472
198805051349794818
198805051647590402
198805051488206849
198805051999920128
198805051324628993
198805052520022016
198805052348047360
198805053073653760
198805053178519552
198805053132382208
198805053358882816
198805053497294850
198805053514055680
198805053606334464
198805053686022144
198805053811859456
198805053627314176
198805055036592128
198805055204376576
198805055758012417
198805055393103873
198805055799967744
198805055892238336
198805056080973827
198805056076791808
198805056382959616
198805056236158976
198805056001282048
198805056487817216
198805056475246592
198805056487833602
198805056395546624
198805057263763457
198805057448321025
198805057557381120
198805057649655808
198805057402191873
198805057683206145
198805059096678401
198805059331559424
198805060157849601
198805059780349952
198805060472410112
198805060782792706
198805060912816128
198805060937990144
198805061311279105
198805061248356352
198805061835554819
198805062183682048
198805062087213056
198805062837993472
198805063240663040
198805063395835907
198805063379070976
198805064301813760
198805065186816001
198805066189250561
198805066151510016
198805065929203712
198805066495438848
198805066961002496
198805066243780608
198805067216850946
198805068009586689
198805067242024961
198805068160569345
198805067707596800
198805068999426048
198805067841802240
198805068437389312
198805069360152576
198805069725052928
198805069423063041
198805069674713089
198805069825708034
198805069859266562
198805070043811841
198805069846687744
198805070291279874
198805070362574848
198805070391943170
198805070400335872
198805070958178304
198805070253531136
198805071218212865
198805071235002368
198805071578931201
198805071310487552
198805072115806210
198805072291958784
198805071327281152
198805072195485696
198805072828837888
198805072887554048
198805073030156289
198805072967254017
198805073227288576
198805073336336384
198805072128393217
198805073101467649
198805073315368961
198805073403461632
198805073667694594
198805072572981252
198805073382490112
198805073835458560
198805074133270529
198805074653364224
198805071469871104
198805075102150656
198805075324440578
198805074938560512
198805075387359232
198805075240566784
198805075550932994
198805075504803841
198805075752255488
198805075865513984
198805073432805377
198805076054245376
198805076352057344
198805076658233344
198805077203488769
198805077736169472
198805077912322049
198805077681647617
198805077618737153
198805078143021056
198805078126243841
198805078260461569
198805078394675200
198805078122041345
198805078663110657
198805078730215424
198805078390476800
198805078805712897
198805079048982531
198805079455838209
198805079418081280
198805079594242048
198805079409704962
198805080105947137
198805079908827136
198805080164675584
198805080424718336
198805080269520896
198805080839950336
198805081234214912
198805081347461121
198805081355853825
198805079850098688
198805081834004481
198805081808838656
198805082396049408
198805082110836737
198805081636864002
198805083012595714
198805083633369088
198805083859849217
198805083910189057
198805083117465601
198805083947933698
198805084765831170
198805085734707200
198805085852143617
198805086351273984
198805086808444928
198805086938480642
198805086917496833
198805086405795840
198805087177547777
198805087097860097
198805087311769600
198805087332728833
198805087718617088
198805088041578498
198805087890571264
198805087831867393
198805088041582592
198805089111121921
198805088670720001
198805088666517505
198805089492803585
198805089715101696
198805089262125058
198805090163900416
198805090189058048
198805087580192768
198805089987739650
198805091090841600
198805090428133376
198805091040493569
198805091086630913
198805091082448896
198805091736748032
198805091535421440
198805091917115393
198805092625956864
198805092978266113
198805092764356608
198805093544493056
198805093515145217
198805093582254081
198805093624201216
198805093385113601
198805093682921474
198805094182027266
198805094328836096
198805094031048704
198805095113179136
198805093057957889
198805096291770369
198805096186904576
198805096476327936
198805096627322880
198805096623124481
198805096333717504
198805096648286209
198805096929312768
198805096866394112
198805096719589378
198805097193541632
198805097369710592
198805097738805248
198805097214509057
198805097805914113
198805098401505281
198805098623807490
198805098699300864
198805098917400577
198805098766413824
198805099512987648
198805099160670209
198805099525570560
198805100175691776
198805100091817985
198805100834209793
198805101262016513
198805101689847808
198805102180569089
198805102079901696
198805102511923200
198805102205747201
198805102990082048
198805102872641536
198805103090733058
198805103241728001
198805102973300736
198805103497584641
198805103581474816
198805101681459201
198805104093175808
198805104239984640
198805104034459649
198805104965586944
198805104671985664
198805105422774273
198805105313714176
198805105590550528
198805106014175232
198805105447931906
198805105552789504
198805106119028739
198805106219679745
198805106177740801
198805106626535424
198805106702028801
198805106735595520
198805107230511104
198805107289231361
198805106936918019
198805107587039234
198805107658326017
198805107792547842
198805106693636098
198805108321042434
198805108761436160
198805109029875713
198805109440921601
198805109566742529
198805109227012098
198805109910683649
198805110376239105
198805110636290048
198805110502072320
198805111055712256
198805111424815105
198805111844253696
198805108526546945
198805111391268864
198805112389509120
198805113610051584
198805109667409922
198805113987530752
198805114310504448
198805114973200385
198805114755104768
198805114012696576
198805115455553536
198805115753340929
198805115908521985
198805116017577986
198805116562841600
198805116604780544
198805116214706176
198805117221339136
198805117137461251
198805116537667584
198805117703688196
198805117082939392
198805117703688193
198805117993099267
198805118370594816
198805114998374401
198805118794211330
198805118873911297
198805119549186049
198805119708569600
198805119205253123
198805119175884804
198805120299970560
198805120295772160
198805120283189250
198805120572592130
198805120987828224
198805121143021568
198805121424031744
198805121306595328
198805121935740928
198805121839276032
198805121851867138
198805123248570368
198805123592491011
198805123684765696
198805123475054592
198805123839954945
198805123743490050
198805123873509376
198805124573970432
198805124678823937
198805124603318272
198805124913704960
198805124733345793
198805124376838144
198805125060493313
198805124934672384
198805125547044864
198805125802893312
198805125987442689
198805126151012353
198805126071320576
198805127455444992
198805127598055424
198805127623217152
198805128223014913
198805128315277312
198805128394969088
198805129267380224
198805129099624449
198805129380626433
198805128940224512
198805130043338753
198805130223685632
198805130257252352
198805130315968514
198805130576011264
198805130664099841
198805130727002113
198805131003834369
198805131129663488
198805131507150848
198805131620401153
198805132031430656
198805131985305600
198805132463439872
198805132224380928
198805132899655681
198805132945788929
198805132698324992
198805133193261056
198805133772070912
198805133969203200
198805133923069952
198805133679800322
198805134044708864
198805133809811459
198805134598340608
198805134711599105
198805134438957056
198805134929702912
198805135273623552
198805135655313408
198805135965687809
198805135621763072
198805136213147649
198805136850681857
198805136947154947
198805137043628032
198805137161064448
198805137622433792
198805137924431872
198805137345613824
198805137911844869
198805138226421763
198805138431942656
198805138897518592
198805138935250945
198805139077861376
198805139769929728
198805139803471872
198805139564412931
198805139329531904
198805140050935808
198805140201934849
198805140407459841
198805140969500672
198805140474572800
198805141141454848
198805140831084544
198805141569277952
198805141103706112
198805141699313665
198805141493792768
198805141984509954
198805142454276097
198805142533971970
198805143318310913
198805143985209344
198805143972618241
198805144119422976
198805144366874624
198805143842598912
198805144786309120
198805144962473984
198805145256079361
198805145352548353
198805145784549377
198805145860055040
198805145952325632
198805145620987904
198805145679691779
198805146073960450
198805145881026560
198805146304647171
198805145629360129
198805147219013634
198805147315474433
198805147416145920
198805147374194689
198805147797823489
198805147898490882
198805148217249792
198805147411939329
198805148447940608
198805148716367872
198805149072896001
198805149009977345
198805149446180865
198805149555228672
198805149538463744
198805149999824899
198805150347960322
198805150335369218
198805150373117953
198805149790117888
198805150683508737
198805150679318528
198805150167609344
198805151203590145
198805151140691969
198805151211986946
198805152260571138
198805152478658561
198805152654819328
198805152952619009
198805153229447169
198805153317519361
198805152860356608
198805152893902849
198805153875378178
198805153581764608
198805153879564289
198805153955053568
198805154068312064
198805153560805376
198805154521296896
198805154575826945
198805154743599104
198805154731016193
198805155024605185
198805155091722240
198805155808952320
198805155926392834
198805155922182144
198805155863461888
198805156417118212
198805156895268864
198805156727500801
198805157457297408
198805157495050240
198805157906096128
198805158157746178
198805157922873344
198805158581374977
198805158736572417
198805158933696513
198805158459736064
198805158803681283
198805159344734210
198805159567032320
198805158421987328
198805160082931712
198805160485593089
198805160405905408
198805160716271617
198805160888238081
198805161060216832
198805161345433600
198805161135710209
198805161391562752
198805161769050112
198805161341227010
198805161630633986
198805162192674816
198805162410774530
198805162507247616
198805163098636291
198805163216089090
198805162586943488
198805163274797058
198805163216089089
198805163287379968
198805163333533697
198805164302405632
198805164151422976
198805164730232832
198805164948332545
198805165065777154
198805165061574658
198805166290518018
198805166160490496
198805166068207616
198805166265339905
198805163018960896
198805166550548482
198805167301345280
198805167213256704
198805167322300417
198805168031150081
198805168001785856
198805167968223232
198805168140197888
198805168920342529
198805168689647616
198805168668680194
198805169675313152
198805169876643841
198805169914388481
198805170019254273
198805170107318272
198805170493206530
198805170665160704
198805170048602113
198805171248181248
198805170941988865
198805171801833472
198805172254814210
198805171449507841
198805172120596480
198805172674244608
198805172770705410
198805173265637376
198805173697646593
198805174008033281
198805174037389313
198805174804951041
198805175136305152
198805175199207424
198805175224385536
198805175580889089
198805174951747584
198805175664787456
198805175757058048
198805176428150785
198805174800752641
198805176415555587
198805176755302401
198805176377802752
198805176914677760
198805177099223041
198805177090842626
198805177342504961
198805177459933184
198805177405411328
198805177694822401
198805176969207810
198805177719988225
198805177921318912
198805177678041088
198805178231701504
198805178940530688
198805178944724994
198805179074740226
198805179292844033
198805179276070912
198805179309629442
198805179611619332
198805179955548160
198805180081389569
198805180119134209
198805179783581697
198805180916047872
198805180450484224
198805181570359296
198805182140792833
198805181910097920
198805182438580226
198805181973020672
198805182409224192
198805183495536641
198805183730425857
198805184263098368
198805184632209408
198805183663308801
198805184728670211
198805184917417987
198805184774811648
198805184271486979
198805184980332545
198805185877917696
198805185437507585
198805186263789568
198805186049871875
198805186309926912
198805186444140545
198805187073277952
198805186322509824
198805187283001344
198805187597578240
198805187773730816
198805184837722114
198805187643711490
198805187786313731
198805187874406400
198805187886977025
198805187513683969
198805188188971008
198805187769540608
198805188562268161
198805188994269184
198805188394496002
198805189090742272
198805188579037185
198805190118354944
198805190437109761
198805190772654080
198805190885904384
198805190860742656
198805190768472066
198805191020126208
198805190810415105
198805191066271744
198805191250817024
198805190630064128
198805191208873984
198805191892545540
198805192127418368
198805192072900608
198805192001589248
198805192685268993
198805192840450048
198805192764952577
198805192756559872
198805192920145923
198805193024995329
198805193159217154
198805190017683458
198805193628979200
198805194077782016
198805194245550080
198805194392350720
198805194488815617
198805194811781120
198805195264757760
198805194346217473
198805195478675456
198805195025694720
198805195763875840
198805192920145920
198805195793248256
198805195814223873
198805195923275776
198805195667410945
198805196091047938
198805196690829312
198805196795691008
198805196929896448
198805197064126467
198805196174917633
198805196703399936
198805195944235008
198805197454196736
198805197533884416
198805194476240897
198805197970087937
198805198121074690
198805198569881601
198805198863482880
198805199186427904
198805198955749376
198805199710732288
198805199467446272
198805199865921537
198805199513587713
198805200096600065
198805199970766848
198805200734138369
198805200776081409
198805202306990080
198805202248278018
198805202097283072
198805202885804032
198805202852261890
198805203154247680
198805203141664768
198805203473006592
198805202772561920
198805203443654656
198805203095523330
198805203695321089
198805204320256001
198805204408336385
198805204253163520
198805203561091074
198805205058457600
198805204479651842
198805205163323392
198805205549203456
198805202051149825
198805206132195328
198805205633073155
198805205159116800
198805206425808896
198805206526464001
198805206635520002
198805206929117185
198805206992031744
198805207109484545
198805206434197505
198805207319187456
198805207394693120
198805207294017536
198805207591821313
198805207520514052
198805207562465280
198805207445016576
198805207914774528
198805208128684033
198805207994474497
198805208518766593
198805208455843840
198805208103530496
198805208795582464
198805208946577408
198805208137084928
198805209126928386
198805209340846080
198805209496035329
198805209810608128
198805210179702785
198805210162925568
198805210519445505
198805210511060994
198805210179715072
198805210699804672
198805210972426243
198805209621868544
198805210951454720
198805211660296193
198805211370893312
198805211538669570
198805211605778433
198805211781931008
198805211937124352
198805212016820225
198805212260085761
198805212419465218
198805211983257600
198805210276175873
198805213220581376
198805213640003584
198805214457896961
198805215305138176
198805215288369152
198805215644889089
198805216118841344
198805216504721408
198805217381322753
198805217771393024
198805218102755329
198805218396348416
198805218689957888
198805219335872512
198805219444932608
198805219604303872
198805220342513664
198805220191506433
198805220938100738
198805221030371328
198805221181366272
198805221428834306
198805221735022593
198805221835677698
198805222171217920
198805222443843584
198805222620004352
198805222578077697
198805221768577025
198805222376734721
198805223274328065
198805224067039233
198805224213839872
198805224276754435
198805224490676224
198805224708767744
198805224859762688
198805224989798400
198805224989790208
198805225199501313
198805225413414913
198805225539239937
198805225677664257
198805225820274688
198805226080317440
198805226113859586
198805226323574784
198805226139029506
198805227326013441
198805223328845824
198805227376345089
198805227871281154
198805228064215041
198805227179216897
198805228202639360
198805228156485632
198805228357820416
198805228823384064
198805228903088128
198805227921620992
198805229532233729
198805229523828736
198805230396260352
198805230492712960
198805227820957698
198805229729366016
198805231025405953
198805231520321536
198805231683895296
198805231876849665
198805232304660480
198805232489205762
198805232032022528
198805232661172224
198805232124305409
198805232795389952
198805233281941504
198805233336467456
198805233437122560
198805233692975105
198805233764270083
198805233831395328
198805233793646592
198805234745741313
198805234192093184
198805232887664640
198805234573778944
198805235030949889
198805235110641665
198805234343092224
198805235597189121
198805235349716994
198805236389904384
198805236809347073
198805237102936065
198805237161660417
198805237316853760
198805237383958529
198805237367181312
198805237706928128
198805237757263872
198805235790131202
198805238210244608
198805237828550656
198805238558371841
198805238608707584
198805238180876288
198805238700965889
198805237887287297
198805238046670848
198805239418191872
198805236322803714
198805239783108609
198805239846019073
198805239112007680
198805240017989632
198805240517103616
198805240454189057
198805241146253312
198805241314021376
198805241100107776
198805241674739712
198805242064797697
198805241284673536
198805242324860929
198805242362605569
198805242442285056
198805242467459072
198805242358403072
198805243134357504
198805243050463234
198805242735898624
198805243167903744
198805242496819200
198805243746717697
198805243482484736
198805243738329088
198805244614938624
198805241586663424
198805244937908228
198805244191313920
198805244984037376
198805245659328512
198805246800166914
198805246942781440
198805243734142977
198805247219609600
198805247030853632
198805247798427649
198805246951161861
198805248154931200
198805248066863104
198805248230428672
198805248477896704
198805248301727744
198805248553394176
198805248150745088
198805248800858113
198805248918298624
198805249048326144
198805248918302721
198805249560031233
198805249786515456
198805250172403714
198805247609671680
