198811290318274561
198811290326679554
198811290469277696
198811290511224832
198811290762874881
198811290318278656
198811290658025472
198811291010338817
198811291010342913
198811291199078400
198811291220058113
198811291341692929
198811291278774272
198811290548965376
198811291584954370
198811291597537284
198811291723382784
198811291119386624
198811291878555649
198811291899527168
198811291379437568
198811292000202753
198811292063117312
198811291995996162
198811292197339137
198811291484307459
198811292432211968
198811293178802176
198811293166215168
198811293199777794
198811292579016707
198811293145251842
198811293103292418
198811293237514240
198811293501759488
198811293090709504
198811293661147136
198811293619191809
198811293648560128
198811293786968064
198811293476597761
198811293916991488
198811294109925376
198811293468213249
198811294281900032
198811292885196800
198811293912805376
198811294374174720
198811294344810496
198811294332223489
198811294592274434
198811294621646849
198811294265126914
198811294474846208
198811294449680384
198811295011708929
198811295032672257
198811295020105728
198811294822969346
198811294537760768
198811294579699712
198811295598903296
198811295619883008
198811295317884928
198811292579008512
198811295930261504
198811295787646976
198811295372419072
198811296026722305
198811294487412736
198811296311939074
198811295968010240
198811296571985920
198811295821209600
198811296454545408
198811296328720385
198811296920109056
198811297289220096
198811297381490691
198811295691186177
198811297469579266
198811295036870656
198811296270000128
198811297620557824
198811297536679938
198811295909294080
198811297700249601
198811297045954560
198811297679290368
198811297859641344
198811297633157122
198811297096286208
198811297285025794
198811296672657408
198811298165825537
198811297402454016
198811296299360257
198811298119684099
198811297977090048
198811295083020288
198811298086137856
198811297670905856
198811298484596736
198811298350374913
198811298547511296
198811298442649601
198811298685927425
198811298732060673
198811298715279362
198811298639777792
198811298916597762
198811298941775873
198811298887245824
198811297851260930
198811299247964160
198811299084378113
198811299369598977
198811299545759745
198811297587003392
198811299273125890
198811299709337600
198811299629645825
198811298631385088
198811298664939521
198811299415724032
198811299914858496
198811301521272832
198811301026340865
198811301403828224
198811301496111104
198811301764542466
198811301726785536
198811301894561793
198811302116864000
198811302121054208
198811302188158976
198811302246887424
198811302347542528
198811301936496641
198811301710008320
198811302238498816
198811301810675713
198811302523711490
198811302544674816
198811302527901696
198811301626118144
198811302469177346
198811302532100096
198811302217515008
198811302632763395
198811302926368769
198811302808920064
198811302720843777
198811302955728897
198811302066536449
198811302913769472
198811302406258689
198811302997667841
198811303291265024
198811298417479680
198811303358377984
198811298509758464
198811303316434946
198811303467429888
198811303169638400
198811302745997312
198811303698104321
198811303693926401
198811303660355586
198811303589056515
198811303668756481
198811303970734080
198811303593263104
198811303903641601
198811304042045440
198811303945568257
198811305656848385
198811305837199361
198811305786880000
198811305837203457
198811305883348992
198811306097258497
198811306231468032
198811306164355072
198811305879142400
198811306281799680
198811306420219906
198811306009182208
198811306416021507
198811306508288000
198811306562813953
198811306835447809
198811306747367425
198811306864816129
198811306302775297
198811306780921856
198811306940317696
198811307397488642
198811307359735812
198811307435241473
198811307649146881
198811307842080768
198811307120664576
198811307795955713
198811308026634240
198811307959521281
198811307909189633
198811308160843776
198811308114722816
198811307795947520
198811308227952643
198811308307648512
198811308454461440
198811308446056449
198811308605444096
198811308659970049
198811308676747265
198811308844527616
198811308785799169
198811308559319040
198811308781608960
198811308777410561
198811309108772865
198811308760637441
198811309125533696
198811309414940672
198811309926662144
198811309129744384
198811310090240000
198811310333501440
198811309997957120
198811310262198273
198811310186692609
198811308852920320
198811310807465988
198811310954266625
198811310237024257
198811311012974592
198811310929092608
198811311059107840
198811310945861634
198811310962642944
198811311419822082
198811311486939138
198811311482740738
198811310534823936
198811311512092673
198811311612772353
198811311864430593
198811311260450816
198811311256240130
198811311960887296
198811311784726528
198811311931523072
198811311717617665
198811311675682816
198811311080087552
198811312086724608
198811312229335040
198811312309026816
198811312376127488
198811312464207872
198811312611016704
198811312611008513
198811312766189569
198811312871063553
198811312724254722
198811312971718656
198811313022042113
198811313068191745
198811312908808193
198811312480985088
198811313261125633
198811313026244610
198811313273700353
198811313433096194
198811314146119682
198811314469093376
198811314401976323
198811313844129792
198811314599100418
198811314578137088
198811314863341568
198811314888507393
198811314158710784
198811313571512324
198811315005956096
198811315182116864
198811314695573506
198811315312136192
198811315505082370
198811315362463744
198811315672850434
198811315744157696
198811315769311233
198811315035320321
198811315811254272
198811315861590016
198811315324715008
198811315865780224
198811315953860609
198811316281016320
198811316142604288
198811315261804545
198811316171968512
198811315559612416
198811316448804865
198811315966443520
198811316511719425
198811316486545410
198811315995815936
198811316658511872
198811316230692864
198811316855648256
198811316868235265
198811317010841601
198811317048582144
198811317119893504
198811317086326785
198811316901789696
198811317241520128
198811317149249537
198811316738211841
198811316532690944
198811317447032832
198811317304434690
198811318357204992
198811318386569220
198811318181036033
198811317891641344
198811317992292354
198811318491430913
198811317728067584
198811318717919234
198811318898266113
198811318571106305
198811318273310721
198811318504005632
198811318994747392
198811318533369857
198811319045079041
198811318361399298
198811319036682244
198811318831153152
198811319250599937
198811318864711681
198811319422562305
198811319535808512
198811317841297408
198811319661637633
198811319418355712
198811319737135105
198811319707766784
198811319636467715
198811319821008897
198811319770689536
198811320060088323
198811320123006976
198811320055898112
198811319523229696
198811320060088324
198811320131403778
198811319745519616
198811319837794306
198811317900021761
198811320370475008
198811320466939904
198811320584376321
198811320722784256
198811320630525954
198811320697626625
198811320592773120
198811320798294016
198811320701812736
198811320877977600
198811320877977602
198811322446659584
198811322337595392
198811322006249472
198811322656370690
198811322182414336
198811322757038080
198811322316619777
198811322287276033
198811322887045121
198811322056577024
198811322903826435
198811323230986240
198811323138719744
198811323507806209
198811323621048322
198811323453292544
198811323113541632
198811322404700160
198811323092566020
198811323964993536
198811323004502017
198811323944013825
198811323944009728
198811324136951808
198811323537170433
198811324283748354
198811324292149249
198811322220158976
198811324430561281
198811324485091329
198811324610904065
198811324581548033
198811324208259072
198811324657049600
198811324325691392
198811324757721091
198811324782878720
198811323725922304
198811324988395520
198811325080674304
198811324489277441
198811325177143297
198811325198118912
198811325378465792
198811325537857537
198811325512679424
198811325726588928
198811325344915457
198811325852426241
198811324854173696
198811326682906625
198811325978263554
198811326624169986
198811326703865856
198811326712266754
198811326808731649
198811326875840512
198811326246686722
198811326737432577
198811327005855744
198811327202988033
198811327278493696
198811327228153856
198811327408504832
198811327442067461
198811327072972801
198811327391744001
198811327072960512
198811327169437697
198811327244935168
198811326682906626
198811328238977024
198811328385777668
198811328306085891
198811328318685184
198811328314478593
198811328360628224
198811328553562113
198811328725520386
198811328905871360
198811328490647552
198811328834568192
198811328939433986
198811329170116608
198811329295958016
198811328599695360
198811329581166593
198811329753133057
198811329405005824
198811329740546048
198811329878962177
198811330113847297
198811329824428034
198811329140760576
198811330315173889
198811330420027393
198811329434357760
198811330478751745
198811330524872704
198811329988009984
198811330990448642
198811331015618560
198811331338584064
198811331309219840
198811331489562624
198811331820924929
198811331938369537
198811331481178112
198811331560882177
198811332210999296
198811332110331905
198811332567515138
198811332559126528
198811332634611712
198811332613640193
198811332768837633
198811332328431617
198811332911439872
198811332999516160
198811332668178432
198811333024694276
198811333125357571
198811332332621824
198811332743667712
198811333230215168
198811332764639232
198811333242789888
198811333477670912
198811333435723776
198811333473480704
198811333347655681
198811333548978176
198811333486063618
198811333553164288
198811333762883586
198811333934854146
198811333788045312
198811334303940608
198811334383644672
198811333632851972
198811334064881665
198811334274596866
198811334605942785
198811334626906113
198811334425575425
198811334232641539
198811334941487104
198811334501081088
198811334727577601
198811335222497280
198811335331549184
198811334756933632
198811335394476033
198811335444791296
198811335495139330
198811335574822913
198811335709032449
198811335688060929
198811335159578624
198811335071502338
198811335889403905
198811335948115969
198811335998447616
198811336023605248
198811336027811841
198811336015233024
198811336107499521
198811336325603328
198811335537082369
198811336480796672
198811336581451778
198811336178794496
198811336241713152
198811336820539394
198811336807944194
198811336111693824
198811333456691201
198811336782778369
198811337114128384
198811337248354304
198811337084764160
198811336963133440
198811337554530304
198811337122529281
198811336971526144
198811337680359424
198811337768443904
198811337911054336
198811337726492674
198811337890078720
198811337873293312
198811337965580288
198811338171105281
198811337407741952
198811337592279044
198811338137534465
198811338439536641
198811338573746177
198811338351448064
198811339257430018
198811339387453440
198811339009957889
198811339395829761
198811339496505344
198811339131584514
198811339517460485
198811339613937664
198811339555221504
198811339706208258
198811339710398464
198811339748155392
198811339651686400
198811339731374080
198811339836235777
198811339903344640
198811339869794304
198811339290968064
198811339991416833
198811340075307008
198811340125650944
198811340184367105
198811340196937728
198811340050145280
198811340637339651
198811340461187073
198811340771569665
198811340599590912
198811339102232576
198811340972888064
198811341060968448
198811337948790785
198811340960301056
198811340314378242
198811341207781377
198811341199380480
198811340545077250
198811340951912448
198811341497184258
198811341547511808
198811341283270656
198811341585252353
198811341568491521
198811341513957376
198811341681725441
198811341513949185
198811341849505794
198811342063411202
198811341753032704
198811342411530240
198811343736930304
198811343145541633
198811343736942593
198811343195873281
198811343447523329
198811343703375872
198811343896322052
198811343879544832
198811343934074880
198811343497871360
198811344068288513
198811344106037248
198811343531409409
198811344269623296
198811344345116673
198811344542248961
198811344588386304
198811343992799232
198811344286384128
198811344802295809
198811344764551172
198811345016201216
198811344911351808
198811342914846720
198811335050526720
198811345087496192
198811345100091392
198811345079119873
198811345171390465
198811345280446464
198811345339166721
198811345074913281
198811345607606274
198811345704062977
198811345498542082
198811345649545216
198811345003610112
198811345636958208
198811345897009153
198811345997672450
198811346039611392
198811346110922754
198811346001854464
198811345825693696
198811345687285760
198811345817305088
198811346513567744
198811346027032577
198811346500984833
198811346719096832
198811347914473472
198811348073852928
198811348027707392
198811348254195713
198811348245815296
198811347868319744
198811347868336128
198811348384219136
198811348396806147
198811348262596608
198811348610723840
198811348593946624
198811348547809280
198811349114040322
198811349176958976
198811348870774784
198811349168562176
198811349193719809
198811349197930496
198811349420220418
198811349420224512
198811349453766657
198811348732346369
198811349617352707
198811349361500162
198811349273419776
198811349902565376
198811349902569474
198811349982261249
198811350003224578
198811350103887872
198811349848035328
198811350313615364
198811349793513472
198811350401679361
198811349529264128
198811350363942913
198811350540091393
198811350468800512
198811350582046720
198811350733029377
198811350800150529
198811350867255297
198811350925967360
198811350468796416
198811351198601217
198811351139889152
198811350623985664
198811351169241088
198811351508983810
198811351899049984
198811352087797761
198811352301715456
198811352289132544
198811352029085696
198811351991336960
198811352658214912
198811352326881280
198811352792449024
198811352897298432
198811352926658560
198811352343654402
198811353136369664
198811352800829440
198811353283170304
198811349613162498
198811353232842755
198811349671878656
198811353568378882
198811353580965888
198811353622917121
198811353601937408
198811353669058561
198811350506536960
198811353861980162
198811354155597824
198811352716935168
198811354038153216
198811354331754497
198811354453393410
198811353929101313
198811354386272257
198811354109460480
198811354512105472
198811354512101377
198811353367064576
198811354726014977
198811353199292417
198811354050723842
198811354788937729
198811354751188995
198811354956693504
198811354520498177
198811355057356800
198811355086729216
198811354939920385
198811355338387456
198811355216752640
198811354981859329
198811355472605185
198811356256927744
198811355581652992
198811356328230913
198811356378570752
198811356529573888
198811356491812864
198811356059799553
198811356739284992
198811356718313475
198811356248555520
198811356785410050
198811356919627776
198811356961570817
198811356068196353
198811356206600193
198811357116768257
198811357104185345
198811357146120192
198811357674618881
198811357624274944
198811357838192640
198811358219874304
198811357632659457
198811358253432835
198811358278582272
198811357834002433
198811351781621760
198811358458941440
198811358060482561
198811358471532546
198811357901103104
198811358463131648
198811358190514176
198811358798675968
198811358773522433
198811358807068672
198811358932910081
198811358874177536
198811358547017730
198811359071318016
198811359192956930
198811359083896832
198811359130034176
198811358547025920
198811359310397443
198811359356534784
198811358744154112
198811359566249984
198811359616569344
198811359637540864
198811360551895040
198811360505765889
198811359805313024
198811360224739328
198811360740642817
198811360681918464
198811360715481089
198811360702889985
198811360723861506
198811360908419072
198811361151696897
198811361378185216
198811361483030531
198811361625645057
198811361696952321
198811361675972608
198811361613070336
198811361516584960
198811361814396930
198811361919242243
198811361868914688
198811361831161858
198811362074431489
198811362099597312
198811361852129281
198811362305118208
198811362317697024
198811362397405186
198811362674221056
198811362560978945
198811362334490624
198811362821017600
198811362208649217
198811362204450817
198811362976215041
198811362590326784
198811362116378624
198811363085254657
198811363164958722
198811363261415424
198811363206889474
198811363404029952
198811363299180545
198811363164958721
198811363567616001
198811363622129664
198811363060097024
198811363450163202
198811363865407489
198811363974459393
198811364414861312
198811364310007809
198811363848630272
198811364620378112
198811363894755329
198811364217733120
198811364670705664
198811364448407552
198811364427448320
198811364909789184
198811364335169538
198811364981096449
198811364171587599
198811364842668032
198811365098536960
198811365207576577
198811364859449344
198811365371150336
198811365044011008
198811365652180993
198811365769609217
198811365849300994
198811365845110786
198811365891248128
198811365836726272
198811365891260417
198811365845123073
198811366059020289
198811366038056960
198811364939145218
198811366159691777
198811366025474049
198811366004502530
198811366428127233
198811365887049730
198811364058341376
198811367086628864
198811367149535233
198811366738509824
198811367329902592
198811366713331712
198811366574919682
198811366696554496
198811367564775425
198811367078236160
198811367661256704
198811367917092864
198811367854190592
198811367900319744
198811368059699200
198811368630136832
198811368722415616
198811368193933312
198811368135213056
198811368110030848
198811368902762497
198811369406087168
198811369246691330
198811369032794112
198811369901010944
198811370077159426
198811370005856256
198811369804537856
198811368898568192
198811370270105600
198811370215575553
198811370211381248
198811370412716033
198811370207182849
198811370874089472
198811371079614464
198811370785996801
198811371104780289
198811371188658176
198811371125739520
198811371268354048
198811370836336640
198811371226411008
198811371092197376
198811371469680640
198811371599704065
198811371146711040
198811371234799616
198811371696177152
198811371750690817
198811370890870785
198811371729727488
198811372283375616
198811372321116160
198811372451135488
198811371893301248
198811372581167105
198811372518256642
198811372757336065
198811372014936064
198811372178509824
198811372853800962
198811372954456067
198811373059325952
198811372748947457
198811372807655424
198811372702806016
198811372644089856
198811372736360448
198811373285801986
198811373348728832
198811372581158913
198811372618915840
198811373562642433
198811373763964928
198811373701038082
198811373545861120
198811373730414592
198811373814292480
198811373449379841
198811373176762368
198811373831073792
198811374053376000
198811373768163328
198811374158221313
198811374309212162
198811374439243776
198811374456029186
198811374573453313
198811374158229505
198811374162419713
198811374699290625
198811374376325120
198811374833512450
198811374929985537
198811372665044992
198811374892232705
198811375248736258
198811375315857409
198811375135506432
198811375466840064
198811375441686528
198811375538143232
198811375085166592
198811375911444482
198811374049181696
198811375974350849
198811376020492289
198811377031327745
198811376934850562
198811376653828098
198811376733519874
198811376913891328
198811377014550529
198811377085849602
198811377106829312
198811377111023616
198811377379454978
198811377450745857
198811376788062208
198811377807269888
198811377807265792
198811377786290178
198811377878577152
198811377639505921
198811377912123392
198811377538842624
198811378042155008
198811378159599616
198811378243473408
198811378147000321
198811378214109185
198811378297995265
198811377597546496
198811378054733826
198811377819860992
198811379082346497
198811379086528512
198811379111702528
198811379136860161
198811379178811392
198811379296247809
198811379375947776
198811379615014912
198811379480788994
198811379174604801
198811379887644672
198811379749232640
198811380063801346
198811380235763713
198811379740835840
198811380428709888
198811380164460544
198811380764254208
198811381112389632
198811380965588993
198811381221441536
198811381267570690
198811380143501313
198811380973969408
198811380575506432
198811380885889024
198811381414363136
198811381385011201
198811381632479232
198811381477281792
198811381645053952
198811381728952320
198811381489860608
198811381892513792
198811381838004225
198811381942853633
198811381951250432
198811382370672641
198811381968015360
198811382530052096
198811382504882177
198811382106439680
198811382613934080
198811382697836545
198811382592970756
198811382702022656
198811382752362497
198811382647488512
198811380588093440
198811382945292288
198811382903353346
198811382844620801
198811382651691009
198811383272448001
198811382827843584
198811383473778688
198811383679299584
198811383444414464
198811383960322049
198811383972904962
198811384178417664
198811384040013824
198811383855448064
198811384551702528
198811384358776833
198811384274894850
198811384623013888
198811384786595840
198811384392335360
198811385105362944
198811385449291778
198811385457672193
198811383935152128
198811385034047488
198811385751273472
198811385826775040
198811385893896192
198811385931628545
198811386019713024
198811386225238016
198811386120372225
198811386476896257
198811386455920640
198811386451734528
198811386497875968
198811386426572801
198811386799861762
198811386250407938
198811386791477248
198811386791469057
198811386850193409
198811386439143424
198811386963435520
198811387118628864
198811387118620672
198811387244445696
198811386720169985
198811386929876992
198811387491913728
198811387412234240
198811387672281089
198811387898761216
198811387936514049
198811387940700160
198811387449974785
198811387978448896
198811387840049152
198811387714220033
198811388196569088
198811388183986176
198811388162998272
198811388389494784
198811387877793792
198811388452405248
198811388012011520
198811388490162176
198811388699873282
198811388951527425
198811389022846976
198811388242694144
198811389639397377
198811389538734080
198811389815562240
198811389891063808
198811389970751488
198811389865885696
198811388464988161
198811388389498880
198811390344036352
198811390465687553
198811390369202178
198811390427938818
198811390360829952
198811387173142529
198811390818004992
198811391262601217
198811391010934786
198811391472308227
198811391312936961
198811391518441473
198811391564582912
198811391065473024
198811391778500608
198811391786885120
198811391866576898
198811391937888256
198811391480692739
198811392189538306
198811391317118978
198811391916900353
198811391568777216
198811391774306305
198811392432799744
198811392567029760
198811392281812992
198811392357306370
198811393229717504
198811393544298496
198811393615593476
198811393598832641
198811392688660481
198811392927744001
198811393816920065
198811393951154177
198811393913389056
198811393858871298
198811393590431746
198811394043412480
198811394148270081
198811394337030146
198811394307661824
198811394609643521
198811394647404544
198811394722897920
198811394781609984
198811394370568192
198811394639011840
198811395096182784
198811395276537856
198811395251372032
198811395414966275
198811394496405507
198811395465293824
198811395544985600
198811395570155520
198811395704356868
198811395779862528
198811395805032448
198811395922477061
198811396014739457
198811396115398657
198811395217821696
198811396274786304
198811396077654016
198811396614529024
198811396568395778
198811396518055937
198811396580978688
198811396740349952
198811396266409984
198811396706803712
198811396291559427
198811396656480256
198811395796643841
198811396929101824
198811396568395779
198811397134630912
198811397004603393
198811397147205633
198811397205929986
198811397348524032
198811397382078466
198811398044790784
198811397952507904
198811398128664576
198811398090932226
198811397994463234
198811398179000322
198811397285613569
198811397734404096
198811398661357570
198811398044778496
198811398669737985
198811398829125632
198811398007029760
198811395117154304
198811398925582337
198811399139504129
198811399147880449
198811398833307648
198811398728462337
198811398732656641
198811399642820611
198811399680573440
198811399764447233
198811399848329216
198811399634427904
198811400045473794
198811399772839936
198811399651201025
198811400238407681
198811400267767808
198811400108384256
198811400859168770
198811400976613376
198811401077268482
198811401161146368
198811401387642880
198811400699785216
198811401404432386
198811401312157696
198811401588973568
198811401748361216
198811401865797632
198811401811279872
198811401769336834
198811401383448581
198811402130034693
198811401790291968
198811402385883136
198811402566254592
198811402692067329
198811402637557760
198811402276831232
198811402838884353
198811402713042945
198811402910183424
198811401412808705
198811403161829377
198811403392524288
198811403589664769
198811403501576193
198811403782594561
198811403770019840
198811403325407232
198811403296055296
198811404105555968
198811404105555970
198811403614822402
198811404701147139
198811404663394304
198811403363160064
198811404839563266
198811404793425920
198811404243968000
198811405087019008
198811405149929472
198811405183496192
198811404961185793
198811405351268352
198811405258993665
198811405485486081
198811405623885824
198811406055903232
198811405976219650
198811406253039617
198811406206910464
198811406588575745
198811406613753856
198811406697627649
198811406978658304
198811406919933954
198811406601170944
198811406819262464
198811406244651008
198811406559223808
198811407070920704
198811407624568832
198811407846875138
198811407939149825
198811407393898497
198811408006262785
198811407968501761
198811407834288128
198811407981088768
198811407117062144
198811406836043777
198811407637151746
198811408295657473
198811407456796672
198811408035610624
198811408119504899
198811408509571072
198811408480206850
198811408064983041
198811408593469440
198811408698322944
198811409071616000
198811409126129665
198811408870289410
198811409348444162
198811409298096130
198811409390387200
198811406072684545
198811408731877377
198811409499426817
198811406039126016
198811409499426816
198811409637851136
198811409084203008
198811409579126785
198811410057265152
198811410095026176
198811409340047360
198811410220859392
198811410006945793
198811410459918337
198811410589954048
198811410661257216
198811410623504384
198811409444896769
198811410753519616
198811410208264193
198811410975825920
198811411328143361
198811411193921536
198811411386875904
198811411416236032
198811411189743618
198811411567218688
198811411873411073
198811411009388545
198811411495915520
198811411885985795
198811411328155648
198811411885985792
198811411722416128
198811412594823169
198811412129255424
198811412703883264
198811412972310528
198811412863270912
198811412599025665
198811413286895616
198811413228158977
198811412800348160
198811413102338049
198811413312057344
198811413551132672
198811413718908929
198811413567913984
198811413609857025
198811413668577280
198811413098151936
198811413911842817
198811413609840640
198811414004121602
198811413857316864
198811414058639363
198811413429501952
198811414037659648
198811413773434880
198811414088007680
198811414129942528
198811414247374848
198811414243196928
198811415044308993
198811414771666944
198811415388237824
198811415090442240
198811415044292610
198811414939451393
198811415740555264
198811415014944770
198811415572791296
198811415979626496
198811416029970432
198811415958667265
198811415455350784
198811416201924609
198811416315166720
198811416399065088
198811415929303040
198811416441008128
198811416390680579
198811416596197378
198811416512311296
198811416612966401
198811416805912576
198811416826888192
198811416839454720
198811416994648065
198811416990466048
198811417149841408
198811417346981888
198811417221136384
198811417418268672
198811416956907522
198811416059314176
198811416877219840
198811417401507840
198811417544097793
198811417627996160
198811417682526208
198811417640583168
198811417804152832
198811418051620865
198811418139688960
198811418177441794
198811418177437696
198811418160664577
198811418202611712
198811418223587328
198811418533953536
198811418332631040
198811418445877248
198811419121172480
198811418605273088
198811419364438017
198811419544797188
198811419490263040
198811419792252928
198811419439939585
198811419221835779
198811420463349760
198811419817426944
198811419767078912
198811420433981442
198811420442365952
198811420786298880
198811420773728257
198811420459147265
198811420970852353
198811420845027329
198811420975042561
198811421172183040
198811421092478977
198811421088284672
198811421281226752
198811420756951043
198811421528690689
198811421570633728
198811421490950144
198811421717438464
198811421688078338
198811421897793537
198811421885202434
198811421339942912
198811421948129280
198811422044594176
198811421637750785
198811422128476161
198811422325608448
198811420618534912
198811422392725504
198811422568882176
198811422539513856
198811422531133440
198811422145253377
198811422598242304
198811422984118272
198811423135121408
198811423164469249
198811423122534404
198811423311265792
198811423411945472
198811423495815168
198811423500017664
198811423474855937
198811423688761344
198811423785234432
198811423655198722
198811423713927168
198811423831375872
198811424045268992
198811423776849923
198811423927832577
198811424154320896
198811423445487617
198811424385024000
198811423609069568
198811423843950592
198811424481488897
198811424435355649
198811424779280385
198811424850591747
198811425165152256
198811425089650688
198811423797809153
198811425387454464
198811425509093377
198811425479733248
198811421058924545
198811425395843072
198811425647493120
198811425785905153
198811425840439299
198811425798504450
198811425869799424
198811425894961153
198811425475526657
198811425353895936
198811426083708929
198811426134036480
198811426117267457
198811426490560512
198811426519920640
198811426515722241
198811426729635841
198811426159202305
198811426473787392
198811427367161856
198811427455250433
198811427572686848
198811427362971648
198811427639795712
198811427522355200
198811427857895426
198811427102928896
198811427820146688
198811428046651393
198811428218613762
198811428487045120
198811427966947328
198811428877115394
198811428801617921
198811426914181120
198811429082640388
198811428931649536
198811428780646400
198811429145559040
198811429254606848
198811429535629312
198811429569167360
198811429527232513
198811429070057472
198811429871161344
198811429724372992
198811429879562241
198811429971836928
198811430093459456
198811429942472705
198811430106054656
198811429413994497
198811429820829698
198811430332538880
198811429686620162
198811430382874624
198811430357700611
198811430206705666
198811430454173697
198811430437404673
198811430751969281
198811430298980354
198811430647107584
198811430588399616
198811430462570496
198811430940712961
198811430324154368
198811431204958208
198811431351754752
198811431670517760
198811431607599106
198811431687307265
198811431775379456
198811431590830080
198811431855063040
198811430898774017
198811431884427265
198811431347568641
198811432010268673
198811432119304192
198811431381123073
198811432161251329
198811432115109888
198811432136093696
198811432505180161
198811432735883265
198811432807182336
198811432853307392
198811432538742784
198811433021091841
198811432920420353
198811433104973826
198811433146925057
198811433272741888
198811433461489665
198811433599909889
198811433700573184
198811430076682240
198811433553768449
198811433566351360
198811433281138689
198811434065465344
198811434136764417
198811434178723840
198811433700564992
198811433843179521
198811434610720768
198811433989967873
198811434677837825
198811434904330241
198811434996600832
198811435101462529
198811435168575491
198811435210522624
198811435546066944
198811435483144192
198811435613171713
198811435306979328
198811436619800577
198811436271669248
198811436858884096
198811435579604992
198811437282500608
198811436913405954
198811437479628801
198811437806788608
198811437227974657
198811437798404096
198811438133944321
198811437907447808
198811437618053121
198811438226219008
198811437978750976
198811438767284224
198811438515634176
198811438742126593
198811439023144961
198811439052492800
198811439035715584
198811439136387075
198811439161548800
198811439161540610
198811439304159233
198811439492902912
198811439635505152
198811440042356736
198811439773925378
198811439962656769
198811440113664000
198811440432431106
198811439828434944
198811440524689408
198811440730222593
198811440231096320
198811441204170752
198811441397108738
198811441304842242
198811440197545985
198811440931545088
198811441883656193
198811441330012160
198811442022060034
198811442013675523
198811442047238147
198811442319851520
198811442412142593
198811442768646145
198811442416328705
198811442529583105
198811442965790720
198811442588295168
198811443246800896
198811443167113217
198811443351658496
198811443422957568
198811443343261697
198811443431350274
198811443498463234
198811443594919936
198811443662028800
198811443326484480
198811443712360449
198811443137753089
198811443913699328
198811443443941377
198811443720749059
198811444396036096
198811444270211072
198811444211490816
198811443745927168
198811444668661761
198811444672864257
198811444450570240
198811444869992448
198811444979044352
198811445339758593
198811443137748994
198811445121662976
198811445453008897
198811445331374082
198811446027632640
198811444391845888
198811446048587776
198811446061178880
198811445662715904
198811445671104513
198811446178627584
198811446228942849
198811446304452608
198811446031826944
198811445943734273
198811446715486208
198811446883254272
198811446782603264
198811446367354880
198811447445299200
198811447478853632
198811447583707139
198811447256547328
198811446728069120
198811447642427394
198811447474655234
198811447957008386
198811448032501760
198811448078635008
198811448330301444
198811448284164097
198811448598736896
198811448770691072
198811448825233408
198811448917504000
198811448783282176
198811449068494848
198811449282400257
198811448783290370
198811449576005632
198811449592786944
198811449928331265
198811450179981312
198811450079322114
198811450226130944
198811450163216384
198811450213535744
198811450477780994
198811450473582592
198811449701830656
198811450414874625
198811450872045569
198811451077558272
198811451014656002
198811451085946880
198811451044007936
198811451153055744
198811451295670275
198811448837799939
198811449617956864
198811451694133250
198811451111120896
198811451236958208
198811451471831040
198811451341807616
198811452247777281
198811451987726336
198811452218425345
198811451207589888
198811451866091520
198811452499443712
198811452461686785
198811452713353216
198811452629450753
198811452574937088
198811452704964609
198811452751097856
198811452256165889
198811452755288066
198811452906283009
198811452889513985
198811452923064320
198811449274015745
198811453069860864
198811453283766272
198811452910485505
198811453468311554
198811453514457089
198811453548019712
198811453690626048
198811453753524224
198811453866782721
198811453996793856
198811453904523264
198811454139408384
198811454248456192
198811454349127680
198811454584008705
198811454537871360
198811454709825538
198811451358584832
198811454776938497
198811454613360641
198811454827282433
198811455011823616
198811455141847041
198811455125065728
198811455309611008
198811453522841601
198811455208947714
198811455502561280
198811454793728000
198811455972319232
198811455519338497
198811456228167680
198811455586443264
198811456253341696
198811455120883712
198811456479821824
198811456127504384
198811456672759811
198811456572096512
198811453925507073
198811456941203456
198811457004118017
198811457096396801
198811457125744640
198811457083813888
198811457012506624
198811457192857601
198811457226424320
198811457046069248
198811457700372480
198811457251586048
198811457796849665
198811457842987008
198811458031722498
198811457440329728
198811458048503810
198811458379853824
198811458388246528
198811457331265537
198811458895740929
198811458975436801
198811458132385792
198811457180286977
198811459432611840
198811453191487490
198811458270793728
198811459638136832
198811459172581376
198811460049186816
198811460099506176
198811459839471616
198811460477001728
198811460602830848
198811460313419777
198811460665753601
198811461034840066
198811461051621379
198811461034852356
198811461177446400
198811461580107776
198811461294895111
198811461139693568
198811461701734401
198811461777231872
198811461693345792
198811461676572672
198811461848547328
198811461949210625
198811461433303040
198811462075031553
198811462070841344
198811462079234048
198811462561570816
198811462444122112
198811460611227649
198811462305714176
198811462788055040
198811462574161921
198811463148781568
198811463035535360
198811463060688897
198811462385401856
198811463232659456
198811463144579072
198811463350091776
198811463618539521
198811463752761344
198811464117649408
198811464100888578
198811464289628160
198811463652098049
198811464461594625
198811464591605760
198811464872624128
198811461517180928
198811463991836673
198811464784556032
198811464830681088
198811463866003456
198811465552105472
198811465627598849
198811465707294720
198811465858289664
198811465979928577
198811465979924480
198811466349035520
198811466617470977
198811466596491264
198811466571333632
198811466588102656
198811466860732417
198811465728278530
198811466474852352
198811466516807680
198811467204673536
198811467435360256
198811467401797633
198811466684563457
198811466797813760
198811467817033729
198811467791867905
198811465912823809
198811468114833408
198811468160974849
198811467825418243
198811468173545472
198811468551028736
198811468844630019
198811468504895488
198811468853035009
198811469155008512
198811469352140801
198811469255675905
198811469410869249
198811469339566080
198811468978860035
198811469775777793
198811469641551872
198811469972910081
198811469977096193
198811470211973120
198811470467837952
198811470513971200
198811470505574401
198811470606249984
198811470618820608
198811470706909184
198811470329430019
198811470748844033
198811470786596865
198811470388146176
198811471046643712
198811471495442432
198811471495434241
198811471625457666
198811471734513665
198811471810019328
198811471117959169
198811472254599169
198811472426569728
198811472460120065
198811472489480194
198811472636289025
198811472598536192
198811472950857728
198811472841818112
198811473051533315
198811473068298240
198811473152180226
198811473441603584
198811473445793795
198811473605169152
198811472804061184
198811473416433664
198811473034756096
198811473303183360
198811473881997312
198811473626140672
198811473991053312
198811474146242560
198811473525489667
198811474234322944
198811474318213123
198811474599219200
198811474687299585
198811474871853057
198811474796359680
198811474729250819
198811473689055232
198811474561474560
198811475232563201
198811475048022016
198811475115126785
198811475509391360
198811475471634433
198811475534561282
198811475639414784
198811475647795200
198811475765248000
198811475555528705
198811475287097345
198811475333234689
198811475857518592
198811475886874625
198811475832340481
198811475991732224
198811476201439234
198811475987542016
198811476264357889
198811475643604992
198811476578926592
198811476667023360
198811476734119936
198811476792852480
198811477065469952
198811476247588864
198811477099020290
198811477296156672
198811476818014208
198811477723979779
198811477099024384
198811477845606401
198811478051127296
198811476797034496
198811476742512640
198811478248275971
198811478516699136
198811478361518080
198811479078744069
198811478730612736
198811476667011074
198811479171022849
198811479502364672
198811479611412480
198811479682727936
198811479603036161
198811479795974145
198811479837904896
198811479741431808
198811479858880514
198811479749832705
198811480219586560
198811479728865280
198811480332840961
198811480341225473
198811480525766658
198811480462860288
198811480332840960
198811480685158400
198811480018272256
198811480878088192
198811479871471617
198811481284939778
198811480718708736
198811480248954881
198811481557577728
198811481171693568
198811481331089409
198811480378970112
198811481746313216
198811481830211584
198811481494659074
198811482056691712
198811482136383489
198811482216071168
198811482228654080
198811482258022402
198811482086055936
198811481926668289
198811481108783107
198811481914093569
198811482178330624
198811482333528064
198811482580992002
198811482375467008
198811482622922753
198811481637269507
198811482811678720
198811482291580931
198811482962669570
198811482945896448
198811483038167040
198811483285622784
198811482832637952
198811482929102849
198811483424030720
198811483390476289
198811483327569920
198811483558264833
198811483373711360
198811483486945281
198811483075915777
198811483923165185
198811484019630081
198811483445014528
198811483809923072
198811484384538624
198811484401307648
198811484317417474
198811483566649345
198811484405506048
198811483667316736
198811484732669953
198811484753625089
198811484757819393
198811485080784896
198811485319856129
198811485298896897
198811485231779840
198811485361799169
198811486074830848
198811485835767810
198811486376828932
198811486305525762
198811486745919490
198811486787866624
198811486162915328
198811486435545089
198811486892732416
198811486901125120
198811487085662208
198811487198916609
198811487203106816
198811487018549248
198811487870005248
198811488000032768
198811487962271745
198811487937105920
198811487404441603
198811488377511938
198811488465584130
198811488541081604
198811488583028736
198811487408623616
198811488725639168
198811488532692993
198811488599805952
198811488138428420
198811489283485696
198811489304461312
198811489358970880
198811489333821440
198811489610637314
198811489245732865
198811489199603712
198811488805335041
198811490109759490
198811489572892672
198811490361425920
198811490256564226
198811490231390208
198811490432724992
198811489946177541
198811490533380096
198811490134917121
198811490512404480
198811490826981378
198811490986360833
198811491279974403
198811491225436162
198811491363856384
198811491565174785
198811491737145346
198811491128975361
198811488369127425
198811490151698432
198811490680184833
198811491246407682
198811491862970368
198811491821039616
198811492005580800
198811492089479168
198811492143992834
198811492072697857
198811492638916608
198811492852834304
198811492617957376
198811493029003265
198811493066747904
198811493016403968
198811492857024513
198811493708472322
198811493767200768
198811493813329920
198811493020602368
198811493859471360
198811493595230209
198811493712670723
198811493448433665
198811494375370753
198811494719303682
198811494320844802
198811491758120961
198811493976915968
198811492911550464
198811494769627138
198811494421499907
198811494949986304
198811495147122688
198811494748659714
198811493721055234
198811494719291393
198811495293927424
198811495520411648
198811495449104384
198811495117762560
198811495201644546
198811495428141056
198811495495254018
198811496032124929
198811496296349696
198811495797235713
198811496459939840
198811497139421184
198811497332342785
198811497227501568
198811497567227904
198811497479155712
198811497667895297
198811497084891136
198811497827270657
198811497894391808
198811498116685825
198811496992620547
198811497403662336
198811498204762115
198811498062163968
198811498590650368
198811498246717440
198811498414485504
198811498783576064
198811498821328896
198811499123310593
198811498691309569
198811498942971908
198811498687111168
198811499530158081
198811499735691265
198811499773444096
198811499769245696
198811499442094080
198811500234801153
198811500209643521
198811500264169472
198811500331282432
198811500213833728
198811501082058752
198811500637462528
198811500998168577
198811501115609088
198811501262405633
198811501405020161
198811501455351808
198811500536795137
198811501371465729
198811500775870464
198811502042558464
198811502088687617
198811502319382529
198811502302597121
198811502768160768
198811502919159811
198811502302609408
198811503015641088
198811502671695873
198811503544115203
198811503707701248
198811503544107009
198811503946764289
198811503355379712
198811504198418432
198811503921606657
198811504282316801
198811503753830400
198811504424919040
198811504194232320
198811504538173441
198811504542359552
198811504768851969
198811504676581376
198811504945020928
198811504798212097
198811505028894720
198811504550739968
198811504462671875
198811504986963968
198811504580116482
198811505192480768
198811505020506115
198811504743694336
198811505830014978
198811505922293762
198811506303971328
198811506203308032
198811506345918466
198811506438176768
198811506136190977
198811506735972352
198811506257825792
198811506907955200
198811506408824833
198811505091805184
198811507075715074
198811507222528000
198811507105083394
198811505934864386
198811507499343872
198811507767783425
198811507688083456
198811507717455872
198811506517884929
198811507948134400
198811507943931905
198811508023623681
198811507604193280
198811507755196418
198811508380147712
198811508363374592
198811508292063232
198811508631805953
198811508929593344
198811509277728768
198811508640186370
198811509672001537
198811509579710466
198811509655216128
198811509894287360
198811509776855040
198811509898485760
198811509890101248
198811509961400320
198811510062063616
198811510011740161
198811509739102208
198811510322118657
198811510464716801
198811510779285505
198811510078844929
198811510053679104
198811511106453504
198811511043522561
198811510997385216
198811511077093376
198811511471345664
198811511366496256
198811511609753600
198811511739789313
198811511743971328
198811511764959232
198811511219687424
198811511886589952
198811511848828929
198811511899164673
198811511941103617
198811512314404865
198811512511528960
198811512494768131
198811512633163778
198811511131611137
198811512742232065
198811512800940032
198811510854787073
198811512855474176
198811512398286848
198811512947748864
198811513052594176
198811512658337792
198811513203593216
198811513371369472
198811512809332737
198811513799184384
198811513748856833
198811513857916928
198811512440238080
198811514038259712
198811513975341056
198811513874685952
198811513480429568
198811514499637248
198811514428325888
198811514499637249
198811514017284096
198811514629664768
198811514839375874
198811514621276161
198811514898104320
198811514830991361
198811514822598656
198811515531427840
198811515418198016
198811515556601856
198811515669856256
198811515732766720
198811515820834816
198811515548209154
198811514927452161
198811516244459522
198811516231884800
198811516336750593
198811516462575616
198811516483543041
198811516844261376
198811516668088320
198811517129461762
198811516928131072
198811516240265218
198811517083332608
198811517251092481
198811516391264256
198811516894584834
198811517485989889
198811517653749760
198811517301436416
198811517431447558
198811518148677634
198811518148685824
198811518484217856
198811518429704194
198811518446469121
198811518790410240
198811518819770371
198811519063040001
198811519239208960
198811519146917889
198811518572302338
198811518916231168
198811518815576065
198811519847378945
198811519910297602
198811520203882496
198811520807870464
198811520447156224
198811521403457536
198811521239887873
198811521017589761
198811521093091328
198811521076297728
198811521487347712
198811521877409792
198811521952923648
198811521793531904
198811521445412864
198811521705447424
198811522447851520
198811521730609153
198811522200375296
198811521965506560
198811522603036673
198811522875658240
198811522863071233
198811522384928768
198811522212966400
198811523060215808
198811523030851584
198811522582065152
198811523131518976
198811523412525056
198811523236368386
198811523706138624
198811523529977856
198811524024905729
198811524012314624
198811524192681986
198811523739680768
198811524016508929
198811520820453377
198811524448518145
198811523844538368
198811523878100995
198811524607913986
198811524796657664
198811523131523073
198811524888924164
198811525421596673
198811525031526403
198811525358682112
198811525375463424
198811525262225408
198811525576798210
198811525367078912
198811525505499136
198811525706809344
198811525983645696
198811526109466624
198811526084313089
198811525543239681
198811526063329280
198811526424035329
198811526562463744
198811526239490049
198811526138830848
198811526751191040
198811526805716992
198811525824253953
198811527095132160
198811527170629632
198811527111909376
198811527246123011
198811525580988416
198811527434878976
198811527304843265
198811527233540096
198811527271297024
198811527497781248
198811527703306242
198811527896240129
198811527854297089
198811528164675585
198811528265347073
198811528454086658
198811528357617664
198811528928047104
198811528869314561
198811528655421440
198811529129377792
198811529154543617
198811529116786689
198811529188089856
198811529364258816
198811528739307522
198811529947250688
198811530136002560
198811529532026880
198811530450571265
198811530475745281
198811530702233601
198811530047913984
198811530756759554
198811530786127872
198811530987454464
198811530865807360
198811531054546944
198811530219896832
198811531104878592
198811531062943744
198811531125858306
198811531201363972
198811531469783040
198811530819665920
198811531620777986
198811531771777024
198811529074839552
198811531805343744
198811528751890432
198811531658543105
198811532086353922
198811532077973504
198811531872436225
198811532132499458
198811532174438401
198811532375756801
198811532333821953
198811531473993729
198811532430295041
198811531939553280
198811532170240001
198811532564508674
198811533231407105
198811533361430528
198811533000704001
198811532832931840
198811533554368513
198811533130731520
198811533688569858
198811533868929024
198811534003150848
198811534225457153
198811534284177408
198811534070259713
198811534393217024
198811534334500864
198811534359670786
198811534447738880
198811534795866112
198811530907750400
198811534426783744
198811534993006592
198811534284169216
198811535097856001
198811535123038208
198811535404040192
198811535374688258
198811535693463552
198811536062545920
198811536138059776
198811536368742401
198811536012230657
198811535802499072
198811536662343680
198811536788176897
198811536951738369
198811536737841152
198811537400532992
198811537396338690
198811537333428224
198811536721068032
198811537606062080
198811536024801283
198811537526362113
198811537899651073
198811537983537152
198811537979359232
198811538163900416
198811538268753920
198811537878695938
198811538499452929
198811538700763137
198811538402983937
198811538923073536
198811539015335937
198811538214236160
198811538725941249
198811538549784577
198811539141173248
198811538847563777
198811539438968832
198811539191508992
198811539636101122
198811538767884288
198811539082457088
198811539900338176
198811539984224256
198811539967459329
198811539803877376
198811539904540672
198811540428832768
198811539992621057
198811540219117569
198811540936339458
198811540986675201
198811540500135936
198811540617564160
198811541250904065
198811540873412608
198811541624193024
198811540349136896
198811541544501249
198811541787783168
198811540894384128
198811541825519616
198811539925499904
198811541708091394
198811541565480960
