198845516069601280
198845517189492737
198845517256601601
198845517676019712
198845520758849536
198845520783998976
198845520075169792
198845521392185344
198845519496355841
198845523988451329
198845525800386561
198845526073032704
198845526706364416
198845528224706560
198845529256497152
198845530388959232
198845527696211969
198845530695155712
198845532003762176
198845532301557760
198845532985245696
198845532830056448
198845532909735936
198845533064933376
198845533643747328
198845534625202176
198845534872682497
198845537322143744
198845538135834624
198845537938714624
198845538915987457
198845539419295744
198845539356377088
198845539893264384
198845540228808704
198845539960369152
198845540664999936
198845539863887872
198845542825082880
198845543278063616
198845543768788992
198845544364376064
198845545819811840
198845545865945088
198845546457333760
198845543575859200
198845547518504960
198845548701286400
198845548705492993
198845548822921216
198845549678567425
198845549926023168
198845549548552192
198845550131548161
198845550550986754
198845550085419008
198845552593608705
198845552295821312
198845552706846720
198845552920768512
198845553851908096
198845554762059776
198845554892087296
198845555277971457
198845556557217792
198845557127659520
198845557920374784
198845558696312832
198845560743149568
198845560831229952
198845561456173056
198845561057722369
198845562945146881
198845564002107392
198845564312494080
198845564555755520
198845566153801728
198845567072346113
198845567462420480
198845568527769601
198845569836396544
198845569941245952
198845570599755776
198845570704609280
198845571069513728
198845573686763520
198845573812596737
198845575561621504
198845577415495680
198845578245980161
198845580154372096
198845579986608128
198845581727240192
198845581815320576
198845581412663296
198845582889074688
198845583908274177
198845584709390336
198845584835231744
198845587607666688
198845588060635136
198845588299726849
198845588249387008
198845588735922177
198845588924669952
198845589096640512
198845589780303872
198845591202181120
198845592926035968
198845590363320320
198845596226961408
198845596247920640
198845598001147904
198845597502013441
198845598638686208
198845598961647616
198845599922135040
198845600471588864
198845600995872768
198845600274456576
198845602749087744
198845603873173504
198845604393254912
198845606716915712
198845607719346176
198845608713388032
198845609178963968
198845610965733376
198845613100646400
198845613297770496
198845614887407617
198845615445245952
198845616468656128
198845620088344576
198845618846838784
198845620730077184
198845623364104192
198845627268988928
198845627638087680
198845628208525312
198845629772992512
198845630720901120
198845632188923904
198845633300402176
198845634206375936
198845633602400256
198845636882345984
198845637024952320
198845636903317504
198845639562506240
198845640262955009
198845641248612352
198845641621905408
198845646755729408
198845645845573632
198845647326167040
198845648336994304
198845650882936832
198845651163947008
198845652409647104
198845653265297409
198845653919596545
198845655320506368
198845655421173760
198845655328899072
198845655601516544
198845657577033728
198845657132449792
198845659300900864
198845659372204033
198845659368005632
198845659166683136
198845660873756673
198845662765383680
198845663021252609
198845662954127360
198845663398731776
198845662882840576
198845663524560896
198845663109332992
198845662920572928
198845664254373888
198845664388587520
198845665013542912
198845664619274240
198845665294553089
198845665135165440
198845667718868992
198845673049817089
198845675251826688
198845675545427968
198845677365768192
198845675172147201
198845677479014400
198845679077031938
198845676778553345
198845680171749376
198845681039982592
198845681891414017
198845684970045440
198845685087477761
198845687025246208
198845687666966529
198845687834738688
198845687893458945
198845687947988992
198845689424396288
198845689780908032
198845690644922368
198845690477154304
198845690963689472
198845691374735361
198845689172729856
198845692305866752
198845692574314497
198845693706776576
198845694566596608
198845696458227712
198845697263534080
198845697812996096
198845696999297025
198845694260428802
198845698303721473
198845699541057536
198845700744822784
198845701998907392
198845702334455808
198845703433363456
198845703634698240
198845703391416320
198845705341771776
198845705719255040
198845705786368000
198845706662973440
198845706805592064
198845707225018368
198845709640933376
198845709838073856
198845709653520384
198845710307823616
198845710987300865
198845707694776320
198845711876505600
198845712312696832
198845712690184192
198845712316891136
198845711050211328
198845713491308544
198845712702779392
198845715898826753
198845716234387456
198845716762865664
198845717769494528
198845718155362304
198845718688051200
198845719854067712
198845720156053504
198845720239947776
198845719745015808
198845720596447232
198845721435324416
198845721967996928
198845722550992896
198845725998718976
198845726984388611
198845728142008321
198845728968282112
198845730042028032
198845730180448256
198845730469847041
198845731392598017
198845731560361984
198845733586214913
198845733326176256
198845733586214912
198845734114701312
198845736706768896
198845736929083392
198845739785400320
198845740343242752
198845740943028224
198845741597335552
198845742805299201
198845743161806849
198845743174402048
198845743086317568
198845743153418240
198845740053839872
198845744470433793
198845745229611008
198845745753894912
198845745770659841
198845746232037377
198845746840219648
198845747154792448
198845747423227904
198845747955904513
198845748140445698
198845748312408065
198845748475998208
198845749063204864
198845748861878272
198845749964980225
198845750271160320
198845750866747393
198845750803828737
198845751625908224
198845751504277505
198845751546220546
198845752481554432
198845752280231939
198845753098108928
198845753291059205
198845753664352257
198845754981363713
198845755543400448
198845755677614080
198845755572748288
198845755631484928
198845756583591936
198845756264812544
198845756797485056
198845757279846400
198845757892198400
198845758001258497
198845758819155968
198845759146295297
198845759079202817
198845759397965824
198845760408793088
198845760220049408
198845761239252992
198845761117626368
198845761717407744
198845762233315328
198845762988277761
198845763558711298
198845763999117313
198845765035110400
198845765131579392
198845765483888640
198845766507315200
198845766708629504
198845766452789248
198845767467794432
198845767337775104
