198857345445543936
198857344543752192
198857346070487040
198857349522407424
198857350738755584
198857351627948032
198857353720893440
198857354429730817
198857355016941568
198857355427983362
198857358695337984
198857359030890496
198857359932653570
198857360549224449
198857361887207424
198857364110188545
198857364215054337
198857366291234816
198857367188811777
198857367616630787
198857367780196352
198857371269869568
198857370376482816
198857371827707904
198857373081804801
198857373853548544
198857375602581505
198857375707430912
198857376181403651
198857379574583297
198857380828684289
198857379297759232
198857381944373250
198857381503975424
198857387128532993
198857389603168258
198857391188619265
198857392463679488
198857392555966464
198857393533227010
198857393344491521
198857394804109312
198857395353567232
198857396829949952
198857396897067012
198857398683836416
198857395403886592
198857399950512130
198857399849848832
198857400063770624
198857401095565312
198857401103941633
198857401305280512
198857401796014081
198857405151453185
198857406254546944
198857408846635009
198857408989249538
198857410721497088
198857410952171520
198857410423701505
198857411564544000
198857412550213632
198857413380669441
198857412315324418
198857411791040512
198857415024848896
198857418283814913
198857418699051008
198857419286253568
198857423539281920
198857423627366400
198857425036648449
198857425254760448
198857427079282689
198857428513726464
198857430023675904
198857430317285376
198857432540250112
198857432850640896
198857432888385536
198857430170484736
198857433177796608
198857434654191617
198857435488849920
198857436864589824
198857438408093698
198857438496169988
198857438508761088
198857438928187392
198857439360204800
198857440127746050
198857442317180928
198857443529334785
198857447409061888
198857448004657152
198857448654782465
198857449229385730
198857448973549568
198857451217502208
198857443923599360
198857454212218880
198857454388396032
198857454589718529
198857456204517377
198857456477143040
198857455323721728
198857457357950976
198857457802559488
198857460075855872
198857461791330304
198857459731935232
198857464240812033
198857464857362436
198857463490023424
198857465138397184
198857467013238784
198857466849665024
198857468938420224
198857471283048448
198857471551479808
198857470695837696
198857471232704514
198857472075763713
198857473933848576
198857476093915137
198857480573419520
198857481340977152
198857482725113856
198857484042113024
198857484339912704
198857486822932480
198857490513936384
198857490518126592
198857491566694400
198857491478618113
198857491960963073
198857493215059968
198857493789679617
198857494922133505
198857495320592384
198857495417077760
198857495660339200
198857495878434816
198857496151072769
198857496234967040
198857496566317056
198857497002524672
198857497111560193
198857499078696960
198857498822844417
198857502106984449
198857502446723074
198857506737504257
198857506817191936
198857507215646720
198857511133126657
198857511816802304
198857512403996672
198857513964285953
198857514442428418
198857514660540416
198857517034512386
198857514165604352
198857519072935936
198857524844306432
198857527126003714
198857529420283904
198857529067966464
198857529873281024
198857531496464384
198857533128048640
198857534856118272
198857537242664961
198857536563200000
198857537603371008
198857538295439360
198857538438049792
198857539700523008
198857542422626304
198857546684047360
198857548726677505
198857551448772608
198857552405082113
198857554321870848
198857554246369280
198857554330267649
198857556712636416
198857557736042497
198857557991895041
198857558386147328
198857558910447617
198857560802082816
198857565264814080
198857565638098945
198857572466429952
198857572172828672
198857573108170752
198857573544378368
198857574098010112
198857574400000000
198857576170000384
198857576555872256
198857576958541826
198857576673320960
198857577310846977
198857579424776192
198857579609337856
198857582058803200
198857583367434241
198857584864796672
198857587624652800
198857587733708800
198857588228620288
198857589138788352
198857589189132288
198857590204145667
198857590489366528
198857591353376768
198857591038812160
198857593664454658
198857594306179072
198857594868211712
