198808522081828864
198808522258006016
198808522471915520
198808522505453568
198808522794876928
198808522769707008
198808522799063042
198808522958442498
198808522580951040
198808522446745600
198808522316726272
198808523369484289
198808523520483328
198808523386265601
198808523386265602
198808523797315585
198808524170600448
198808523541454848
198808524447424512
198808524480974850
198808522723557377
198808524464193536
198808524594225153
198808523948310529
198808524321587200
198808524753600512
198808525173047297
198808525022052352
198808525009457152
198808524539691008
198808525265305600
198808524917178368
198808525558923265
198808525835735041
198808525944799235
198808525751857152
198808525944799234
198808526083207168
198808525718290433
198808525751844864
198808526032867328
198808526418747392
198808526427140097
198808526439723009
198808525718290432
198808526590713857
198808526729121792
198808526863347714
198808526678794242
198808525831540736
198808525886074880
198808526464888832
198808526733316096
198808526343258112
198808526544584705
198808527274381312
198808527869976577
198808528314576896
198808527517663232
198808526771060736
198808527123382272
198808528507518977
198808528603971585
198808528805306368
198808528281026560
198808528855629825
198808528884994048
198808528734011395
198808529019215876
198808528348119041
198808528310370304
198808527723180032
198808527316336642
198808528536875008
198808528419438593
198808529111482368
198808528339730432
198808529698693121
198808528360710144
198808529715466240
198808529619005442
198808528071307265
198808530189430785
198808529560281089
198808528335552512
198808530139090944
198808530084569089
198808528440406016
198808530021654528
198808530344620034
198808530243952640
198808530671763456
198808530030051332
198808530294292480
198808530256539648
198808530466250754
198808527291154432
198808530952781825
198808531133145090
198808531137343488
198808527974830080
198808530822766593
198808531556765696
198808530772430849
198808530558529536
198808531477078020
198808531678404608
198808531653242882
198808531640651776
198808531653230592
198808531711954944
198808531921678337
198808531149918209
198808532018139136
198808532143964161
198808531405770752
198808532399820802
198808531909095426
198808533309988865
198808533184155650
198808533460992000
198808533502926848
198808533775552512
198808533729411072
198808533632958464
198808533867827200
198808533855244288
198808533318385664
198808534371139584
198808533746196480
198808534341779456
198808534169812992
198808534094319616
198808534597632000
198808534626996225
198808534689906688
198808534161428480
198808534945771521
198808534631186432
198808535239364609
198808535293894658
198808535331647488
198808534731862017
198808534979330048
198808535000289280
198808534903828480
198808535574904832
198808535889494018
198808535872708610
198808535616847876
198808535423922176
198808535285506048
198808535478435841
198808535893684224
198808536455716865
198808535985958913
198808536816427008
198808536984207360
198808536610910209
198808536824815616
198808537319747585
198808536732536832
198808537336524802
198808537231654912
198808535818182656
198808537382658049
198808537995026432
198808537915342848
198808537663672321
198808538309599232
198808537995018240
198808538259263491
198808538359934977
198808538506731520
198808538410266624
198808538699661313
198808538104070144
198808538473177088
198808539010043904
198808538695471104
198808539236544513
198808539223965697
198808539647590401
198808539844710400
198808539865694212
198808539693727744
198808539651768320
198808539504971776
198808540012478464
198808540037660672
198808540650029056
198808540767457280
198808540750688257
198808540855541760
198808541035905024
198808541140762625
198808540398366720
198808540578721792
198808541279158272
198808541530820609
198808541614718976
198808541732147200
198808541010722819
198808542038331392
198808542109638658
198808542319353856
198808542453575680
198808542130601986
198808543057551360
198808542478745600
198808542881394688
198808542042525698
198808542822666241
198808542478733312
198808543271464962
198808542545850368
198808543300820994
198808543497953280
198808543107891200
198808542281601025
198808543145639938
198808543447613441
198808543888015361
198808543934169090
198808543560859649
198808543812526080
198808544244543488
198808544026431489
198808544202604547
198808544454258688
198808544563306496
198808544710111232
198808544403927041
198808543971913728
198808544261320704
198808544865288194
198808544949190657
198808544894656514
198808545448304640
198808545431527426
198808545175674880
198808545649635329
198808545146306560
198808545486045185
198808545691574272
198808545075011584
198808545838374912
198808545729331202
198808546350075905
198808546371047424
198808546702405636
198808546761117699
198808546643685376
198808546928893952
198808547075694592
198808547235078144
198808547230887936
198808544190013440
198808546828230657
198808546052284416
198808547595788289
198808546467528705
198808547570626560
198808548153630722
198808547474153472
198808548325605378
198808547788726275
198808548459819008
198808547998449664
198808548656943104
198808548971520000
198808549017653248
198808547692265472
198808549323845632
198808549797801987
198808549827166211
198808549772627968
198808550196256768
198808550204645378
198808550347259905
198808550435328001
198808550582132736
198808550565355520
198808550162706432
198808550951231490
198808550812823552
198808551026728960
198808551186112513
198808551064485888
198808550565363714
198808551102218241
198808550628274177
198808551328718848
198808551429378048
198808551412600832
198808551404216320
198808551802671106
198808551228051458
198808550997372928
198808551345496066
198808551714603009
198808550645051392
198808551660060672
198808552075313152
198808552289210368
198808552285020160
198808552419229697
198808551655870464
198808553035804674
198808552763162624
198808553501376512
198808553417478144
198808553182593025
198808553656549376
198808553979518977
198808554168262657
198808553736257537
198808553862074370
198808554088570883
198808553987915776
198808553765613568
198808554390556673
198808553895641088
198808553660755968
198808553769807873
198808554600275968
198808554000494592
198808553786572800
198808554692546560
198808554520576000
198808554851938304
198808554789019648
198808554965188611
198808554650599425
198808555246198784
198808555250388992
198808555221032963
198808555225227264
198808554713526272
198808555070038017
198808555380412417
198808555694993409
198808555808243713
198808555804033026
198808556013764610
198808556273795072
198808556047319042
198808556701622272
198808556579987456
198808556689043456
198808553681727488
198808556588376066
198808556311556096
198808556802285568
198808555548192769
198808556093440000
198808556940697600
198808556944887808
198808557318180864
198808557133635584
198808557230104578
198808557318184961
198808557347545088
198808557574045696
198808556240240642
198808556542242817
198808557003608064
198808557750194178
198808558379335680
198808557968302080
198808558312239105
198808558370947072
198808558240935936
198808557943136256
198808558832324608
198808558467424256
198808559528591362
198808559612477441
198808558819749888
198808560195469312
198808560220651520
198808559637635072
198808559943815168
198808560560386049
198808560937869313
198808560367448064
198808560770088960
198808561529270275
198808561541840896
198808560891731969
198808561210507264
198808561764155392
198808560765898753
198808561986441216
198808561973870593
198808561600565248
198808562103881728
198808561982251008
198808562523320320
198808562686902272
198808561571205120
198808562007412736
198808562137436161
198808562724638721
198808562921766915
198808563051806720
198808562552676355
198808562665922560
198808562363932673
198808562795950082
198808563307642881
198808562942754817
198808563118911488
198808563353792512
198808563450249217
198808563450265600
198808563353792513
198808563286687744
198808563290873856
198808564251373570
198808562867257346
198808564448501763
198808563806765056
198808564402360320
198808564201033728
198808564150702081
198808564888903680
198808565027307520
198808565262188545
198808565144760320
198808565631299584
198808565807452160
198808565094424577
198808565371240450
198808563777417219
198808566260445185
198808566554046465
198808566621159425
198808565929095169
198808566826680320
198808567015415810
198808566822477826
198808566797320192
198808566944120832
198808567749414913
198808567896223744
198808567933968385
198808567497760768
198808568101732353
198808568357588992
198808568424710144
198808568433090560
198808568516972547
198808568626032640
198808568529563648
198808568852512769
198808568177246209
198808568244346881
198808568978350080
198808569351643136
198808569481662465
198808569787846656
198808569011908609
198808569972404225
198808570115010560
198808570165342208
198808570349891585
198808570068869120
198808570727383040
198808570647674881
198808570337300481
198808571155185664
198808571239088129
198808571318775808
198808571343933441
198808571457191936
198808571826278400
198808571385884673
198808571973079041
198808570102415360
198808572350562304
198808572291858432
198808572283453440
198808571876622336
198808572862275585
198808573080387584
198808572962942976
198808573369782272
198808573625643009
198808573252345857
198808573613064192
198808573441081344
198808573856333825
198808573675970561
198808574112182272
198808574024097792
198808574112169984
198808574284144640
198808574124769280
198808574716149760
198808573801807873
198808574498050050
198808574858756097
198808574355451904
198808575018156032
198808574892326912
198808574988791808
198808574762303488
198808575244644354
198808575383060481
198808574741319683
198808575282380800
198808575634702336
198808573919248385
198808575437582336
198808575919919107
198808576003817472
198808576175775744
198808576066732032
198808576175779841
198808576339361792
198808576297414656
198808576494546944
198808575710208000
198808576117059585
198808576322584576
198808576679084034
198808576217714688
198808576645533697
198808576536481792
198808577043992577
198808576939134977
198808577400516609
198808576691671040
198808577505374208
198808577505370112
198808577627004928
198808577601835008
198808577652178947
198808577287258112
198808577052393472
198808578088386561
198808578201624576
198808578335834114
198808577757036544
198808578444886016
198808577866072064
198808577970941953
198808577819951105
198808578365194240
198808578667184128
198808578516201473
198808579296333825
198808579568959488
198808579497668609
198808579652849664
198808579606716416
198808579665440768
198808579057270784
198808579908710400
198808579938070529
198808579338285056
198808580386856960
198808580395241474
198808579636080640
198808580504289281
198808580785319936
198808580885975041
198808581120864257
198808580743372802
198808581238308864
198808581754191873
198808582106513409
198808576842665987
198808582211375106
198808582156857345
198808580986638336
198808582370766848
198808580986634240
198808582500786176
198808582693724160
198808582756642816
198808582806974464
198808583343833088
198808583486447617
198808583524196353
198808583733907456
198808583742308354
198808584023318528
198808584585363456
198808584769904641
198808584333705217
198808584799260673
198808584790876160
198808584832819200
198808583788441600
198808584983818240
198808584908312577
198808585189326848
198808585214492672
198808585474539521
198808585197731841
198808585604571137
198808585378070528
198808586128855040
198808586082721792
198808586049167360
198808586120474626
198808586288242688
198808586414063616
198808586124673024
198808586661539841
198808586271457280
198808586988683266
198808586950946819
198808587106131968
198808587341012992
198808587445874688
198808587441672192
198808587114528768
198808587512987649
198808587517173763
198808587794006017
198808584828633088
198808588326674433
198808588318281729
198808587408121857
198808588393775104
198808588079202304
198808588687384576
198808588855160833
198808588788043779
198808589098434561
198808588246986755
198808589106823169
198808589203283969
198808588951617536
198808589333311491
198808589064871936
198808589828239360
198808590012792833
198808588922257409
198808589945671681
198808590339940352
198808590608367617
198808590599991296
198808590549663744
198808590545453056
198808590574825473
198808590428028928
198808591136866306
198808591287857152
198808591203971072
198808591451435009
198808591489179648
198808590939717632
198808590876815360
198808590541258752
198808591896018944
198808591963144192
198808592206413827
198808592172855296
198808592231571456
198808592441290752
198808592235769856
198808591929573377
198808592403546112
198808592600666112
198808592642617345
198808592374181889
198808592214798336
198808593137541120
198808593263374337
198808593221423104
198808592848130048
198808593745707008
198808593670217728
198808593435336704
198808593523421184
198808593888321536
198808593863147520
198808593871540224
198808594060283904
198808593997365248
198808594374856706
198808593846386688
198808593380814850
198808594068668417
198808593888325632
198808594634903552
198808594714591236
198808594425196544
198808594936889345
198808595234701312
198808594001575937
198808595687669761
198808595767373824
198808595750584321
198808594815266817
198808595268251648
198808595884806146
198808595960315904
198808595696062464
198808595528298497
198808596207763456
198808596312633344
198808596010635266
198808596547518464
198808596488798208
198808595884806144
198808596702699520
198808596107104257
198808596375552001
198808596870475776
198808596367147010
198808596547502080
198808596891443202
198808594496487424
198808597008887809
198808596417482754
198808597583507457
198808597470261248
198808597625446402
198808597579313152
198808597998739457
198808598002941953
198808598086828032
198808598023897088
198808598262984704
198808598451728385
198808598409773059
198808598535606274
198808599030534145
198808598980198400
198808599135391745
198808599160553472
198808598934077440
198808598527229952
198808598187479040
198808599475126273
198808599571607552
198808599689039872
198808599533862912
198808599491903491
198808600221716481
198808600154611712
198808600473378818
198808600276242432
198808600179781632
198808600599207936
198808600569847808
198808599089250305
198808600758591489
198808601270292481
198808601463242754
198808601631010818
198808601622626305
198808601530351616
198808601605840896
198808602000101376
198808601836527616
198808601186406400
198808601979133953
198808602457276416
198808602583113729
198808602536968193
198808602335653888
198808602784448512
198808602889302016
198808602918658049
198808602939629571
198808602725715968
198808602406952960
198808603359059969
198808604000784384
198808603434553346
198808604185346048
198808602285318146
198808604223078401
198808604361490432
198808604520886272
198808604592189440
198808604596383746
198808604806098945
198808604420227072
198808604734799872
198808604936114176
198808605372334080
198808605284241409
198808605561061376
198808605506551808
198808605791748097
198808605498163202
198808605762404353
198808605540089856
198808606165049344
198808606391549952
198808606722883584
198808606882267136
198808606081155072
198808607050047491
198808606878085122
198808607146512384
198808607620476929
198808607603687425
198808606836146178
198808607691784193
198808607716937730
198808607486255104
198808608031518721
198808608098619393
198808607633063936
198808607469469697
198808608224448512
198808608262209536
198808608698413057
198808608518057985
198808608027316226
198808608606134272
198808608945881089
198808608392220673
198808609155584000
198808609277227009
198808608618725377
198808609394655232
198808609537277953
198808609084276738
198808609675685888
198808609839259648
198808609411444737
198808608220258305
198808609939914753
198808610296434689
198808610841706496
198808611118530562
198808610954936321
198808611416326144
198808611378569216
198808611621830656
198808611340824576
198808612083212289
198808612112576512
198808612112564225
198808609344323585
198808612158705664
198808612905295873
198808612502638593
198808612905295872
198808612494258176
198808613345689601
198808613068869634
198808613454757888
198808613492506626
198808613886758912
198808613853208578
198808613857398785
198808613131788291
198808613219876867
198808613840625665
198808612800438273
198808613458948096
198808613014347777
198808613488312320
198808614692069376
198808615346376705
198808615405105152
198808615652564994
198808615619002369
198808615904227328
198808615841304577
198808616092975105
198808615824527360
198808616214609921
198808616164278275
198808616348819456
198808615958757379
198808616113946624
198808616411738113
198808616738881537
198808616738897920
198808615459627008
198808617045073920
198808616998944768
198808617217036289
198808617519022080
198808618106224640
198808618332721152
198808618441777153
198808618596974592
198808618563411968
198808618798297088
198808618869587968
198808619045761024
198808618374664192
198808618957672448
198808618915729408
198808618546626561
198808619112857600
198808619360337920
198808619112869888
198808618886373376
198808618995421184
198808619721035776
198808619737821184
198808619683287040
198808619775569921
198808620140466178
198808620098531328
198808619729436673
198808620090142721
198808620194988032
198808620597645312
198808619884617728
198808620811550722
198808620786388992
198808620270497793
198808620891250689
198808621134520320
198808621432307712
198808621398765568
198808621415534592
198808621021265920
198808621683978240
198808621226790913
198808621709131777
198808621683982336
198808621851750401
198808620505374720
198808622657044481
198808622485086208
198808623592378368
198808622258593792
198808623479132161
198808622963245056
198808623223283778
198808623856627715
198808623911153664
198808623856615424
198808624112480256
198808624376721408
198808624485773312
198808624515137537
198808624183779328
198808624951345152
198808624540291073
198808625211392001
198808624557064193
198808624561274881
198808625282691072
198808625362382848
198808625584676864
198808624729030658
198808625794387968
198808625874079744
198808625945391104
198808626159300608
198808626188648448
198808626025082880
198808626289311745
198808626419335170
198808626037653504
198808624670326787
198808626540986368
198808626591313920
198808626582929408
198808626637455360
198808626721329153
198808627056885761
198808624221536256
198808627425984513
198808626918473728
198808627702800384
198808627824427008
198808628080295937
198808628168359937
198808628164182019
198808628210319361
198808627639881729
198808628982071297
198808625744068608
198808627220447233
198808629279858688
198808629028208640
198808629418266624
198808629611212801
198808629560881152
198808629351157761
198808628994646018
198808628768161792
198808629984497664
198808630110339072
198808629128859649
198808630127104000
198808629460221952
198808630395551746
198808630009675776
198808630374567936
198808630244552704
198808630680760321
198808630718509056
198808630915629056
198808630303268867
198808631070830592
198808630643007489
198808630382952449
198808631167303680
198808631402184705
198808631058247680
198808631578337282
198808631691575297
198808631746113537
198808631767089152
198808630991138817
198808631670620160
198808632190705666
198808631997759488
198808632379453441
198808632849219585
198808632819859456
198808632958263297
198808633100861440
198808633927151616
198808634099109888
198808634174619648
198808633834868738
198808634287865856
198808634384330753
198808633486753793
198808634552107010
198808634086535168
198808634539515904
198808634505969664
198808634526924801
198808634652758018
198808634262683648
198808633696452609
198808634560487424
198808634162032640
198808634484989952
198808635181248513
198808635181244420
198808635508396032
198808635558727680
198808634896031744
198808634615021568
198808635969781762
198808636032679936
198808636087222273
198808636041072640
198808636397584384
198808636221427712
198808636615704578
198808636443738112
198808636435349505
198808636619882496
198808636171100160
198808636120776705
198808636666036225
198808636846391296
198808634170408961
198808636900900865
198808637123207168
198808637144174592
198808637165146112
198808637437784065
198808636829601795
198808637525864448
198808637446172673
198808637613932545
198808638016598017
198808637790093312
198808638465392640
198808638561861632
198808638540886017
198808636347260929
198808638624776192
198808639014838272
198808637525856257
198808638977085440
198808638054342656
198808638905786368
198808639069368321
198808638717050881
198808639102914560
198808639270686721
198808638771572737
198808639262298113
198808639174217729
198808639358771202
198808639467823104
198808639467827201
198808639480406019
198808639564288001
198808639732068352
198808639551705088
198808639589466112
198808639769804800
198808639480406021
198808640017276928
198808639832719360
198808640008884224
198808639522340864
198808639316819970
198808639673344000
198808638691876864
198808640289898497
198808640340238336
198808639404916738
198808640487034882
198808630672371712
198808641170702338
198808640973582337
198808641204264960
198808641506246656
198808641598521344
198808641288146947
198808641543999489
198808641762111490
198808641854382081
198808637882376193
198808641955041282
198808642278010881
198808641959239681
198808642177339392
198808642542247937
198808642248646656
198808642974269440
198808643074928641
198808643058143232
198808643276242944
198808643372711937
198808642915549188
198808643641147393
198808643452416004
198808643506929664
198808643976708100
198808643934765056
198808644211572736
198808644421292032
198808644253519872
198808644828143616
198808645369212928
198808645461487618
198808645755092992
198808645868326912
198808645843173376
198808646484897792
198808646233235458
198808646661046272
198808646325501952
198808646208069632
198808646971432960
198808647017570304
198808646669447168
198808647038550019
198808646791069696
198808647470555136
198808647592198144
198808647697047553
198808647785119744
198808648045174786
198808648221327360
198808648196161536
198808648053559296
198808649160859648
198808649286688770
198808649328635904
198808649290883072
198808649634811904
198808649538338816
198808650335260673
198808650570153984
198808650645639169
198808650654027778
198808650733715456
198808649865494528
198808650553368576
198808650855362560
198808651308339200
198808651186708480
198808651442561024
198808651551604736
198808651794874368
198808651870388226
198808651727765504
198808652080099329
198808652222697473
198808652033957888
198808652629540865
198808652818292737
198808652201721859
198808652377899008
198808652340142080
198808649156673538
198808653460013056
198808653871054849
198808653971730432
198808654059798528
198808653921402880
198808654277902337
198808654470844417
198808654420508672
198808654017863680
198808653736853506
198808654667984897
198808654273724416
198808654647009280
198808655041282051
198808655146131456
198808655183884289
198808655519432704
198808655536197633
198808655049670656
198808655955632128
198808655582330880
198808656215674882
198808656559607808
198808656370868224
198808656618332160
198808656333127681
198808656861609985
198808656572194816
198808656463138817
198808656085659651
198808656916119552
198808657406869504
198808657473978368
198808657348132865
198808657683685377
198808657465589761
198808658010836992
198808658354774016
198808657016786944
198808658384138243
198808658501582849
198808658090524672
198808658715492354
198808658765807616
198808658811957250
198808659629838337
198808659030052866
198808657742401537
198808659923439617
198808660133154816
198808659705339905
198808660166717440
198808659873120256
198808660636483584
198808659722121216
198808660762312704
198808660997193728
198808661274013696
198808661198508035
198808660896518144
198808661034926081
198808661689253888
198808661815083008
198808662028992512
198808662146416641
198808662184165376
198808662230302722
198808662314196995
198808661798301697
198808662754590720
198808663127887876
198808663291478016
198808663136276480
198808662972706816
198808663312437248
198808663773814784
198808662008012801
198808664126132224
198808664151302147
198808663534743552
198808664130334721
198808664302305283
198808664222609408
198808664361009154
198808663815761921
198808663652171776
198808664512004096
198808664516202498
198808664730116096
198808664893685760
198808664692367360
198808665069862912
198808665141149696
198808664675581952
198808665246011392
198808665044684803
198808659248168960
198808665392812032
198808665363456000
198808662410657793
198808663631208450
198808665275383808
198808663975133184
198808665212456960
198808665573175296
198808666344923136
198808666361704448
198808666193932288
198808666474954752
198808666420416512
198808666751778816
198808667074723841
198808667049574400
198808667133452288
198808666827268099
198808667062157312
198808665812250625
198808667473199105
198808667817127936
198808667901014019
198808668240744450
198808667502542852
198808668316241921
198808668525965312
198808668450463745
198808668563709952
198808668827947008
198808668911845377
198808668932804608
198808668886667265
198808668223963136
198808669054439424
198808669046050818
198808669155106816
198808669415157761
198808669624877058
198808669415157762
198808666630135809
198808670031716354
198808669721329664
198808670459527169
198808670283370497
198808670627307522
198808670631497729
198808669876535297
198808670610538497
198808671050932225
198808671256444928
198808671319359488
198808670849605632
198808671633944577
198808671591993347
198808671214514176
198808671751380992
198808671814299648
198808671910760448
198808666432995328
198808671923339264
198808672154034176
198808672024018945
198808672661536769
198808672607014915
198808672686714882
198808672124674048
198808672820936704
198808673072590848
198808673181638657
198808673299070976
198808673202606080
198808673378779136
198808673626243074
198808674083414018
198808673349410817
198808674465095680
198808674477670401
198808674775465984
198808671969484800
198808674100191233
198808675350097920
198808675320741888
198808675471720448
198808675421392896
198808675761135618
198808675710803969
198808675689832451
198808675958259713
198808676021186562
198808675853406208
198808676071510016
198808676138614786
198808676272848897
198808676230901762
198808675882778624
198808676025384960
198808676524498945
198808676822286338
198808677057167360
198808677153652737
198808677426274304
198808677359157249
198808677287870466
198808677598248961
198808677610823682
198808677426282496
198808677795368960
198808678634242048
198808678697148416
198808678818787328
198808678961393664
198808679154319362
198808678890086401
198808678890094593
198808679187877888
198808679309512704
198808679401799681
198808679544389634
198808678755864577
198808679653441537
198808680156770304
198808680278401024
198808679930281985
198808679934468097
198808680802684928
198808680643313664
198808680634912768
198808681389891586
198808681293422592
198808681419255808
198808681914187776
198808682102915072
198808682321027072
198808682623025152
198808682191011842
198808682891448320
198808682681741313
198808682555912192
198808683063418881
198808682421686272
198808682719477761
198808683096965120
198808683260551168
198808683273129984
198808683390578688
198808682958565377
198808683461873664
198808683818397697
198808680039333888
198808684195876864
198808684036493312
198808684518834177
198808683969396736
198808684648865792
198808684577562625
198808684418174977
198808684330090496
198808684762107904
198808681213734912
198808685336735745
198808681532502016
198808685244465152
198808681880629250
198808684128776192
198808685395443716
198808684908912640
198808685433196544
198808685739388928
198808685668081664
198808686095892480
198808686183985152
198808686431436801
198808686502752256
198808686163001345
198808686590824448
198808686347558913
198808686800547842
198808686532112384
198808687131897858
198808686280458241
198808687169650689
198808686741831680
198808686653739008
198808687538737153
198808687287091202
198808687450669056
198808687647793152
198808687668756481
198808687933005824
198808687794601984
198808688209825794
198808688432132096
198808688490840065
198808688046252032
198808688574738432
198808688625057792
198808688713146369
198808688385998848
198808688448897024
198808688599904256
198808688302100480
198808689166127105
198808689472323586
198808689535221762
198808689816248321
198808690143395840
198808690168573952
198808690579615744
198808689799467009
198808690650914816
198808690457976832
198808690546061312
198808690457976833
198808690608967684
198808690785136642
198808690327953410
198808691531710466
198808691774996480
198808690801905664
198808691770798080
198808692391542784
198808692316061696
198808693150711808
198808692798402560
198808692827758593
198808693393981440
198808693045866496
198808692567703552
198808693414961153
198808693427548160
198808693473677313
198808693360439297
198808693452701696
198808693809217539
198808694006366208
198808693863751680
198808693855358978
198808694132178945
198808694434181120
198808694396432386
198808694425796608
198808694622920704
198808694165737473
198808694878769152
198808694887161856
198808694983639041
198808695029776384
198808695109455872
198808694752940032
198808695193337857
198808693675003904
198808695088488448
198808694757146624
198808695491145728
198808695637942273
198808695151394817
198808695503716353
198808695730208768
198808696313217024
198808695465971713
198808696464220161
198808696480997376
198808696887853056
198808696917204994
198808697139511299
198808697160482816
198808696925593600
198808697588289536
198808697772851202
198808697084968960
198808697894481920
198808698288742400
198808698439733249
198808698020302848
198808698569764865
198808698662027264
198808698716569600
198808698817220608
198808698494267392
198808698783662081
198808698888531968
198808699073081344
198808699408613376
198808699110817792
198808698183884800
198808699568013312
198808699148566528
198808699584778241
198808699920330752
198808700155199489
198808700285231104
198808700880814080
198808701048590337
198808700838887424
198808701400924160
198808701543526400
198808701627400192
198808701224747009
198808701916807169
198808702046834688
198808702126538752
198808701736456192
198808701874868225
198808702470459392
198808702524985344
198808702902484992
198808702877302786
198808701413490689
198808702910857218
198808703133167618
198808703200280578
198808703305121792
198808703292538883
198808703451922433
198808702772449283
198808703489679360
198808703732940802
198808703821029376
198808703653257216
198808703527424002
198808704185937923
198808703812640768
198808704429199360
198808703749730304
198808704127205376
198808704496316416
198808704919945216
198808704907358208
198808704156569600
198808705242902528
198808705087709184
198808704815087616
198808705138040833
198808705725239297
198808705888829442
198808706018836481
198808705649754112
198808706190802944
198808705658126339
198808706568302592
198808705897209856
198808706912235521
198808707033874434
198808707205836800
198808707126145024
198808706496987136
198808706643795968
198808707512020992
198808707507830784
198808707650433024
198808707616878592
198808706949984256
198808707667202048
198808707868524544
198808707985981440
198808707805618178
198808707558154242
198808708065673217
198808707109363712
198808706325024769
198808707969191936
198808707822399488
198808708426383362
198808708493488129
198808708472512512
198808708644474880
198808708661264386
198808707650424832
198808708841607169
198808708933877760
198808709017776129
198808709026156544
198808709080690690
198808709139402753
198808708531236864
198808708971630592
198808709445586945
198808709470765056
198808709210705921
198808709948911617
198808709839855617
198808709416235009
198808710032789505
198808709583994880
198808709516898306
198808710158618624
198808710330589184
198808709948911616
198808710695493634
198808710649356290
198808711060389888
198808711060406272
198808710422855682
198808711010074626
198808711169454081
198808711072989184
198808711169458176
198808711270105089
198808711341412353
198808711257538562
198808711597268992
198808711605649409
198808711970557952
198808711991533568
198808711890874368
198808712188661760
198808709131014145
198808712142528512
198808712188661761
198808711408525314
198808712549367809
198808712595517441
198808710372528129
198808711727292416
198808712817807362
198808712276754433
198808712570343424
198808713920905217
198808714013196289
198808713136578560
198808714168385536
198808712754896896
198808714411638786
198808714633945089
198808714692673537
198808714411646977
198808714277433345
198808714608787456
198808711790206976
198808715309232130
198808715741237248
198808715636375553
198808715674124288
198808715787386881
198808715959345152
198808715997089793
198808716248760320
198808716475244545
198808716336824321
198808716299079683
198808717079232512
198808717079232514
198808717213442049
198808717452521472
198808717553180672
198808717435744256
198808717855166464
198808717884526593
198808717641256963
198808716785618944
198808718383656961
198808718312345600
198808718555615232
198808718756945921
198808718740168705
198808718526255105
198808718949888000
198808719130243075
198808719130234883
198808719109259266
198808719516114944
198808719696465922
198808719583219712
198808720006848513
198808720036208640
198808720334008320
198808720468221953
198808719964897280
198808721059618817
198808720891854848
198808720866672643
198808721126719488
198808721550360576
198808721231593473
198808721374191617
198808721953009665
198808721705549825
198808721416134656
198808722426966016
198808722716368896
198808722024316929
198808722783485953
198808722682822656
198808722577948672
198808723139985408
198808723584589825
198808723920134144
198808723517472769
198808723618136064
198808724322791424
198808724469596161
198808724381515776
198808723886583809
198808724536705024
198808724608004096
198808724645752834
198808724750614528
198808724930961408
198808725065187328
198808724947738625
198808724930953216
198808725253914624
198808725182623745
198808725451051008
198808725883068416
198808725262307334
198808726155694080
198808726256369664
198808725941784576
198808726596096002
198808726730313729
198808726898094080
198808726226993153
198808726512222208
198808727300747264
198808727111991296
198808727502065664
198808727598534656
198808726877118465
198808727887949824
198808727393017857
198808728328355840
198808728525484035
198808728777134081
198808729142050817
198808729074929665
198808729897017344
198808730022842368
198808729926385665
198808730161266688
198808730563907584
198808730068992000
198808730651992064
198808730593280000
198808730857508864
198808731000127488
198808731188854784
198808731214036992
198808731427946496
198808731427930112
198808731667013632
198808732115800064
198808731675406336
198808732149354496
198808731838976001
198808732237443072
198808732380041217
198808732556214273
198808732543623168
198808732535238658
198808732115795968
198808732677836800
198808732694609920
198808733327958016
198808732749135872
198808733386682368
198808733655113729
198808733739008000
198808734007435265
198808733839659008
198808734460428288
198808734590439425
198808734724669440
198808735014068226
198808735026659329
198808734925996032
198808735274119168
198808735269928960
198808734842109954
198808735521587200
198808735513190401
198808735739682817
198808734338785280
198808735861325825
198808736117161984
198808735945207808
198808736557580289
198808736519823360
198808736532414464
198808736935059456
198808737010548736
198808736645660672
198808737203490817
198808737681645570
198808738080108544
198808738373713920
198808737723596800
198808736217841665
198808738910568448
198808739212566528
198808739367755777
198808740013674497
198808739619409922
198808740298895362
198808740340842497
198808740051419136
198808740181442562
198808740152094720
198808740525375488
198808740638629891
198808740642824192
198808740504403968
198808741209047040
198808741280350209
198808741498470400
198808741737529344
198808741943066624
198808742073073665
198808742140194816
198808742312148993
198808742500892672
198808742530265088
198808742882574336
198808742903554048
198808743008419840
198808743947939840
198808744086355969
198808744203788290
198808744832929792
198808745357213696
198808745663414273
198808745415950338
198808745785036801
198808746124783616
198808746279960576
198808746284158976
198808746292551680
198808745424330752
198808745881505792
198808746351276032
198808745906671616
198808746535829504
198808747026554883
198808747081084928
198808747378884608
198808748020596736
198808748058361857
198808748112875521
198808747672473600
198808748129656832
198808747945115648
198808748234510337
198808748465201152
198808748289040384
198808748561674240
198808748733644809
198808748574244864
198808749039812608
198808749106929664
198808748725243904
198808749618626560
198808749513777152
198808749631217666
198808749752860673
198808749983543297
198808749840928768
198808750323269633
198808749731889155
198808750637846528
198808750570749953
198808750679801856
198808750629457921
198808750772068352
198808750742708226
198808750973386753
198808751610929152
198808749148880896
198808751732572160
198808751795486720
198808751405408256
198808751761928193
198808751904530433
198808752021979136
198808752277819392
198808752332345346
198808743192961027
198808752412041216
198808752579817472
198808752722411520
198808752395255808
198808752986669056
198808753053773825
198808753053765633
198808752810500096
198808753116684289
198808753510948865
198808753385111553
198808754056208384
198808754064592896
198808753343168513
198808754496610304
198808754156871680
198808754555334656
198808755356450818
198808755356442624
198808755415154688
198808755608104960
198808755641659392
198808755842973697
198808756266610688
198808756388241408
198808756241432577
198808756597952514
198808756665073665
198808756891553792
198808757092880384
198808757164195841
198808757327769601
198808756589568001
198808757290020864
198808757600391168
198808757101264896
198808757428428804
198808757780742144
198808757810106368
198808758099513345
198808758288261121
198808758367961088
198808758267281408
198808758145658880
198808758271475713
198808758137266177
198808758435065856
198808759206805505
198808758820945920
198808758867066880
198808758774800385
198808758758031360
198808759802404864
198808759622053888
198808759521386497
198808759953399812
198808759898877953
198808760242798593
198808760456716288
198808760779677697
198808761022951426
198808761048121344
198808761257832449
198808761010360320
198808761199099907
198808761492713472
198808762285432833
198808762608398338
198808762730029056
198808762797133824
198808762881019905
198808763342393344
198808763283668994
198808763015233536
198808763543719937
198808763547914240
198808763149467648
198808763728273408
198808763573080064
198808763677945856
198808764244172800
198808763468230656
198808764328067073
198808764458090496
198808764537765888
198808764600680448
198808764630040576
198808764256747520
198808765028503555
198808765116583936
198808765607325696
198808763061374976
198808765850587136
198808765791875072
198808766102245376
198808766131617793
198808766781734912
198808767108882433
198808767066931203
198808767180181506
198808766836260864
198808767134056448
198808767461195776
198808767557668865
198808767599607810
198808767909994496
198808768006463488
198808767968718848
198808768031633408
198808767599620097
198808768274907136
198808768765636609
198808768195207169
198808769298317312
198808769445117952
198808769562550274
198808769373814784
198808769885503490
198808769805811714
198808769927462912
198808769923260416
198808769654829057
198808768501391360
198808769503830016
198808766836248576
198808770455932929
198808770564980737
198808770409803776
198808770283962368
198808770812444674
198808770955059200
198808771357704192
198808771525484544
198808771563241474
198808771739394048
198808772167217155
198808772242710529
198808772280455168
198808772456611840
198808770837610497
198808772066553856
198808772171411456
198808772787974146
198808773215797248
198808773475835904
198808771978477568
198808773245140992
198808770669846529
