198805753849577473
198805753908305920
198805753954447361
198805754814275587
198805755028193280
198805755174977536
198805755376316417
198805755464384513
198805755737026561
198805755908997123
198805754898153473
198805756647190529
198805756869476353
198805757435715585
198805757460877312
198805757502832640
198805757339254784
198805757054038017
198805757972586497
198805757855150080
198805757641244672
198805758136172544
198805758526242817
198805756999507968
198805758928879616
198805759151194112
198805759520276482
198805759503511554
198805759650316289
198805758744334336
198805759683862530
198805759277010944
198805760745021440
198805760640167936
198805761260929024
198805761353195521
198805760979894272
198805760933773315
198805760929570817
198805761399332864
198805762653437952
198805763156746241
198805763395825664
198805763404210176
198805764440195075
198805764570226691
198805765237129216
198805765404893184
198805764729606146
198805765581045761
198805765740437505
198805766147280897
198805766524780545
198805766772236290
198805766839345152
198805765698490369
198805766910652420
198805766470250497
198805766533156864
198805767942438912
198805767829204993
198805767904702464
198805768017936386
198805767560773634
198805768332521473
198805768621924352
198805768475131906
198805768525455360
198805768940699648
198805769121042432
198805769330757632
198805769364312066
198805769469173761
198805768575795200
198805769532080128
198805768730980355
198805769645338624
198805768995213312
198805770236735489
198805769850863617
198805770027016192
198805770844905474
198805770891042816
198805771255947264
198805771251744768
198805770970730497
198805771532763136
198805771063009280
198805771780231169
198805771855736832
198805771809591299
198805771713122304
198805771776040960
198805769423028226
198805772161925120
198805772648460288
198805773269221376
198805772598120448
198805773319548928
198805773814472704
198805773327941634
198805774040969217
198805773705412609
198805774519115776
198805774477164546
198805774875623424
198805775320223746
198805775085346816
198805775362179073
198805775588671488
198805775982936064
198805776175865856
198805775559303170
198805775861297153
198805776561737730
198805776284921856
198805776729518081
198805777014726656
198805777153138688
198805777442541570
198805777769709569
198805777845202944
198805778172358658
198805778222694400
198805779011211264
198805778600169472
198805779283841025
198805779304820737
198805779455807489
198805779539697664
198805779992678400
198805780105920515
198805779451617280
198805779946541056
198805780365971457
198805780349190144
198805780416315392
198805780684742657
198805779799736321
198805780995125248
198805781053849600
198805781469085696
198805781833973760
198805782001754113
198805782186299393
198805782207283200
198805782882562049
198805782890950657
198805781829787648
198805783243264000
198805783385882624
198805783662690304
198805783394271233
198805784174407681
198805783931125760
198805784346361856
198805784468004865
198805784262492160
198805784811933698
198805784866471936
198805784656744449
198805785113919489
198805785709514752
198805785868894208
198805785906655232
198805786066030593
198805786087014401
198805786162507777
198805786267353088
198805786288328705
198805786200248320
198805786846167040
198805786787454977
198805787135574016
198805787357880320
198805787055882241
198805788037357569
198805787458547713
198805787966054400
198805788205129728
198805788326764545
198805784723857408
198805788351938560
198805788435816448
198805788620357633
198805788511322112
198805788922351616
198805789106905088
198805789668945922
198805786615492608
198805789715079168
198805789329211392
198805789819932673
198805790105141252
198805789291462657
198805789769601024
198805789769613312
198805790478450689
198805790625243137
198805790776238081
198805790801395712
198805790574915584
198805790772047873
198805791325687809
198805791535398912
198805791644459008
198805791900319745
198805791401185282
198805792038731776
198805792189718530
198805792114212865
198805792453955585
198805792407822339
198805793238302720
198805793359925249
198805793628360705
198805793687089153
198805792827248640
198805793129246721
198805793506725888
198805793636745218
198805794161041409
198805794047795200
198805794261712898
198805794614018048
198805794588864512
198805794207170562
198805794597253120
198805794941186048
198805794639196160
198805794140073984
198805795557744642
198805794978934785
198805793968099328
198805796379824128
198805795708743683
198805796602134529
198805796547608576
198805796694405121
198805796992192512
198805797365485569
198805797382266880
198805797138989057
198805797722005504
198805798019801088
198805798044975105
198805798158204931
198805798191767552
198805798816718848
198805799378751488
198805799697514498
198805799827546114
198805799705903104
198805799936602112
198805800045645826
198805800582512640
198805800376999936
198805800934846465
198805801152937984
198805801194881024
198805801165533184
198805801589145600
198805798346960896
198805801727574016
198805801983422464
198805801895333889
198805802172153856
198805802230878211
198805802520285185
198805802549657601
198805803157819392
198805802969071616
198805803195568130
198805803191382016
198805803203952644
198805803191377925
198805803824717825
198805803828908032
198805803912790017
198805802486738945
198805803921195011
198805804516777986
198805804554534912
198805804726493184
198805805057847296
198805805238202368
198805805229801472
198805805393391616
198805805628264448
198805806160945155
198805806135779328
198805806253219840
198805806282588160
198805806706196480
198805806135771136
198805806601342976
198805807222108161
198805807096283136
198805807771557888
198805808190980096
198805808534929408
198805808518139906
198805808530718720
198805809046634497
198805809122123776
198805808992108545
198805809193426945
198805809214406656
198805809256345600
198805809772240898
198805809348616192
198805810078416896
198805808924999681
198805810200068097
198805810384609280
198805809919041537
198805810334281729
198805810359439360
198805810028101634
198805810661429248
198805810762092544
198805810837594113
198805811202490370
198805811412221952
198805812217520128
198805812305604608
198805808853696512
198805812351729664
198805812641153024
198805812188168192
198805814079799296
198805814201430016
198805813857501185
198805814541160449
198805814398562304
198805814855737344
198805814989955072
198805815010918400
198805814801215488
198805815115780096
198805815275171840
198805815291944961
198805815598129154
198805815182888962
198805815732346881
198805815791071233
198805815610712064
198805815992389633
198805815946264578
198805816080470016
198805816478924800
198805816474742784
198805815950458881
198805816508284929
198805816554422272
198805816613146626
198805816961282049
198805817535897600
198805817657524226
198805817993072640
198805817728827392
198805818186006529
198805818278285312
198805817888215040
198805818399916032
198805818676756481
198805817724637185
198805818701914112
198805815711371266
198805817951125506
198805819054227456
198805819574329345
198805819624665088
198805819377188866
198805819880513536
198805820358660096
198805820522242049
198805821059121152
198805820975218688
198805821080088578
198805821201715200
198805821151391745
198805821264642048
198805820438347776
198805821256253441
198805821356912640
198805821482729472
198805820811640833
198805821394657281
198805821600182272
198805821851832320
198805822158016512
198805822292230144
198805823202398210
198805822883627008
198805823646990337
198805823865106434
198805824364224512
198805823865106435
198805824397770752
198805824666222593
198805824666214401
198805824909475840
198805825773514752
198805825916121088
198805825882566657
198805826075504640
198805826339741696
198805826436202497
198805825475723264
198805826465566720
198805826394259457
198805826557849600
198805826616561664
198805826645917698
198805826771750912
198805827442843648
198805827522531328
198805827472199681
198805827421880320
198805827862269952
198805827673534464
198805827681914880
198805827409281025
198805828277514240
198805828311072770
198805828764049409
198805829095403520
198805828977950721
198805829246398464
198805829514829824
198805829363838976
198805829921673217
198805829812629504
198805829959434241
198805830114607105
198805829661638656
198805830487904256
198805830420803584
198805830580191232
198805830571802625
198805830991216642
198805831054131201
198805831628754945
198805831788146688
198805831981076482
198805832283070464
198805832769609728
198805832455032833
198805833008685056
198805832987721728
198805834229227520
198805834329899008
198805834367639552
198805834380214272
198805834535407616
198805834703183872
198805834434748416
198805834837405696
198805835034533890
198805835240058882
198805834376032256
198805834623500288
198805835453956097
198805835474935808
198805835709812736
198805835776933888
198805835470749696
198805835546238977
198805832777990145
198805836301221888
198805836523520001
198805836682899456
198805836951326721
198805837152649219
198805837249122304
198805837291073536
198805837274300416
198805837395927043
198805837358174209
198805837194592260
198805837614039040
198805837639188480
198805837618233346
198805838402555905
198805837974749186
198805837802770432
198805838557753344
198805838771654658
198805838939422721
198805838821982208
198805838712938496
198805839363055616
198805839082041344
198805839258202112
198805839476305920
198805839497265152
198805837882470400
198805839841210368
198805839576973314
198805839996391424
198805840264826881
198805840684253186
198805840550047744
198805840847835136
198805840248049664
198805841082716160
198805841443426306
198805841820917762
198805841955139585
198805842097733632
198805842148081666
198805841976107008
198805841615400960
198805841179181056
198805842533957632
198805841867046913
198805842622033921
198805842919817216
198805842529755138
198805842701713408
198805843280531456
198805843418947584
198805843632852994
198805842802376704
198805844027129858
198805844081639425
198805844090036225
198805844060667905
198805844245233664
198805844597547008
198805844731768832
198805844891148288
198805844719177729
198805845063118848
198805844916310017
198805845457387521
198805845105061888
198805845629341697
198805845692264450
198805845927145472
198805845818093568
198805845977468929
198805846073933825
198805846388518912
198805845709033473
198805846434643970
198805845889392640
198805846015229952
198805846103293953
198805845969080323
198805847177048065
198805846438850560
198805847093166080
198805846602428416
198805847218987008
198805846979907584
198805847512584192
198805847013462016
198805847722295297
198805847617454080
198805848200458240
198805848858963968
198805849081249792
198805849156763648
198805849290981376
198805849462939649
198805849697824768
198805849060278273
198805850322771968
198805850687680512
198805850901585920
198805850993852416
198805850255659008
198805850599600128
198805850259853314
198805851228745728
198805851673333762
198805851618816002
198805851367161857
198805851862081539
198805851912404996
198805851732062209
198805852172468225
198805852268937218
198805852319252482
198805852482834434
198805852789018624
198805852549947392
198805852805804033
198805852080181248
198805853342666752
198805853648846849
198805853825019904
198805854819061760
198805854928117762
198805854944899073
198805855263670272
198805855548882944
198805854928117760
198805855687278592
198805855431442433
198805855649546240
198805855955722242
198805855783763969
198805856068968448
198805856081555458
198805856354189314
198805856375156736
198805855355936769
198805856077357056
198805857209810945
198805857306284033
198805857385971712
198805857457287170
198805857360818176
198805857461477378
198805858258391041
198805858421981185
198805858363244545
198805858929491968
198805858266779649
198805859567022080
198805859348914177
198805859835445248
198805860007424003
198805860187770880
198805860196171776
198805860347150339
198805860502355969
198805860955336705
198805860787552256
198805861483806720
198805860988891136
198805861798383616
198805862205239297
198805862230396931
198805862406565888
198805862536589313
198805862809214977
198805862914064384
198805862926647296
198805862540783616
198805862503022592
198805863237029888
198805863480295424
198805863635484676
198805863807455232
198805863710994433
198805864088481792
198805864256245760
198805864486940672
198805864369487872
198805864860229635
198805864977661954
198805864868610048
198805865350963200
198805865644556288
198805865501954048
198805865913004034
198805865753616384
198805865879445505
198805866072375296
198805866252738562
198805866210803712
198805866659586050
198805866621845505
198805866810580993
198805866726690816
198805866735091714
198805867460698112
198805867603300352
198805867729125377
198805867892715520
198805868026925056
198805867875934211
198805868538626048
198805868555415552
198805868635107328
198805868958056450
198805869218111489
198805869595602944
198805868182122497
198805869566242818
198805869784350721
198805869843070976
198805870266695681
198805870564491264
198805870602223616
198805870686113792
198805870447046656
198805870841315328
198805871269134336
198805871533367296
198805872204447744
198805872414167040
198805872607100930
198805872644861953
198805872913297408
198805872464498688
198805872472895489
198805873160753153
198805873471139840
198805873324331008
198805873970257920
198805873890570240
198805873471135747
198805874142232576
198805872368029697
198805871638233088
198805873894760449
198805874406469632
198805874230296576
198805873739575297
198805875228557314
198805874637144064
198805875626999808
198805875622813698
198805875119489024
198805876168069120
198805876230991874
198805875572473856
198805876432322560
198805876025466880
198805876780449792
198805876574928897
198805876730105856
198805877157920769
198805877229236224
198805877438947330
198805877510242305
198805877573173251
198805877581557760
198805877715775489
198805877610905602
198805877757710337
198805877791260674
198805877824831489
198805878323945472
198805878491717632
198805879011811329
198805879397695489
198805879204753408
198805879561256960
198805879506739202
198805879481565185
198805879737425920
198805879791955968
198805876797227008
198805877359251456
198805880492408834
198805879087316993
198805881117356032
198805881532579840
198805881478066176
198805881637453827
198805882119786497
198805882182709250
198805881872318464
198805882446950403
198805882832826369
198805882929295361
198805881679388673
198805882866380800
198805883067707393
198805882937683968
198805883705233411
198805884393095171
198805883591995392
198805884837699584
198805884187590657
198805884908998657
198805885206798336
198805885093560322
198805885135491072
198805885190017024
198805885663973376
198805883877195778
198805886335062016
198805886318288899
198805886838374401
198805885361987584
198805886859358209
198805886846767104
198805886951628801
198805886943240194
198805886943248384
198805886490263552
198805887438172160
198805887694024705
198805887765323777
198805887652081664
198805888750981120
198805888788733954
198805889241710592
198805888532877313
198805889707282432
198805888973291520
198805889858277379
198805889732456448
198805888432226304
198805890537754624
198805890432892929
198805890701340672
198805890684555265
198805891108179968
198805891263381504
198805891246604289
198805891229810688
198805891359838209
198805891275956224
198805891699585024
198805891686993921
198805891884134403
198805892328730624
198805892035125248
198805892551016451
198805891942854657
198805892853014531
198805893226315776
198805893473775617
198805892412612609
198805893620572161
198805893989675009
198805893956116481
198805894002253824
198805894102921217
198805894081945600
198805893792538626
198805894241320961
198805894040010752
198805894774001665
198805894916608000
198805895180849152
198805895164084226
198805895340244993
198805894706892800
198805895482843136
198805895726120962
198805895868715008
198805895822577665
198805896162324480
198805896120385536
198805896393015297
198805896741138433
198805897085067264
198805897072492544
198805896615309312
198805897781329922
198805898146222081
198805898183974912
198805898561462273
198805898674716672
198805898813128704
198805899094138880
198805898884423681
198805899320627202
198805898741813249
198805899421294592
198805899513573376
198805899480018944
198805899773624320
198805899765219328
198805899551309824
198805900046254081
198805899974938625
198805899983335424
198805900381794304
198805900654419970
198805900226596864
198805900566347777
198805901052870656
198805901312925696
198805901291945984
198805901992402944
198805902164369411
198805902411837441
198805902478938112
198805902680272896
198805902801899520
198805903078727680
198805902634131456
198805903288446977
198805903384920064
198805903653355523
198805903024209921
198805903938568192
198805903905013760
198805904177635328
198805904416702464
198805904936800257
198805904840335360
198805904848723969
198805905234599939
198805904265707520
198805905586925568
198805905259765760
198805905842774016
198805906207670273
198805906153156608
198805905846960129
198805905448505344
198805906287374336
198805906392227843
198805905607892993
198805906534842368
198805906933301248
198805906429972480
198805907101057024
198805906492891136
198805907474362369
198805907612774401
198805907520487424
198805907960889344
198805907998638080
198805908120289280
198805907642134528
198805908011225089
198805907818295296
198805907692466176
198805909055602688
198805909126909952
198805908493582338
198805908954939392
198805909294682112
198805909382774785
198805909554733057
198805909558919168
198805909080768513
198805909491822593
198805909521178625
198805910615887872
198805910771073024
198805910779469824
198805910716563456
198805911249223680
198805911429591040
198805911488303105
198805911622520833
198805912557854720
198805912805318657
198805912729817089
198805913400905728
198805913350586371
198805913602244608
198805913396719616
198805913866485763
198805914000691201
198805914143305729
198805914222997506
198805913967149056
198805914428510211
198805914277519360
198805914462068736
198805914717913088
198805914856333312
198805914420117504
198805914898280448
198805915451916289
198805915464503297
198805915099607041
198805915896516608
198805916013961216
198805916253040640
198805916617932800
198805916903145472
198805917188370433
198805917611991041
198805917742006273
198805917989474305
198805917989486592
198805917838483456
198805918329217024
198805918190813184
198805918488592386
198805918262099969
198805918484410368
198805918132088832
198805918660567040
198805918849318912
198805918715088896
198805918836727809
198805919495237634
198805919671386113
198805919952408577
198805919713329155
198805920095027202
198805919952416768
198805920233439232
198805920040488961
198805920250208256
198805920652865536
198805920749334529
198805920891936768
198805921395253248
198805921235865601
198805921340727297
198805922175385602
198805922544496640
198805922737430530
198805922901008384
198805922838097921
198805923140087811
198805923953782784
198805924293521409
198805924603904001
198805924658425857
198805924750700545
198805924780048384
198805925321113602
198805925656670208
198805925765722113
198805926243868672
198805926231285760
198805925715386369
198805926461964288
198805926885588992
198805926562635777
198805927120486402
198805927300837377
198805927237910529
198805927422459905
198805926495535105
198805927510556674
198805927372136449
198805927829315585
198805927816736768
198805927690903552
198805927732854784
198805927565070336
198805928286498818
198805928324251650
198805928294875136
198805928374575107
198805928533962756
198805928563326978
198805928693342211
198805928076787713
198805927971926020
198805929037275136
198805928517189632
198805929305706498
198805928986939392
198805929377017856
198805928844328960
198805929590931456
198805929414770690
198805929695776768
198805930211676160
198805929326682113
198805930509479936
198805930861801472
198805931000209408
198805931566440449
198805931746791424
198805931809705985
198805931742601216
198805931537084420
198805932371750913
198805932317229057
198805931415449600
198805932174618624
198805932602441728
198805932401106944
198805932619206656
198805932451446784
198805931331559424
198805932950564865
198805933701332994
198805933093158912
198805933890093056
198805933768441857
198805933462274049
198805934250799104
198805934636670977
198805934603116544
198805935081263104
198805935219687425
198805935198715904
198805935681060864
198805935383252992
198805935882379268
198805935815278592
198805936029179904
198805935949496320
198805935924330496
198805936628957185
198805936817709056
198805936297619456
198805936826105856
198805937132281856
198805936830291968
198805935416811520
198805936591208448
198805937434267649
198805937694310400
198805937480400896
198805936956125185
198805937388134400
198805938038255617
198805938113740802
198805938310877188
198805938491244544
198805938889691136
198805938419929089
198805937836933121
198805939338481665
198805938986168320
198805939699195905
198805939883741186
198805939934085121
198805940215087106
198805940206706689
198805940286394369
198805940428996608
198805940529659905
198805940156383232
198805940638724097
198805940634533891
198805939489484800
198805940324139008
198805940907147265
198805940655501312
198805940512894977
198805941716656128
198805941498556417
198805942190604289
198805942219964416
198805940114440195
198805942295478272
198805938893885440
198805942337421313
198805942102536192
198805943025278977
198805943293718528
198805943381786624
198805940034736129
198805943658622976
198805944086437890
198805944052879360
198805944203878400
198805944057081856
198805944480694273
198805944858198016
198805944833032192
198805944434561024
198805944942075905
198805944975626240
198805945361502210
198805945571229696
198805945701249026
198805945751572481
198805939082637312
198805946242301952
198805946493968384
198805946774986753
198805946720460800
198805943914471424
198805947190231041
198805947408322561
198805947953594369
198805947718696963
198805948104585217
198805948284928002
198805948209434624
198805947244756992
198805949086044160
198805949035720705
198805948633063425
198805945600577536
198805949182517248
198805949450960897
198805949560004610
198805949975248898
198805949979439104
198805950008791041
198805950436614147
198805950478548992
198805948809228289
198805950885400578
198805951292260353
198805951388721153
198805950805704706
198805951585857537
198805951279669248
198805951900430336
198805951963340800
198805952089174018
198805952152076290
198805952256933888
198805952403734528
198805951770402816
198805952428916736
198805953146130433
198805953657843712
198805954165346304
198805953796255745
198805954307964929
198805954362482689
198805954593169410
198805954421194755
198805955025182720
198805951967539201
198805954530258944
198805955402674176
198805955658522624
198805955754991617
198805955624964096
198805955318784001
198805955427840002
198805955939545088
198805955243290624
198805956325408768
198805956157648896
198805956174426112
198805956346396673
198805956962959360
198805956979728385
198805957055225856
198805956530929664
198805957269135360
198805956954566658
198805957583708160
198805957566922752
198805956988108801
198805957705338880
198805957881499648
198805958317715457
198805958607126528
198805959475335169
198805959609548801
198805959760560128
198805959508897792
198805960221917185
198805960830091265
198805961002065922
198805960955932673
198805961018843137
198805961165643778
198805961564098560
198805961899651074
198805962163896323
198805960960118784
198805962751098880
198805963153747968
198805962944024576
198805962952425472
198805963829018626
198805962935635968
198805963610918913
198805964089069568
198805962079993857
198805965129256960
198805964122632192
198805965380923393
198805965418668033
198805966014267392
198805964818878464
198805966161063936
198805966211383296
198805967008309248
198805966534348800
198805967566143490
198805967696175106
198805967830388737
198805967998156800
198805968400818176
198805967708758016
198805967981379586
198805968782499841
198805968421793792
198805968883167232
198805969227091970
198805969109655552
198805969290006529
198805969306791937
198805969642336257
198805967067033600
198805970074349570
198805970326003712
198805970372132865
198805970770595840
198805971009679360
198805971173244928
198805971424903170
198805971542360064
198805972502847490
198805972653850624
198805972200853504
198805972788056065
198805973001977856
198805973282983936
198805973584973824
198805973979246592
198805974277033985
198805974440615937
198805974260264961
198805974868434944
198805975254310913
198805975124283392
198805975170420736
198805975531143168
198805975728271362
198805975556308992
198805975757635584
198805975656960000
198805975883464705
198805975480803328
198805976210608131
198805973572390914
198805976697143296
198805976206409728
198805976982368257
198805976940417025
198805976864931841
198805977057853440
198805977192079360
198805978207092736
198805978349699075
198805978458767360
198805978450370561
198805978983043073
198805979515719681
198805979385704448
198805978257436672
198805979436040192
198805979456995328
198805980400713731
198805980396527616
198805980220370944
198805980744663040
198805980581068800
198805980191010816
198805980841132032
198805980857896961
198805981319270401
198805981134725120
198805981721935872
198805981734518785
198805981692567552
198805981960998913
198805981986164739
198805982338486272
198805982317510656
198805982602731521
198805981537386496
198805982619508741
198805983005384704
198805982992797696
198805983135408128
198805982707580928
198805983168954369
198805983143804928
198805983177355265
198805983387066368
198805983500316672
198805983999442946
198805981952610304
198805984301416448
198805984284639232
198805984360153088
198805984632774657
198805984666320896
198805984804741122
198805984720850946
198805985127706624
198805985316442112
198805985484222465
198805985559707648
198805985861697539
198805985769431040
198805986214019072
198805985626816512
198805987069673472
198805987094822912
198805986436333568
198805987526848512
198805987522654210
198805987694624770
198805987732373504
198805987627515905
198805987287769089
198805984020406272
198805988361510912
198805987975639040
198805988776755200
198805989376536576
198805989460426752
198805989842104320
198805990156668928
198805990236368898
198805990521581571
198805989766602752
198805990836146176
198805990953594880
198805991037476864
198805991222022144
198805991402373121
198805991314305024
198805990123126784
198805990475440129
198805991138148352
198805991855362049
198805991561773056
198805991901499394
198805992274792448
198805992329318400
198805990873899009
198805992744558593
198805992920715264
198805993298198528
198805993705050112
198805993616969729
198805993549860864
198805993801523200
198805993906380800
198805988919345155
198805994233544704
198805994388717570
198805994476806144
198805994799767554
198805994543919105
198805994602639361
198805995290505218
198805995370192896
198805995848351744
198805996213252097
198805995684761601
198805996511043585
198805996498460672
198805996846579712
198805997635121153
198805997647708161
198805998260064256
198805998486556672
198805998595604481
198805995877707776
198805998637563905
198805997572194305
198805999136677889
198805999098925056
198805999371558912
198805999933599744
198805999975542787
198805999845515264
198806000139120641
198806000034254849
198805999723872256
198806000562733056
198806000906670080
198806001720365056
198806001921695744
198806001619709952
198806002081079296
198806001879756801
198806002454368257
198806002265624576
198806002399842306
198806002408243201
198806003238703105
198806002672476160
198806003448430592
198806003490365440
198806003234516993
198806003762987008
198806003993677824
198806004077563907
198806004035620865
198806004211793922
198806004450856960
198806004299874307
198806004585086976
198806004819951616
198806004979343360
198806004773826560
198806003490369536
198806005130342400
198806005390389249
198806005457485824
