198862377045860352
198862377784049669
198862377352036353
198862379596001280
198862379780546560
198862382615891968
198862383089856512
198862385098919937
198862383970652160
198862387548401665
198862389343555584
198862390790586369
198862390958362626
198862393579810816
198862396041854977
198862397933490176
198862397925113857
198862398575218688
198862399074349056
198862400789823488
198862401016299520
198862403436417024
198862403314786305
198862405760057345
198862407265812481
198862408134037504
198862410084384768
198862410956812290
198862411283968001
198862411875356673
198862411904729089
198862412135403521
198862414450663426
198862414698135553
198862416346492930
198862416115802112
198862418477199363
198862418296832000
198862420117164033
198862422147215361
198862422524698626
198862422663102464
198862424647024640
198862425385205760
198862426391846913
198862426215694336
198862427348140032
198862428874870784
198862429504016386
198862430774894592
198862430959435776
198862431496310785
198862433513779200
198862433698320384
198862433660575744
198862436156178432
198862436231675904
198862436445601796
198862437829718017
198862438706323456
198862440144965632
198862442426662912
198862439629070336
198862448588103680
198862453122146305
198862453378002945
198862454149758976
198862457656188928
198862458717356032
198862458591522816
198862459854004224
198862461443653632
198862461372342272
198862462873911298
198862463926677505
198862466145468418
198862466451640320
198862467881902081
198862467739303936
198862468552994816
198862469769342976
198862469890981889
198862470364930048
198862470943752192
198862472038465536
198862474559225856
198862475662344193
198862477692387328
198862479256854530
198862480074752001
198862482339667968
198862482415173633
198862484273238016
198862484180963329
198862485141454851
198862486022258689
198862485946765313
198862488513687552
198862489209929728
198862491055431680
198862491860733952
198862492288565248
198862493555240960
198862493395857408
198862494100492290
198862498793930752
198862499905417216
198862499599237120
198862500282904576
198862502145179650
198862502870781952
198862503445409792
198862504154238977
198862508344356864
198862508713447425
198862510135320576
198862510399565824
198862510261145600
198862512807084032
198862512698048514
198862513440432129
198862514119901184
198862514858115072
198862515512422400
198862513725644800
198862518616195072
198862518591041537
198862518435856384
198862517907369985
198862521149554688
198862525297729536
198862526988038144
198862527365525504
198862529420722176
198862529827581952
198862532105084930
198862536358113280
198862535573774337
198862537989701632
198862538308468736
198862538769825793
198862539893903360
198862541835862017
198862543308062720
198862543102558208
198862542314012673
198862544201449473
198862547548508161
198862548836155392
198862550606151680
198862551734419456
198862553324077056
198862554137763840
198862554800463872
198862555022757889
198862556658548736
198862557216378881
198862558470471681
198862559657463808
198862561662353408
198862561360359424
198862562379579392
198862563688202241
198862566489980928
198862569149186048
198862571229552640
198862570873028609
198862571040817152
198862575524528128
198862575956533248
198862577961406465
198862581031649280
198862581241352193
198862583002972160
198862583351099392
198862583007154176
198862585414696960
198862587964825601
198862589063725056
198862595774611456
198862597183897601
198862599419461633
198862599629193217
198862600245751808
198862599230734339
198862601185280000
198862601826996226
198862603630546944
198862607669673984
198862607694839809
198862610215600128
198862610697953280
198862611637485568
198862610731503616
198862612178534401
198862611855577089
198862612522475521
198862615127142400
198862615542370304
198862615903084544
198862616905527296
198862621091430400
198862622907580417
198862624362987520
198862624363003904
198862626485317632
198862627919765505
198862628309831681
