198801727334526976
198801727468736512
198801728446005248
198801728857063424
198801728693473280
198801730148909057
198801730052427776
198801730505416704
198801729981132802
198801731713384448
198801731621097472
198801731759513600
198801732212494337
198801732573208577
198801733810528257
198801732539654145
198801734020239360
198801733894422529
198801733953126402
198801733416267776
198801735123341312
198801734167044096
198801735949619201
198801735911870464
198801735521808384
198801736532631552
198801736717172736
198801736486498305
198801735605682179
198801737220505600
198801738675929088
198801740685000705
198801735265951744
198801741217677314
198801741205086208
198801742148812800
198801742043955201
198801741821644801
198801743201583106
198801743461621761
198801743428067330
198801743692312577
198801743910408194
198801745135140865
198801745793662976
198801746447970304
198801746770931712
198801746947088386
198801746611539969
198801747291013120
198801747395878912
198801747890814977
198801747551072256
198801748226355200
198801748725477376
198801748247322625
198801748838715392
198801748297658370
198801749379780608
198801749455278080
198801745810423810
198801750424162304
198801751325937665
198801751216889857
198801751732785152
198801752223514626
198801752961724418
198801753112719361
198801752856858624
198801753230163970
198801753481814016
198801754631061505
198801754895302657
198801755767709696
198801756237471746
198801756367486976
198801756346531842
198801756392660993
198801756484931584
198801758087159809
198801757776777216
198801758363983873
198801758733082624
198801758993121280
198801759446114304
198801759932661761
198801762268880896
198801762474405888
198801763007078400
198801762470199300
198801763778838528
198801764256989185
198801763543953409
198801764642865152
198801765406228481
198801765485903872
198801765804683264
198801766538674178
198801766333161474
198801766249275393
198801766584815616
198801767281074178
198801768061214722
198801768723906561
198801769952845825
198801770175139840
198801768900083712
198801770477129728
198801770997227521
198801771349540864
198801771886411777
198801773543170048
198801774101016578
198801774356856832
198801774612725761
198801774986014720
198801775220887553
198801775413829632
198801774247809024
198801777322229760
198801777343217664
198801777645199360
198801777057988608
198801776659546112
198801778014302208
198801778609897473
198801779520057344
198801779650076674
198801780224688128
198801780652511233
198801780941922305
198801779276791808
198801780774146048
198801781373939715
198801780392472576
198801782703521792
198801782766448640
198801784251219968
198801784653889536
198801785392078848
198801786281271296
198801786369359872
198801786457436161
198801787166261248
198801786545516545
198801786910416897
198801788068048896
198801788047081474
198801788571361281
198801788718157824
198801789582180352
198801790047748096
198801790605590529
198801790144233474
198801790869843968
198801790895001600
198801790815309824
198801791431872512
198801790928551936
198801791566102530
198801792518197248
198801792597897217
198801792044240896
198801792685973505
198801792849555456
198801792740507648
198801793214459904
198801794179145728
198801793738747904
198801794414018560
198801794602778624
198801792958611456
198801794686664704
198801794867015680
198801795324190720
198801794850242562
198801796301459456
198801796955774976
198801796385345536
198801797677187073
198801797282934786
198801799090679809
198801798566391808
198801799510097920
198801798688014337
198801799703052291
198801799833067522
198801797308100608
198801800286060546
198801800919400448
198801795047374848
198801801888276481
198801801577893891
198801803113021440
198801803092041731
198801803712790528
198801801997336580
198801803834437632
198801804312576001
198801804794925056
198801804169986048
198801805231132673
198801804732006402
198801804505526272
198801805549907968
198801806179049472
198801806074187777
198801806338424832
198801806787215360
198801806904659968
198801807055663105
198801806963376128
198801806443282432
198801807223435264
198801806564917248
198801807609315328
198801808137789441
198801809429630977
198801809391882242
198801810050396161
198801809823907841
198801810469830656
198801811510001665
198801812130758656
198801812449542144
198801813166768129
198801813372289025
198801813934309376
198801813829464064
198801814479581185
198801814701867008
198801814836084737
198801815591067648
198801815502995458
198801816253763584
198801816291508224
198801818363510785
198801818954903553
198801819445628928
198801819571458049
198801820133502976
198801819986706432
198801820913635328
198801821240786944
198801821874130946
198801821895098368
198801820884283393
198801821949636610
198801822465531904
198801822180311040
198801822784290816
198801822767529987
198801823149211648
198801823530893312
198801823673495552
198801822822051840
198801824797573121
198801825393160192
198801826135556096
198801826416558081
198801827360288769
198801827586785280
198801827834245120
198801828115263489
198801829319016448
198801829969149952
198801830375993345
198801830875111424
198801829964939264
198801830355009536
198801831651057664
198801831776886785
198801832154370049
198801829709103104
198801832825454592
198801833278447616
198801833408479233
198801832737374208
198801832968060928
198801833626570752
198801832645103618
198801834746462209
198801831722369025
198801835958611968
198801836436762624
198801837128810497
198801837019770883
198801837539864576
198801838206758913
198801838320001025
198801838429044736
198801832800296960
198801838986895360
198801839041417216
198801839880290304
198801839288885249
198801839838334977
198801840094191616
198801840085803009
198801841058885632
198801840723329024
198801841444765696
198801841679634433
198801840773664768
198801842178756608
198801843009232896
198801843101499393
198801843688701953
198801843428671490
198801843898421249
198801842048741376
198801843017625600
198801843739033600
198801844741480448
198801845093810176
198801844951195648
198801845399994371
198801847014797312
198801847446798337
198801848700895232
198801848981917696
198801848814153729
198801849065816064
198801849564938240
198801849061617664
198801849128726528
198801849053229056
198801852131840001
198801852677099522
198801852874231811
198801853012656129
198801854375796736
198801854010900480
198801854807805952
198801854967185409
198801854933647360
198801856108036098
198801855722160130
198801853755039744
198801857261473792
198801857945153536
198801858297470976
198801858557526016
198801859761283072
198801859866140674
198801860147163136
198801858951774211
198801859744514048
198801860285571072
198801860411396096
198801860495282176
198801860587560961
198801860885360640
198801860377853952
198801860826644482
198801860646285313
198801861615157248
198801861455790081
198801861648715776
198801862026203137
198801862462418945
198801863200608256
198801862709874688
198801863490019329
198801863544553472
198801863624245249
198801863531970560
198801864169500672
198801864559566849
198801864333078529
198801863892680704
198801865377460226
198801864735731712
198801866283425792
198801865733976065
198801867101323264
198801867466223616
198801867357175809
198801867923406848
198801868934225921
198801868774838272
198801870075076608
198801872335798272
198801872067379200
198801872918814724
198801873677975553
198801873896087552
198801873891897344
198801874168717315
198801873782837248
198801874768494594
198801874831425536
198801875280207874
198801875045335040
198801875276017665
198801876320387073
198801872105111552
198801876613988353
198801876962127872
198801878530789377
198801878669205504
198801878950227968
198801879273185280
198801880363696128
198801880216911875
198801880825085952
198801881303220224
198801881835896832
198801882850918400
198801881684901890
198801883748503554
198801884461547521
198801884524445696
198801884465729538
198801884872585216
198801884985823233
198801884742549505
198801885220712448
198801886273486848
198801885438820352
198801886206369792
198801886562893825
198801886449631232
198801884587368448
198801887481446401
198801887393366016
198801888462897154
198801888035086336
198801886923587585
198801889104642048
198801889054294018
198801889746362368
198801889670864896
198801890300010496
198801891067564032
198801891570888704
198801892208410625
198801892275535873
198801891696717824
198801892413935617
198801892485234689
198801893173112832
198801892061622272
198801892019671040
198801893441544195
198801894322343936
198801895219920897
198801895224119298
198801895656140800
198801895555473409
198801895832305664
198801895853273088
198801896838922240
198801898260803584
198801897426137090
198801897690374147
198801897157693444
198801897900097536
198801897392574465
198801899338739713
198801899821084673
198801901372981248
198801901914034176
198801902220218370
198801902631264257
198801902996168705
198801903075856385
198801903700803584
198801903356870657
198801903931502593
198801903742750720
198801904560644097
198801904942325760
198801904887791617
198801904938127361
198801905193992195
198801905756016640
198801906146082816
198801906695536641
198801906393563136
198801906041237504
198801908104839168
198801907899318272
198801908218068992
198801908448772096
198801907924471808
198801908528459777
198801908629127168
198801908285181953
198801909312790529
198801909254070272
198801909103071232
198801909312798720
198801910277488640
198801910533324800
198801910181011456
198801910583672833
198801911057629184
198801909971300353
198801912039084032
198801911984553984
198801911636430848
198801912672432128
198801913188331521
198801913557434370
198801913041518592
198801914106880002
198801913259638784
198801915335806976
198801914744414208
198801914689896448
198801915323224064
198801915264512001
198801915566489601
198801916564733954
198801917030301696
198801917575577600
198801917554597890
198801918049529857
198801918309572608
198801917890138113
198801918586404865
198801918733193217
198801918968074244
198801918997442560
198801919098109952
198801919861460992
198801920478031873
198801920683552769
198801921237192704
198801921744707584
198801923095273473
198801922944274432
198801923263037441
198801924617809921
198801925658001409
198801924923998209
198801925200822273
198801926257782787
198801926001930240
198801927331524608
198801927138578432
198801927809675264
198801927256027140
198801928044552193
198801928342355971
198801930527580160
198801931144151042
198801931219636225
198801931613913088
198801931664236544
198801932339519488
198801932175941632
198801932784107521
198801933300023296
198801933421649922
198801933555867648
198801934675742722
198801934461829121
198801935321665537
198801935309094914
198801935556554754
198801935992762368
198801936370249728
198801936122789888
198801936873562113
198801937041330176
198801936865173504
198801937594978305
198801937431396355
198801938609995777
198801940061233152
198801940577132546
198801940669415424
198801941189492736
198801942162575360
198801942254850048
198801942410051584
198801942661705730
198801943223742466
198801944503009280
198801944528166912
198801945761300481
198801945119563776
198801946038120450
198801946029731840
198801946428186624
198801946314940417
198801947392880640
198801947850051585
198801948143648770
198801948307243008
198801948688908292
198801948579856385
198801948714078209
198801949473247233
198801949674573826
198801950144335872
198801950303719424
198801950916091904
198801951071281152
198801951184519168
198801951167750144
198801951759155204
198801952807731201
198801953940193284
198801953445261313
198801953789190144
198801954888089600
198801955114590208
198801952480575492
198801956758761472
198801954510602240
198801958306447361
198801957660536833
198801959476658176
198801959434723330
198801959191449601
198801959153696769
198801959619280896
198801960558804992
198801956821667840
198801961204715521
198801961410240512
198801961406054400
198801961523482626
198801962156830722
198801961527672834
198801963335417856
198801963381571584
198801963473838081
198801963670962176
198801964484673538
198801965155753984
198801965172531200
198801965365477376
198801964354650112
198801965499691008
198801965180915712
198801965399019520
198801966372106242
198801966548262912
198801966606991360
198801966330150914
198801966581813248
198801967030607872
198801967152246784
198801967320018945
198801968372781056
198801968439889920
198801965948481538
198801967953362944
198801969975009281
198801970100846592
198801970184732672
198801970256027650
198801969832394753
198801970453151744
198801970880983042
198801971044548608
198801971237490688
198801972382539776
198801973120737280
198801973431107584
198801973053624321
198801974513242112
198801974202867713
198801973976383488
198801974714572801
198801975679258624
198801976648151040
198801976325177346
198801976824315905
198801978674003968
198801978816602114
198801978770464770
