198789144904867843
198789145601130498
198789146154770432
198789146414813185
198789147467591680
198789147723444224
198789150529437698
198789151305379841
198789150172917760
198789152630779905
198789154333663236
198789154761478144
198789155193499649
198789156158181380
198789157949153282
198789158385369089
198789158859317248
198789158544748546
198789159295533056
198789159614291968
198789160591568896
198789161086492672
198789161807921152
198789162734862338
198789163066200064
198789163544354816
198789164823609344
198789164077039616
198789165540851716
198789167243726850
198789167843520516
198789168258748417
198789167453454338
198789167793180672
198789168946622464
198789170402033664
198789172675346433
198789173342244864
198789173338062848
198789174046887936
198789174923509760
198789175271620609
198789175628144641
198789175410049025
198789176253091840
198789176051761152
198789177083572225
198789177062592512
198789177926619137
198789178161504256
198789179067469826
198789180069912577
198789175925940225
198789180590010370
198789182062198785
198789184083861505
198789184146767872
198789184469737473
198789184876593152
198789184868188161
198789186445262850
198789188798263296
198789188504649729
198789189230272512
198789189792305154
198789190601805826
198789192896090114
198789193491693572
198789194175361024
198789195991482368
198789196540944384
198789197186867201
198789197979586562
198789198579372033
198789199074304001
198789199237885952
198789200768798720
198789200802349056
198789201360207872
198789201632829441
198789203293777921
198789203738361856
198789204698861568
198789204891803648
198789206254952450
198789206384971777
198789206896676864
198789207261585410
198789207265779715
198789207362240512
198789208616345600
198789208935112704
198789208729600000
198789208616353792
198789206951211009
198789209702674432
198789210847715330
198789211292315648
198789211791441920
198789208490512385
198789211837579265
198789212877750273
198789213943111680
198789214983307266
198789214857469953
198789215369175040
198789215864102913
198789216447107072
198789216816214019
198789217319526400
198789216958816259
198789217768321025
198789217445359618
198789217915125760
198789218464571393
198789220217786368
198789219559288833
198789221094395905
198789217181122560
198789222927314945
198789223157989377
198789222738575360
198789224718274561
198789225599082496
198789224936390656
198789225636835330
198789226517639169
198789228040171522
198789228379914242
198789229382336512
198789229319430145
198789230992953345
198789231202680832
198789231391408129
198789231521439744
198789229373947905
198789232058310657
198789232268017664
198789232515485698
198789232544854017
198789233928978432
198789233178193920
198789234537136128
198789235594104832
198789235883507713
198789236751732736
198789238425272320
198789239528366080
198789239419322370
198789241331924992
198789242774757376
198789243076739072
198789244016263168
198789244129509376
198789244527968256
198789245844992000
198789246402834433
198789243076743168
198789246851629056
198789246885171201
198789247971504130
198789248160243714
198789245966614528
198789248630013952
198789249875718145
198789249670197248
198789250219646978
198789250349670400
198789250173513728
198789251356295169
198789251964473344
198789252149030913
198789253617033216
198789253390532609
198789249154301955
198789255168917504
198789255349284865
198789255466717184
198789255332499456
198789256947302400
198789257236721664
198789257115078660
198789257664540672
198789258536943616
198789258868301824
198789258771832834
198789259916881920
198789261531688960
198789262085337088
198789263037435907
198789263490416640
198789264559980545
198789264807444480
198789260197900289
198789266464194562
198789267340791809
198789268343238659
198789269521825794
198789269924487168
198789269366640640
198789272092950528
198789273942622209
198789274643083264
198789274945060865
198789275641315329
198789275389673473
198789276757000192
198789278103388160
198789278451515392
198789279483297793
198789282188640256
198789283648245760
198789283853774851
198789284378050560
198789285267247105
198789283807629313
198789282553532416
198789285569241090
198789288886927362
198789289012756480
198789291504181248
198789291244134401
198789293752336384
198789294448590848
198789294545055744
198789295799152640
198789295824318464
198789296315043840
198789298710003712
198789299137818624
198789299305590784
198789298764525569
198789299544662018
198789299251060738
198789299154591745
198789299796324354
198789301515988992
198789301587283971
198789301696348161
198789302568751106
198789302526816256
198789302887522304
198789302619095040
198789302963011585
198789304015781888
198789303273402370
198789304351330306
198789304733020162
198789304670105600
198789307681607681
198789308054896642
198789308705030144
198789310047191043
198789309896204288
198789309996871681
198789310361763841
198789310403723264
198789310898638850
198789312265977856
198789312979025920
198789313352318978
198789314350546945
198789315369766912
198789315319435265
198789316435132417
198789316921655296
198789317445947393
198789319073341441
198789319140454400
198789319996092416
198789321740914689
198789322193895425
198789323666108417
198789323506712576
198789323221516288
198789324416892928
198789327671672832
198789328296611844
198789330788036608
198789331920502784
198789332558024704
198789332750962689
198789332876804096
198789332805488640
198789333828898816
198789333447221248
198789334613229569
198789334160252929
198789335401766912
198789335817003009
198789336790073344
198789337943515136
198789338002243584
198789338618802176
198789338425856000
198789336039292930
198789340200046592
198789340871143424
198789339734487040
198789340720144384
198789340753694720
198789340665610240
198789341781307393
198789342011990019
198789343358357504
198789343580667907
198789344608264193
198789341080854528
198789344956391425
198789337566035968
198789345711370240
198789345254187008
198789346155966464
198789346290176002
198789347208736769
198789348043390976
198789347728830466
198789348416692225
198789347791745024
198789348873863168
198789349612077056
198789349452685312
198789352082505729
198789353013641216
198789353806372864
198789353416294400
198789355161137153
198789356268429313
198789356578811905
198789357279264770
198789357635768320
198789357807730688
198789359430934528
198789359913279488
198789361309986817
198789361377095680
198789361280614401
198789362547310593
198789362580848640
198789364082413568
198789364426354688
198789364778680321
198789364640260097
198789366477373442
198789366871633922
198789367253311488
198789367303651330
198789367504969728
198789369061060608
198789369925083137
198789369610502144
198789370050912259
198789368738086912
198789369480478721
198789370621329408
198789370587787266
198789371451805699
198789373599285248
198789374828232707
198789375495118850
198789375453179907
198789375948099584
198789377722302464
198789377869086720
198789378804432896
198789380146606082
198789379966255104
198789380159193088
198789380335337472
198789380477947904
198789380574412800
198789380658298882
198789381123870720
198789382151487488
198789382524772353
198789382654803968
198789382260523008
198789382646403073
198789375172165632
198789384512880640
198789384609333249
198789384831643650
198789385725026304
198789385813110784
198789386203172864
198789386576474113
198789387000090624
198789387176259584
198789387344031744
198789387004280832
198789388493275136
198789389936107520
198789390401667074
198789390703656961
198789390930149376
198789391366373377
198789391869689856
198789391982936065
198789390888222720
198789393882939393
198789394377875457
198789394726006784
198789395078332417
198789395036389376
198789395866857472
