198781345378467841
198781346024407042
198781345990852612
198781347806986240
198781347702116352
198781348733915136
198781348339646466
198781349975429121
198781349623111681
198781349413400576
198781349220450304
198781350159982592
198781351388905473
198781350667485184
198781347077165056
198781352387166209
198781352886284288
198781351414083584
198781355386077184
198781356199788545
198781356325609474
198781356992499713
198781359538438144
198781362533183490
198781362512199680
198781361996304386
198781365087518720
198781367063027712
198781366597459970
198781367125934081
198781368388427776
198781369030156288
198781369403453440
198781371173449728
198781370837909504
198781373375459329
198781373094440961
198781373060886528
198781373706809345
198781374835077120
198781375229333504
198781375887851520
198781376038834176
198781370674319360
198781376462462977
198781376609255424
198781376839950336
198781377427161088
198781377364238336
198781380438671360
198781380358971392
198781381256556545
198781381839556608
198781383139790849
198781383160770560
198781383047516160
198781383433388033
198781383173345280
198781384611991555
198781380837130241
198781385048199170
198781383982850050
198781387636097025
198781387527036928
198781389825519616
198781391410970626
198781391905898496
198781392799268864
198781393059323904
198781394216947712
198781395806593024
198781396288933888
198781397308149760
198781397022949377
198781397979242497
198781398306394112
198781399422074883
198781399350771715
198781399417880577
198781400281923584
198781400541962240
198781400713932800
198781401502461952
198781403339571200
198781403750608898
198781404513968128
198781404501389312
198781404627222529
198781405969395714
198781406149750785
198781406728556545
198781406816645120
198781406728564736
198781403821899777
198781405919059970
198781405096972288
198781407722614784
198781407592583168
198781408385306625
198781406799867905
198781408804737025
198781409714905088
198781410440527873
198781412638330883
198781412877418496
198781412919345154
198781412877410304
198781413510754304
198781413544300545
198781414001487873
198781415171690497
198781415758897152
198781416820064256
198781416530649088
198781416614526976
198781417331765249
198781416740368384
198781418279673857
198781418707492865
198781415956025347
198781418657153024
198781421119209474
198781421584793600
198781419902873601
198781421928714240
198781423333801986
198781423325429760
198781423656775680
198781424088793088
198781424537567233
198781424449499136
198781425242218496
198781426760564736
198781427049963521
198781427960119297
198781428668956672
198781429264551936
198781429902082049
198781430740955138
198781430489300992
198781431936331776
198781435090452481
198781435937689603
198781436638142465
198781438089379841
198781439427362816
198781439918088193
198781440257822720
198781441058938880
198781440903757825
198781441960714241
198781441671311360
198781442480816129
198781442623414276
198781442937991168
198781443793633280
198781444854784001
198781445496508417
198781446876446722
198781446993874945
198781445253242880
198781448793235457
198781448893898753
198781449263001600
198781449594339328
198781449615323136
198781451595030528
198781452073189376
198781452165455872
198781452828151809
198781454468136960
198781454455549953
198781455135031297
198781454057086976
198781456963747840
198781458448519168
198781458784059392
198781459140591617
198781460029775873
198781460268851203
198781460214325249
198781460797341696
198781460877017089
198781460893810689
198781460587622401
198781462340845568
198781463662034945
198781464140201986
198781463792070658
198781464949702656
198781465163595778
198781465734033409
198781466262503425
198781466845519872
198781467155902464
198781466774212610
198781466740670466
198781466862305281
198781468489691137
198781468430958592
198781469299191809
198781471505383425
198781473417994241
198781475007639553
198781475750035456
198781476949606401
198781477310304257
198781477364842497
198781477918474241
198781477473894401
198781478807666688
198781480409894912
198781481487826945
198781481773043712
198781482406379521
198781482783875072
198781483782119425
198781484218327042
198781485753442304
198781485011058690
198781486940434432
198781484067332097
198781488005783554
198781487972220928
198781489356357632
198781490220367874
198781490824364034
198781487129182210
198781492325924865
198781493059919874
198781493491937280
198781494276276224
198781494397898752
198781494179803136
198781494750216195
198781495840743425
198781496004317184
198781497208094721
198781496423755776
198781496746721280
198781497686228993
198781499254902787
198781499984711682
198781501347860480
198781500550938624
198781500508999681
198781501704388608
198781503268864000
198781504166440960
198781506695598081
198781507651895297
198781508486569984
198781509207986178
198781509858111488
198781510214615041
198781510629867521
198781510957010945
198781511405809664
198781511615524867
198781511749738497
198781511816843264
198781512378884096
198781512244670467
198781513972723712
198781515302322177
198781515721752577
198781515537195008
198781517017792514
198781517349138432
198781517609172994
198781518729056256
198781519836364800
198781519945416706
198781520591335425
198781521849618433
198781521442779136
198781521656680448
198781521010765824
198781524135522306
198781525632892928
198781526501113856
198781526878593024
198781527776174080
198781527025401857
198781529390972928
198781529961402368
198781530301140992
198781532083720192
198781532910002178
198781532490563584
198781532276662272
198781534659031040
198781534931660801
198781536240279552
198781537427271680
198781538282901504
198781538572320768
198781541135032320
198781542066163713
198781541751590913
198781542686928899
198781543244767232
198781543781629953
198781543932628992
198781543580311553
198781544222035969
198781544867971073
198781543798407169
198781545509695490
198781545136394240
198781545207697408
198781545539059713
198781545862004736
198781548084989952
198781547384541184
198781548449906689
198781543945216000
198781545966870528
198781548944830464
198781548974182400
198781551171997698
198781551197163521
198781552430292997
198781553566945280
198781553323671554
198781554850410496
198781554711994369
198781557887082498
198781558407172096
198781559095037952
198781559208284160
198781558717550592
198781561167020033
198781561422876672
198781562211409921
198781563738132480
198781563297730560
198781564006576128
198781564556025856
198781565604593664
198781565919170561
198781565654941696
198781566485413890
198781566300856321
198781567211012096
198781567466876928
198781571493408768
198781572550373377
198781573720580096
198781574546857986
198781575205367808
198781575939375104
198781578120400896
198781577990381568
198781578053300224
198781579567443968
198781579005411328
198781580389515264
198781580288868352
198781582708977664
198781583010971648
198781584235700226
198781584390881280
198781584235696131
198781585087139841
198781585829535749
198781586634846208
198781586819391490
198781588056711170
198781587746336769
198781588593582080
198781588736180225
198781588983656450
198781588178337792
198781589415657473
198781589558280192
198781589541502976
198781590489415683
198781590208393218
198781591013687296
198781590841720832
198781591240183808
198781591613489152
198781591403761664
198781592477503488
198781593026953216
198781592330698753
198781592691412994
