198785874073358336
198785873922363392
198785874878668800
198785875772059649
198785874463424514
198785877311361025
198785876376035328
198785877420412928
198785878108286976
198785882227085312
198785884341026817
198785885913890819
198785886702419971
198785887595794432
198785888912809987
198785889676169216
198785891001577472
198785891458760704
198785891861401600
198785891911737344
198785893283282945
198785893648183296
198785893585268737
198785894369603585
198785895636287490
198785896823275520
198785896542244864
198785896802299905
198785897498558464
198785898022830081
198785895040679936
198785898631016448
198785898614243328
198785899478265856
198785899448905730
198785900048678913
198785900317122560
198785897355943936
198785900988207105
198785901059506176
198785901697052673
198785903647399936
198785904284942337
198785903676768256
198785904666611713
198785905249615873
198785906667290624
198785907464208384
198785907774595073
198785909473284097
198785909691387904
198785909766889472
198785909708173313
198785909393604608
198785910471528448
198785911503335425
198785912526737408
198785913181052928
198785913353023488
198785913306886144
198785913306873857
198785914263183361
198785915617943553
198785915999633409
198785918050643968
198785918587510785
198785918105169921
198785918402957312
198785919589957632
198785919829028866
198785920957300736
198785921510948864
198785922169450497
198785922140078080
198785922152677376
198785923721334786
198785924052692993
198785924031725569
198785925763969025
198785926430867456
198785926145642498
198785926732845056
198785927806599168
198785928347664384
198785929295568896
198785930264453122
198785934597165057
198785934601363457
198785933510836225
198785934773325824
198785938032295938
198785939043127296
198785938359463936
198785940154626049
198785941232553984
198785941656190976
198785942704754688
198785943291953153
198785944193732609
198785944822886400
198785945133268992
198785946903248896
198785948111208448
198785948127989761
198785944822874112
198785949440819200
198785950262890496
198785950099316736
198785950585851905
198785951995150339
198785952913686528
198785954486550528
198785954285236224
198785956520792065
198785957464510464
198785957091229696
198785957460324353
198785959792361472
198785959586824192
198785960337612802
198785960186609667
198785962313121792
198785963500109825
198785963684671488
198785963902771200
198785964473200640
198785964976513024
198785965257523201
198785964389310464
198785966268358658
198785966910087168
198785969317609474
198785969384726529
198785969770610688
198785969523130369
198785971058249728
198785968336146432
198785971544788993
198785972350099456
198785973264453632
198785973771976704
198785973998469120
198785974153658370
198785973931352066
198785978649944064
198785981065871360
198785983469203456
198785987084697600
198785988703698945
198785989244760064
198785990616301568
198785990901501952
198785988758220802
198785990897315840
198785993950773248
198785992923156480
198785995397808128
198785995834015746
198785996911935489
198785996274401280
198785997322981376
198785997188775938
198785997725646849
198785997314596864
198785997364924416
198785998346395650
198785998912634880
198785999847960576
198786001047519232
198786001752178689
198786002939150337
198786003874492417
198786005866774529
198786005367668736
198786007024402432
198786008064598019
198786008656003072
198786009482264576
198786011273240577
198786011331964928
198786011638149120
198786012019834881
198786013529784322
198786013743685632
198786014259585024
198786014448332800
198786014750310400
198786015878594562
198786018810408961
198786019179511808
198786020458766337
198786021180190723
198786021226328065
198786022669164545
198786021771579393
198786023763881984
198786024283979777
198786025475145728
198786028713164800
198786028964818944
198786029744947200
198786030613180417
198786031015833600
198786032152481793
198786032483840001
198786032836157440
198786033947643906
198786035029770240
198786034924916736
198786034740371456
198786033981210624
198786035398873088
198786035419844609
198786036514553856
198786037428920321
198786037009481728
198786037806399490
198786038431354880
198786036699119616
198786041933606912
198786042940227584
198786043380641793
198786041140871168
198786045444239360
198786048040505346
198786048208273408
198786049806307328
198786046778032129
198786050754224128
198786050712276993
198786051169464322
198786048506085376
198786051911860224
198786051836362753
198786053388255232
198786054843662336
198786057175695360
198786057989398531
198786057901314048
198786059092492290
198786059289628672
198786059260264448
198786060317229057
198786060145270784
198786059860062209
198786062326300672
198786060896047106
198786064457019392
198786065941807104
198786066185068544
198786070211596288
198786069733441537
198786070832353280
198786071159504898
198786072526864385
198786076092022786
198786077488713729
198786077006376960
198786078495354880
198786079493591040
198786079564902400
198786080756084736
198786080512802816
198786080944832515
198786081188093954
198786082190536707
198786084900057088
198786086242230273
198786086128988160
198786085957009408
198786086988812288
198786086921707520
198786088494567424
198786089060802562
198786088578449408
198786089090166784
198786090977595392
198786092428832768
198786092978290688
198786092936347648
198786096417607680
198786097319383041
198786098107920384
198786097852071937
198786098728677378
198786101715017729
198786102872649730
198786103975747584
198786104437125120
198786108560130048
198786108904046593
198786106647511041
198786110405619713
198786110611128320
198786112104312834
198786113022861313
198786113224187904
198786113748475905
198786114377629698
198786114058862593
198786115103244288
198786116265050112
198786116806119425
198786117724667904
198786119322701825
