198851054522216448
198851054362820610
198851056636141570
198851055767916544
198851057978322945
198851059886727168
198851060469731328
198851061463785472
198851061304397824
198851062466220032
198851064013926401
198851064634679297
198851064122982401
198851065964269568
198851066396291074
198851066635362304
198851067084148736
198851068816396288
198851069764321281
198851071030992896
198851072406728704
198851072851329024
198851073677590528
198851075955113985
198851077066600448
198851077955796992
198851080908574721
198851082296901632
198851080468185088
198851083987202048
198851081906831362
198851085220315138
198851086172430337
198851086247931904
198851087858532352
198851089347514368
198851089351716864
198851090064736256
198851092279328768
198851093961256960
198851096050012161
198851096318455808
198851097442533376
198851097429934081
198851098444959744
198851099845861376
198851099871035392
198851098801487872
198851104916770816
198851105298448384
198851105856307200
198851107630481409
198851107588546560
198851109937352705
198851110411317248
198851108469350401
198851110834929665
198851110608437248
198851112130981888
198851112214859776
198851112651075584
198851113338945538
198851113527681024
198851113972277248
198851114853081088
198851116862148608
198851117235437568
198851119114493952
198851118678286337
198851117772312576
198851119320006656
198851119231938561
198851120603480065
198851120737697793
198851125313667072
198851125749878784
198851126655848448
198851127054303232
198851127628922882
198851128098697217
198851128551673856
198851128522317824
198851129398927360
198851131135369217
198851132095868928
198851131881947136
198851132427218945
198851133006020608
198851133853270017
198851134151077888
198851134952177664
198851136319537152
198851136227254273
198851137288421376
198851137674293248
198851138773196801
198851141721800707
198851142837469184
198851142908784640
198851141583380480
198851145979006978
198851147115663362
198851147757395968
198851147606396928
198851148919218176
198851148541730818
198851149569331201
198851151075086337
198851151377084416
198851152849285120
198851154858352640
198851154413752320
198851155248427009
198851155126792194
198851155739148288
198851157043580928
198851156754182144
198851159383998464
198851159774085120
198851160235454464
198851160977833985
198851162080940033
198851162303246337
198851162588446720
198851163662200832
198851163859333121
198851164022915074
198851165608357889
198851166153609217
198851169022513152
198851169148342272
198851166602395648
198851171518128128
198851172122112001
198851171555872768
198851174101823488
198851174961655810
198851177998323713
198851178686189568
198851179566993409
198851180212912128
198851177759248384
198851180447793152
198851181672534016
198851180904972288
198851184990228482
198851185061531650
198851184839245825
198851186311446529
198851186428874754
198851186999304192
198851188911910912
198851190174384128
198851189637529601
198851191927615489
198851192015691776
198851192107958274
198851192145715201
198851192556761088
198851192837771264
198851193177509888
198851193064271872
198851196008673280
198851196864315393
198851196667166721
198851197287940096
198851197665419265
198851197619286016
198851197694787584
198851197904494592
198851199569633280
198851199045349376
198851200609816577
198851200588849153
198851200685309953
198851201775841280
198851201041829891
198851201591296000
198851202086207488
198851202417557504
198851202669223936
198851206016270336
198851206926450688
198851207257800705
198851209552080896
198851209111670784
198851212794265600
198851214027403264
198851214757216256
198851215226974211
198851215679954946
198851218561449984
198851218590793728
198851219593236480
198851220276916224
198851222449565696
198851223405854722
198851225242972160
198851228271247360
198851229256912896
198851229797990400
198851230666207232
198851232012582912
198851231693803522
198851232981467137
198851233027596288
198851232876601344
198851234935996416
198851237892988929
198851238643765248
198851239184842752
198851240032079872
198851240245989376
198851241869185024
198851242213113856
198851242821287936
198851242385080321
198851243026812928
198851243286872064
198851244087967745
198851244981354497
198851244046032897
198851246310965248
198851247212732417
198851247615389696
198851248483606528
198851247300804608
198851248542322688
198851250559778816
198851250421366784
198851252002619392
198851252359143425
198851253936201730
198851255781699584
198851256188551168
198851256448581632
198851260202491905
198851260793892864
198851263155286016
198851264845594624
198851267458633728
198851268213608449
198851270453379072
198851266649141248
198851271858470912
198851274312130560
198851274186297344
198851274475708416
198851275255844865
198851273309700096
198851277269114880
198851277151666177
198851277835350016
198851278925864960
198851277533364225
198851279269801985
198851279102025728
198851279768928256
198851279869583360
198851281119490048
198851281253699585
198851281010438145
198851283078221824
198851284399439872
198851285431222273
198851285510914050
198851286085550082
198851287234789376
198851288425955328
198851289378062336
198851289566814208
198851289805893632
198851293433962496
198851293572366336
198851294130212865
198851294369288192
198851295141044225
198851292175671296
198851295791161345
198851296969756672
198851296369979392
198851298819440640
198851300664950785
198851300685914112
198851301067587584
198851301931618304
198851302019698689
