198844257568702464
198844258533392384
198844259506466816
198844260039147521
198844260106240000
198844261335179264
198844261435846656
198844262924820480
198844263231008768
198844263482654720
198844264778698752
198844264581578753
198844264577372160
198844262224367616
198844265739194368
198844266292854784
198844264908734465
198844266708090880
198844267987349504
198844268222222338
198844268633264128
198844269228859392
198844270029963264
198844268863950849
198844269983842304
198844269883179008
198844269765722113
198844270633951232
198844271586066432
198844271669948416
198844272332640256
198844273184083968
198844273372823553
198844275071524864
198844275075710977
198844275604193281
198844275604205568
198844275969101824
198844276040417280
198844276493398016
198844277281914880
198844278510862336
198844278573772801
198844278611525632
198844279379066880
198844279915945984
198844279899168768
198844280255680513
198844280901599232
198844281887264768
198844281199398912
198844282289917953
198844283313324032
198844283518849024
198844283875360768
198844284772945920
198844284919746561
198844285183983616
198844284697452544
198844284961693697
198844286312251393
198844286853324800
198844286840737792
198844287486664704
198844286815576065
198844287604101120
198844287767678976
198844288040312832
198844283850194944
198844288250019840
198844288589766656
198844284940713984
198844289239875584
198844289604796416
198844291479642112
198844291978764289
198844292083617792
198844292368838656
198844291899080704
198844292855365632
198844293006360576
198844292712763392
198844293367078912
198844293232869376
198844294033981440
198844294562459648
198844292008132608
198844295183208448
198844295493595138
198844295543918593
198844296605081600
198844298060500993
198844297775296513
198844299520118784
198844299234914305
198844299482370048
198844300308652032
198844301134929922
198844301499842561
198844304721055744
198844304893022208
198844305572495360
198844305782210560
198844306512031744
198844307690622976
198844307493490688
198844308776943616
198844308802125825
198844309552902145
198844309565485056
198844310635020288
198844310811189249
198844309913616384
198844311398400000
198844312635707392
198844313172574209
198844314011447296
198844314816757761
198844314783191041
198844314971938816
198844315538178048
198844315982761984
198844316926488577
198844316981010432
198844315613659136
198844320181264385
198844320550363136
198844320386781185
198844320785248256
198844322894974976
198844323121463296
198844322836250626
198844324165857281
198844324098736128
198844324203597824
198844326019743744
198844325768081408
198844326397218816
198844327219302400
198844327902969856
198844327781351424
198844327642931201
198844328754429952
198844328725065729
198844329001889792
198844328917999616
198844329215787008
198844329295491072
198844330151129088
198844330008518656
198844329593278464
198844330834800640
198844331912736768
198844331925307392
198844332575436800
198844333137465344
198844333368156160
198844335603712001
198844335867965440
198844333531742208
198844335939260416
198844336941694977
198844337583427585
198844338950778881
198844338455855105
198844339177267200
198844339550556160
198844340146147329
198844340586545152
198844340943065088
198844340313919488
198844340896923648
198844342155218944
198844341760954368
198844342981509121
198844343929413632
198844345288364032
198844346471153664
198844347385511936
198844347549102080
198844348224385024
198844346898980864
198844348593475584
198844348819972096
198844349029687297
198844349843378176
198844349914685441
198844349818224640
198844350355087361
198844351097475072
198844351655321600
198844352599048192
198844352754233344
198844352888438784
198844353366597632
198844353035251712
198844353794416641
198844353924444160
198844353903472640
198844355019149312
198844355778322432
198844355757346816
198844356503932928
198844356105469952
198844356520710145
198844356914978816
198844357892243456
198844358479446016
198844358978584577
198844358974382080
198844359284760576
198844359330897920
198844360031350785
198844360538857473
198844359989407745
198844360115236864
198844360291389441
198844360891170816
198844360899575810
198844361809727488
198844362636013568
198844362275303426
198844362828939264
198844363252563968
198844364238229505
198844363999166464
198844364817039360
198844365462962177
198844365676879872
198844366478000128
198844367941808128
198844368076025857
198844368642248704
198844369434972161
198844369866989569
198844372786221056
198844373520220160
198844373524430848
198844371506954240
198844375139233794
198844374656884736
198844375739015168
198844376338800640
198844377181855745
198844377211215873
198844377706139648
198844378075246592
198844378280759296
198844378150739968
198844378935070720
198844378846998528
198844379203502080
198844379253841920
198844379585191936
198844380021391360
198844379727802368
198844380109484032
198844381992714240
198844383175516161
198844383473303552
198844383485890560
198844383993401344
198844384282812417
198844382454087680
198844384635129857
198844385377521665
198844385901805568
198844386086367232
198844388514856960
198844389051740160
198844389290803200
198844389324361729
198844388816863233
198844389974474752
198844389852852224
198844390586843136
198844390695899136
198844392251990016
198844392314912769
198844392033882113
198844393208287232
198844395007651840
198844391866105856
198844396236582912
198844396148494336
198844396983160832
198844397561970689
198844397444542466
198844397796868097
198844398144995328
198844398195322881
198844398765748224
198844398975451137
198844399336173568
198844399264870401
198844399826898945
198844399382298625
198844399537487872
198844399835283456
198844400346992640
198844400338612225
198844400959369216
198844400711892992
198844400690933760
198844398627332096
198844402066665472
198844402385428480
198844401919852544
198844402364452864
198844402674843648
198844402439954434
198844402968436736
198844402507055104
198844403291402240
198844403907969024
198844403329142784
198844403639533569
198844404260278277
198844404386111490
198844403924738049
198844404788764673
198844404360949760
198844404268662784
198844404767789057
198844402649661440
198844404985896963
198844404805550082
198844406202236928
198844406474883072
198844407062073345
198844406986579968
198844407888359424
198844408177754112
198844408311984128
198844408211316737
198844407330516993
198844407921905664
198844408421036032
198844408395857920
198844408471355392
198844408815304705
198844408668495872
198844409155026944
198844410350403585
198844410421714945
198844407947083777
198844403807301632
198844408572030977
198844411793244160
198844412015542272
198844412095250432
198844411696783360
198844412493701122
198844412787298304
198844413055746049
198844412569198592
198844413072510976
198844413592616960
198844413382893568
198844412892155905
198844414175612929
198844414691516416
198844415354212352
198844414678937602
198844415844954112
198844417430396928
198844417539440640
198844418214731776
198844418902605824
198844419187810304
198844419993108480
198844420072804352
198844420076998656
198844420077002752
198844420429328384
198844420634853377
198844420521607168
198844420718735360
198844422144794624
198844422245453824
198844422992052224
198844423126261760
198844426301345792
198844427547049985
198844428197179393
198844428293640192
198844428742438912
198844433461030912
198844433792368640
198844435100999680
198844434920648704
198844435495260162
198844435612700672
198844436468346880
198844437030383616
198844438049599488
198844441866403840
198844443439271936
198844444500443136
198844445645488129
198844445662257152
198844445737754624
198844447021215744
198844446438207488
198844445796466689
198844450615734272
198844450947088384
198844451970490369
198844454084427776
198844454256394240
198844454629683200
198844457678934016
198844455535652864
198844459784474624
198844459801255936
198844460656889856
198844462867300352
198844462921826305
198844462984724480
198844463899095040
198844464289161216
198844464398204929
198844464935079936
198844464582758400
198844465488723968
198844467778813953
198844468433129472
198844468634460160
198844468709965824
198844469053894656
198844469292957696
198844468336656384
198844469230043136
198844470870024192
198844470496735232
198844472275107840
198844474074480640
198844474527461376
198844475215331328
198844475131437056
198844476008042496
198844476037414912
198844476318416896
198844476314222593
198844477018869760
198844477589307392
198844477664788480
198844478176501760
198844478256189440
198844479216685057
198844479342518274
198844479426404353
198844480030384128
198844480441417728
198844480479182848
198844480839880705
198844480902807553
198844480726638592
198844481380941824
198844481515175936
198844481804566528
198844482798628865
198844482924462080
198844482773450752
198844483067068416
198844481930399744
198844483826221056
198844480844075008
198844484950294528
198844484983857152
198844484916748289
198844486128898049
198844485784965121
198844486695137281
198844486414118912
198844486829350912
198844487227813888
198844487047458817
198844486422495232
198844488049893376
198844489152991232
198844488221868032
198844489593393152
198844490163830784
198844490344169472
198844490411286528
198844490264477696
198844490994302976
198844491476631552
198844491719909376
198844491795410944
198844492613292032
198844492596510720
198844493611532288
198844494483947520
198844495440257024
198844496383971328
198844496530780160
198844496631435264
198844498078466048
198844497914900482
198844498967662592
198844496711135234
198844499206742019
198844500012044288
198844500263706624
198844500569886720
198844501354233856
198844501580722176
198844501312278528
198844502788681728
198844502956441600
198844503384264704
198844502994206720
198844504009216000
198844504776773632
198844504650952704
198844505120710656
198844506387386369
198844506999754753
198844507465322496
198844506869735425
198844506488057856
