198863132989456384
198863133530529792
198863134071586817
198863134600081408
198863136789508098
198863137116667904
198863139184447488
198863141411618816
198863141210296320
198863142623789056
198863144007897088
198863148911038466
198863158394372096
198863159791058946
198863160701231104
198863161888227329
198863162727084032
198863164958457856
198863165038133249
198863165113634816
198863166988500992
198863167860903936
198863170415230977
198863171786772481
198863172709515265
198863173238013953
198863175075106816
198863176551514113
198863175863644160
198863176815747073
198863179021955072
198863179349106688
198863180552876033
198863179810480128
198863181219758080
198863182234783744
198863182075400192
198863183065264129
198863183623094272
198863188022919169
198863187758682113
198863188685623296
198863190224936960
198863192225615874
198863192410161152
198863192280137729
198863192556969984
198863199062331392
198863198852624384
198863199272050688
198863199511126017
198863201251758080
198863204183572482
198863204829499396
198863204967915520
198863207153147904
198863208226885632
198863209795559424
198863209380327424
198863209892020225
198863211209031680
198863210667982848
198863214073749505
198863217596973056
198863218268061696
198863219866087424
198863220876902400
198863225025073152
198863225847169025
198863226518245378
198863227608772610
198863229240356864
198863228980297730
198863230108581888
198863230507024385
198863230846779392
198863230658019329
198863232881012736
198863232973291520
198863233803763712
198863234948808704
198863236647501824
198863238241333248
198863238790791170
198863243748450304
198863244679589888
198863246063702016
198863246646722560
198863248194420737
198863247967924225
198863251285622784
198863248303464449
198863252199968768
198863252728446976
198863253219188737
198863253282107392
198863253533757440
198863255303766016
198863256922767360
198863257153441793
198863257765814272
198863258139115520
198863258923450368
198863261490356224
198863265042935808
198863264757727232
198863266536099840
198863267546939392
198863269220462592
198863270877200384
198863270587805697
198863273645445120
198863276690522113
198863278523416576
198863281203585024
198863281740451841
198863283581755393
198863288304549889
198863290296836096
198863294981865472
198863295162224641
198863296051412992
198863297167110145
198863296986746882
198863297708179457
198863300216369154
198863300077948929
198863297813024768
198863306616877056
198863306704953344
198863309150236673
198863309141848064
198863310328832000
198863310840528896
198863311389990912
198863313357115392
198863309938765824
198863318365122560
198863318478356480
198863318117646336
198863320239964160
198863320827166721
198863321502453760
198863321829613569
198863324300066817
198863325742895105
198863327668080641
198863330625077248
198863331191304192
198863330981580800
198863333917605888
198863334014070785
198863334534152192
198863335544991745
198863335951839233
198863335817617409
198863335427543040
198863338044796929
198863338711691265
198863338917208064
198863340683005952
198863342226513920
198863344277532672
198863345384820736
198863345317711873
198863349985984513
198863349600104448
198863350824841216
198863351856635904
198863352942964737
198863353391747074
198863354062848003
198863354167693312
198863356243886081
198863356919152641
198863356491345920
198863357548298240
198863357472800768
198863361537093632
198863364267581441
198863368491253760
198863368189255680
198863369942470656
198863371536314368
198863371100094464
198863372534554625
198863373033672704
198863372953993217
198863373163692032
198863374241628160
198863375407644672
198863376338792448
198863377420910593
198863377773240321
198863379258023937
198863382382776321
198863382735093760
198863377714524160
