198786629308137472
198786629803061250
198786630050529281
198786630180548608
198786632239947777
198786632621637633
198786632659374080
198786634551013377
198786634525851649
198786637763854337
198786637503807488
198786637319241728
198786638200057858
198786639177334784
198786639324123136
198786639089246210
198786639793889280
198786636698497026
198786640288808960
198786640037150722
198786640532078592
198786641446440961
198786641500971013
198786642276917248
198786642792824833
198786643514241024
198786643157712897
198786645649137664
198786647448489984
198786647427522560
198786652284534785
198786649331732481
198786654603972610
198786654331338753
198786654268432384
198786655166005248
198786656092950528
198786656764035074
198786658596950018
198786658945085441
198786658743762945
198786658710192128
198786658999611392
198786661247750144
198786661491015681
198786658391425024
198786661323255809
198786661679759360
198786661780426753
198786662396997633
198786662728339457
198786663256834049
198786663529447424
198786665798565888
198786665702113281
198786666608074752
198786666641625090
198786668554227712
198786668038328320
198786671519612929
198786672492687361
198786672429776898
198786674573049857
198786675768430593
198786675458048001
198786676401770497
198786676984782849
198786677504868352
198786676686995456
198786678134018049
198786678436012032
198786680587681793
198786680705126400
198786681019699201
198786681325891585
198786681976004608
198786682496098305
198786683758575617
198786683813117954
198786684085735424
198786685381771264
198786687910952960
198786690037448704
198786690498826240
198786691547398144
198786692256235522
198786692793106433
198786692231077888
198786694114324480
198786693757808640
198786694542147584
198786694210781184
198786701613731840
198786701404012544
198786700011515905
198786702456795136
198786702683275265
198786703564087296
198786700246384640
198786703253704705
198786702175764480
198786705237618689
198786705959034882
198786706399436801
198786706906943489
198786707099885569
198786708374945793
198786708316233728
198786708756635649
198786709201223680
198786710149144576
198786710727950337
198786711445192704
198786711478747136
198786715157147648
198786715232641025
198786712644747265
198786716432220160
198786716163768323
198786718227365888
198786719116566528
198786721905774592
198786721591201792
198786722610429954
198786723520589824
198786724728541184
198786725357682688
198786725554814976
198786726276243456
198786725433188353
198786725668061184
198786726884421633
198786727807156225
198786728910274562
198786729942061056
198786730885787649
198786731359739905
198786731649155072
198786731674308608
198786731628171265
198786729602330624
198786731892412416
198786731615596544
198786733515603968
198786733138128898
198786734094417920
198786735633735681
198786736753610754
198786737252732930
198786737995128834
198786738599116800
198786735411437568
198786738712363010
198786740222304257
198786741212168192
198786737097543680
198786741379940352
198786739454746624
198786742629830656
198786744299167744
198786744987033600
198786745473564672
198786746153046017
198786746299842560
198786746660560896
198786742432710659
198786747134517248
198786741279268866
198786747612663810
198786749080678400
198786749865013248
198786752029278208
198786755011424256
198786756894654464
198786756378755072
198786758064881665
198786753904128002
198786759121829888
198786759348326402
198786760577269760
198786762980601856
198786764012400640
198786765413294080
198786765782392833
198786765786595328
198786766457667584
198786766713524225
198786767095218177
198786768391249920
198786771058827264
198786771813810177
198786772015132674
198786772807860224
198786773449576449
198786773948706818
198786774405890048
198786774519136256
198786774292627456
198786775202791424
198786775332818944
198786776343658496
198786777031512065
198786777887162368
198786777853603841
198786779917197312
198786780357595136
198786780508598272
198786781951442946
198786782710611968
198786783104868353
198786784048578560
198786784774193154
198786783130030080
198786786124763136
198786786456117248
198786783687868417
198786786355458049
198786786418368513
198786787299168256
198786787584376835
198786789740249089
198786789467631618
198786789836730370
198786789455048704
198786791459917825
198786791946457088
198786792734982145
198786793536094208
198786794626625536
198786795037659138
198786794815361025
198786795134132224
198786796354678784
198786796333699073
198786796107202562
198786796908326912
198786797290012672
198786798346960897
198786798388903937
198786798485377027
198786799483617281
198786800460894208
198786800536391681
198786800976797696
198786800024682496
198786801232654337
198786801530445824
198786802172182528
198786803615019010
198786803271081986
198786804026060801
198786806186131456
198786806047719424
198786806693629953
198786806236463104
198786808904036352
198786808950161408
198786809453486081
198786809650618368
198786808077762560
198786811441582082
198786811957481473
198786812309798912
198786811995226114
198786812553072640
198786813882675202
198786814121746434
198786814209822721
198786815010947075
198786815971438592
198786816512495616
198786815853993985
198786817640759298
198786816738996224
198786818362195968
198786818458664960
198786819817607168
198786820597760000
198786823793815552
198786824024502275
198786823814782977
198786825714810881
198786826180374530
198786826889203712
198786827933585408
198786827610636289
198786828554338306
198786828512403456
198786828407549952
198786829040877570
198786829602918400
198786830550835201
198786830257229824
198786832148869120
198786832262111233
198786832408915969
198786834048888833
198786834489290752
198786832257912835
198786836628385793
198786836787765248
198786837811175424
198786839115595776
198786839677640705
198786839103029248
198786842412318720
198786842936619009
198786842471043072
198786845239296002
198786846359166976
198786846908628993
198786847390961664
198786848376619009
198786848099807232
198786850075312130
198786851954360320
198786855297228800
198786855259488256
198786856257720321
198786855708274688
198786856299671552
198786856496807936
198786856119308288
198786858593951745
198786858862391296
198786858514268163
198786859004985344
198786861202817024
198786861689339904
198786861462847489
198786861546741760
198786860154232832
198786864994451457
198786865283858433
198786865573277696
198786865841700865
198786865984311296
198786866433114113
198786866626048000
198786868312150016
198786868777730049
198786870178615297
198786870728081408
198786874494550016
198786871671799809
198786874066739201
198786874616201216
198786876046454784
198786876247785472
198786876126150658
198786878256848897
198786879221542914
