198847277945729025
198847279795421184
198847279405338625
198847280751710208
198847281024344064
198847281611550720
198847282563657728
198847282718842880
198847282853064704
198847283029225472
198847282400083968
198847282458804224
198847282899189760
198847284237180929
198847283800981504
198847281619927040
198847284501426177
198847285084426240
198847285361258497
198847285344481281
198847276716797954
198847286904750081
198847287299014658
198847288716689409
198847289542971392
198847289559752705
198847289727533056
198847290767720448
198847291002601472
198847291061305344
198847291447193600
198847292181188610
198847289001910272
198847293003284481
198847293057802240
198847292848082944
198847293376573441
198847293066194945
198847293422706688
198847294962016259
198847294878126080
198847294957813761
198847295654076416
198847295993823233
198847296069304320
198847297193381888
198847297977712642
198847297734451200
198847298179055616
198847298267123714
198847298615250944
198847298657202176
198847298720104448
198847298841755648
198847298954985472
198847300632711169
198847301215727616
198847302071361536
198847303497428992
198847302629203968
198847304499871744
198847304906719234
198847304474705921
198847305510690816
198847305066094593
198847305640710145
198847305997234176
198847306659930112
198847306244702208
198847308140527617
198847308497027073
198847308987764737
198847309239418880
198847309075857408
198847310413840384
198847309889536000
198847311554674688
198847311529508864
198847311844098048
198847311961530368
198847312519376896
198847313198858240
198847315031764992
198847315149209601
198847314989817857
198847315136610305
198847316449439745
198847316411678722
198847317900668929
198847317535760384
198847317921632256
198847318391394304
198847318676615169
198847318777274370
198847319813259264
198847320874426369
198847320970887169
198847321218367490
198847323290349568
198847323571367937
198847324301176832
198847324649291776
198847324502503425
198847325521719296
198847325949538304
198847326142468096
198847326046003200
198847327056822272
198847326905835520
198847327702749184
198847328461918208
198847328151552000
198847329292386304
198847330483580928
198847330882027520
198847331121111040
198847331695722496
198847332098387969
198847332035469312
198847332148723713
198847333146968064
198847332446502912
198847333012733953
198847334296199169
198847335109894144
198847335231537152
198847333348286465
198847336045223937
198847335713878016
198847337756495873
198847338142375936
198847338821853184
198847338201096192
198847339090280448
198847339375493120
198847340180811777
198847339899797504
198847341271318530
198847341971779585
198847342856777731
198847342730940416
198847341200019458
198847344115060739
198847344865837056
198847344635154434
198847344706453504
198847342806441984
198847345293660160
198847345134272513
198847345822146561
198847346258358272
198847345859903490
198847346946224128
198847346702954496
198847348900769794
198847348527480834
198847349102100481
198847349391499264
198847350461054977
198847351190851585
198847352113602560
198847352256212992
198847352755339264
198847352415600640
198847353510301696
198847354839904257
198847351836770304
198847354550489090
198847355250933760
198847356203048960
198847358518300672
198847358623158272
198847359248109568
198847358912569344
198847359340392450
198847360300892162
198847356924465153
198847360539967488
198847360703541248
198847361127153665
198847361076830208
198847360636436480
198847361508839424
198847362511273984
198847362561622017
198847362582585344
198847362905538560
198847363236892672
198847364239343616
198847364923002880
198847365447294977
198847364813955072
198847366550392833
198847366219055105
198847368219734016
198847367724797952
198847369008254977
198847369092149248
198847370212024320
198847366890139648
198847370698571776
198847371302547457
198847371453530113
198847371285762048
198847372204314626
198847370996363264
198847373089325056
198847375912087552
198847375274541056
198847375266168832
198847376134385666
198847377082298368
198847377925345280
198847378726453248
198847378877464577
198847379590483970
198847380102184964
198847380588740609
198847381117210624
198847381557608448
198847383038214144
198847384334249985
198847384527175680
198847385022115840
198847385277964288
198847384946618369
198847385445740545
198847384002895872
198847387043762177
198847387136045057
198847387253485568
198847387714850816
198847387492552706
198847388260118529
198847387798749184
198847389241573377
198847390621503489
198847390717972481
198847390944477184
198847390931894274
198847392919982080
198847392815132673
198847393016446977
198847392924184578
198847393821753344
198847395092635650
198847394408955904
198847396237672449
198847396707450880
198847398200614912
198847397852483588
198847398884286466
198847399496646658
198847399584743424
198847399370821634
198847401728020480
198847401673490433
198847403804213249
198847402369757184
198847406744403968
198847406941552641
198847406777966594
198847407704907776
198847407897841664
198847407876874245
198847408195637248
198847408719929344
198847409307127808
198847409546199042
198847409416183808
198847410393456641
198847410963881985
198847411483971584
198847411077132288
198847412025044992
198847412348006400
198847413644050432
198847413539192833
198847413480456193
198847413488857088
198847414445146113
198847413522399233
198847414097027072
198847415078494209
198847415380488192
198847415229489152
198847416064159744
198847415653105664
198847415825072129
198847416525520896
198847416747819008
198847417179836416
198847417343418370
198847418886930433
198847419197308930
198847420212330498
198847420208136193
198847420396879872
198847419566403585
198847421034405890
198847420698869762
198847421105717248
198847421374148608
198847421084737536
198847422540165120
198847422405943296
198847422707941377
198847422770839555
198847422728904705
198847423014117377
198847423265771520
198847424104628224
198847423441932288
198847423865556992
198847424654090240
198847424289189888
198847425266458625
198847424834437123
198847424662487041
198847425438429185
198847426558300160
198847426063384576
198847427111956482
198847427321667584
198847429024546816
198847429242650624
198847431062978561
198847431130087424
198847431968948225
198847432107372546
198847432283529218
198847432761688065
198847433051095040
198847432627458048
198847433868972032
198847433382436865
198847434842050560
198847435169218561
198847434561044481
198847433466314752
198847435257298944
198847435664130048
198847435370528769
198847436914049024
198847437031473153
198847437639651330
198847437895503873
198847440038789120
198847440500162560
198847439145418754
198847441410326528
198847442219835393
198847442790256640
198847443591368705
198847442718957568
198847444300214272
198847445009055744
198847446401552384
198847445982130176
198847446376390656
198847447114579968
198847447697596416
198847447508856833
198847448326733825
198847448431595520
198847448607752193
198847448758759425
198847449736032258
198847445420081152
198847450235154432
198847450797195264
198847451078201344
198847451153694720
198847451799633920
198847452688809984
198847453301182466
198847453447995394
198847454077124609
198847455683555328
198847455301865472
198847456501448704
198847454270078976
198847458447605760
198847458854453249
198847459433263104
198847459559079936
198847459550691328
198847460519587840
198847460712517632
198847462843236354
198847463367507969
198847463765966848
198847464474820609
198847464827125760
198847465498222592
198847465527574528
198847465477242880
198847465330442240
198847466131554305
198847467108827136
198847468207742978
198847468371324928
198847468908183552
198847469566693378
198847469495402496
198847470128742400
198847470497841153
198847470229401603
198847469491208193
198847470090977282
198847471827427328
198847472502718465
198847475275153408
198847475568742400
198847476428574720
198847476944474112
198847476957069312
198847477061914624
198847477997248512
198847477858844673
198847478139854848
198847479360389122
198847479255547904
198847479750459392
198847480018898945
198847480304123904
198847481168146432
198847481428180992
198847481063284737
198847482946519041
198847483072356352
198847483072352258
198847484825575424
198847484351619072
198847485073047552
198847485245001729
198847485886726146
198847486239064064
198847486687838209
198847487035977728
198847487811915776
198847488386531329
198847488403324928
198847488935993345
198847489787437056
198847490236223488
198847489787441152
198847490609516545
198847491138002945
198847491209314304
198847491217698816
198847491423219712
198847491356106752
198847491700031488
198847492513734656
198847492421464064
198847493063196672
198847492622778368
198847492626984960
198847492387897344
198847495009353728
198847494816399361
198847495080656896
198847495667855362
198847496284418050
198847496443801601
198847497349775360
198847499136540672
198847498356391936
198847496347328512
198847499589529601
198847499539185665
198847500159946752
198847500252225536
198847501309190145
198847501875425280
198847500260605952
198847502500372481
198847502034804737
198847502047379456
198847503452471296
198847503666397184
198847503632834563
198847504027099137
198847503892889601
198847504727552000
198847505071489024
198847505742569472
198847506438823936
198847506392682497
198847506812112896
198847507093135360
198847507084742658
198847507265097728
198847507948773377
198847508720521216
198847508691161088
198847509534228483
198847509429354497
198847509408382976
198847510373085184
198847510851223554
198847511132254209
198847512206000130
198847513372000258
198847513900494849
198847514072457216
198847514336698368
198847514433163265
198847515708243969
198847515402047488
198847515091664897
198847516769386496
198847516664537088
198847517398548480
198847517675364352
198847518623268864
198847518153506816
198847519470530560
198847519831228416
198847520804323328
198847520942723072
198847521198587904
198847522767249408
198847523341877248
198847522989543424
198847523765497856
198847523459313664
198847523471888386
198847523119566851
198847523027296257
198847526445658112
198847522809192450
198847527267733504
198847527355826177
198847527863320578
198847528425357312
198847528844791809
198847528588939265
198847528899325952
198847528836407296
