198780588600209409
198780589405519873
198780589300649985
198780592316362752
198780592010178560
198780594291871744
198780595323678721
198780596229636096
198780597152395265
198780595277541377
198780598783967232
198780600553971713
198780600839180290
198780601736761344
198780602575622144
198780602072305667
198780602156191744
198780602684678144
198780603947159555
198780605050257410
198780605947850752
198780606690238465
198780607197757440
198780608737058817
198780608934195200
198780609001308161
198780611803090944
198780611681468416
198780611807297536
198780613602447360
198780611345907712
198780615024324608
198780615712178176
198780616643321856
198780616655904768
198780616341327873
198780617691901952
198780617784164353
198780618044223488
198780618501390336
198780619390582784
198780620023922688
198780621148008449
198780622074945537
198780622213353472
198780622909616128
198780623735889920
198780623568125953
198780624818016257
198780624901914624
198780626038571008
198780626432831492
198780626671898625
198780626038562816
198780626923552768
198780628190240771
198780628886487043
198780629054267394
198780630463549440
198780630123823106
198780630203510784
198780631558275073
198780631889625088
198780633240178689
198780632975933440
198780634070663170
198780634246811648
198780634410389504
198780634964037632
198780635874213888
198780636213948416
198780637514186754
198780637912637441
198780638441127936
198780638692777985
198780638520819713
198780638717935617
198780639384842240
198780639917510656
198780640085278720
198780640995450881
198780641012232195
198780642685759489
198780642169856002
198780643637862401
198780645042946049
198780644745150464
198780644657086465
198780645374300161
198780646099910657
198780646330597376
198780647060406272
198780647647612929
198780648842997761
198780649304367104
198780649027543040
198780648826212352
198780649665069056
198780646955565056
198780650701078529
198780650935959554
198780651502190592
198780651560898561
198780651573477376
198780651875467264
198780652412342272
198780652693364736
198780655004430336
198780655222534144
198780655063146497
198780655952347136
198780657843978240
198780658183700480
198780659945316354
198780660561874944
198780660909998081
198780661019054080
198780661279105024
198780660687704065
198780661530771458
198780661253931008
198780663166541824
198780663246241792
198780663493701634
198780664512913408
198780664605184000
198780665880260608
198780666769440768
198780667549581313
198780668740780032
198780669042761729
198780670145855488
198780669906784256
198780672465309696
198780672670830592
198780672645672960
198780668505886724
198780674172403712
198780677158735874
198780677485887489
198780677364269056
198780677775302656
198780677481697280
198780677594947584
198780678312173568
198780678777741312
198780680480620545
198780680501596164
198780681348845569
198780681734725633
198780682443567104
198780683185958912
198780685073391616
198780682066067456
198780687011160064
198780686969208833
198780686876938242
198780684930793472
198780688101679104
198780688177172480
198780690412740608
198780690890891266
198780691331293184
198780691851395072
198780691977224193
198780692371476480
198780692023353344
198780692899971074
198780693482971136
198780693554266114
198780692878991360
198780694284091392
198780694741270528
198780694967758848
198780696272187393
198780696846798849
198780696108605440
198780697849249792
198780697517891584
198780696494481409
198780698579054592
198780699237560321
198780699220770816
198780699329839105
198780699787018242
198780699690545153
198780700026077184
198780700265152512
198780698667139072
198780701066276865
198780700609101825
198780701225648130
198780702500716545
198780703842902017
198780705562566656
198780705805844482
198780706745360386
198780707395485696
198780707944935425
198780707961712642
198780708997709824
198780709370990593
198780709782028289
198780709954011136
198780710092419073
198780709815586816
198780710125965312
198780711296188416
198780711593971714
198780709660405760
198780711950491649
198780712780972032
198780712810319873
198780713791782913
198780713082961920
198780715112992770
198780719445708801
198780719747706881
198780720301346816
198780720599150592
198780721345728513
198780720532045824
198780723245760512
198780721991647232
198780724755705856
198780724432736256
198780725246427138
198780725993017346
198780726714433536
198780726555062272
198780723178643456
198780727712677888
198780728706736128
198780729918898176
198780729897914368
198780728299880448
198780729906298882
198780730426392576
198780731445620737
198780731617579008
198780732213166081
198780732942974976
198780733039448065
198780729730138112
198780734062870528
198780733446307841
198780734096408576
198780734285168640
198780734553604096
198780735442796544
198780736692699137
198780736713658368
198780737288278016
198780737489608705
198780736134856706
198780741268676608
198780742560526338
198780742757658624
198780742820564992
198780743445516288
198780742342422529
198780744259219457
198780744301166593
198780744296960000
198780745450405889
198780746306035714
198780746842906624
198780747367190528
198780749057495041
198780749913141248
198780750097678336
198780751905427456
198780752685563904
198780751091736577
198780751372763136
198780753759322112
198780755986489344
198780756414316546
198780756233949184
198780757077004288
198780757836177409
198780758486290435
198780757932650496
198780760268877824
198780760801554433
198780761275502593
198780761460060161
198780761669771266
198780761715904513
198780762366029824
198780763167137792
198780764651929600
198780764815503361
198780765666938882
198780766560333824
198780766434508801
198780766254145536
198780766677766144
198780767512436736
198780768913342464
198780769827700737
198780769664118785
198780770347790336
198780770947571712
198780771278917632
198780771668992000
198780772797255682
198780773401239552
198780773086658560
198780774651142144
198780775863296000
198780775632617472
198780775561297920
198780775678750720
198780776958013441
198780777016725506
198780777016725505
198780777423568896
198780778090463234
198780779541696512
198780779533312000
198780780783214592
198780780351209473
198780780963573762
198780782083448833
198780782783897601
198780783413035009
198780784516136964
198780785342427136
198780786269364224
198780786512633856
198780787234054145
198780787766726660
198780789511561216
198780790958592000
198780791247998977
198780791524827136
198780791734538241
198780792619540480
198780791503855616
198780792942505985
198780792623730690
198780793282232321
198780793009602560
198780793831690241
198780794112712704
198780794704101376
198780794494390275
198780795509411841
198780796079837185
198780796952248322
198780797912760322
198780798558679040
198780799053598721
198780799066181632
198780799804391425
198780800035078145
198780801809256449
198780802333548545
198780799531749376
198780802320973824
198780803793170432
198780803788963840
198780804447469568
198780804376174593
198780804590080001
198780805424746497
198780806666256384
198780807085703169
198780807760969731
198780808398503937
198780808599838722
198780810378219522
198780811280007168
198780812437630976
198780811955286016
198780812970303489
198780812647350273
198780814035648513
198780814085996545
198780814199230464
198780815436558339
198780815554002944
198780816606756864
198780816560619522
198780817189765120
198780818393534464
198780818406125570
198780819572129792
198780819706363904
198780820914323456
198780822180990976
198780821782544384
198780823011463168
198780824202645504
198780823384756224
198780824475283456
198780826731806721
198780826115252224
198780827910422530
198780828434706433
198780830594764801
198780833115553792
198780833979568129
198780834906505216
198780835409833985
198780835585994753
198780835648897024
198780835355295744
198780836240297986
198780836617793536
198780836559065088
198780838509428736
198780838517809152
198780837486002176
198780838710743040
198780838903693315
198780839306342402
