198829662082834432
198829661927645185
198829662183497728
198829662158336000
198829662187696129
198829662611316737
198829662066049024
198829663576010752
198829664393895936
198829663483727872
198829664989495296
198829664263864320
198829664876249088
198829665316646915
198829664855277568
198829664729444353
198829665731887104
198829665962561537
198829665798987776
198829665975152640
198829666067415040
198829665664774145
198829666373599232
198829666189062145
198829666973392897
198829667342491649
198829668433002496
198829668386873344
198829668810489856
198829669020221440
198829668747587584
198829668693065728
198829669502550016
198829668378476544
198829670072983552
198829670425296897
198829669691305986
198829670635024385
198829670546939904
198829670752468993
198829671293521920
198829671608098816
198829672610545664
198829673193549826
198829672891555841
198829673357115393
198829674179211264
198829674221146112
198829674342793216
198829674766405632
198829674539921408
198829675626233856
198829675471056896
198829671637467137
198829676024696833
198829676427362304
198829677060702209
198829677291372545
198829677085855744
198829677933117440
198829678264463360
198829678331559936
198829678423834625
198829678352543745
198829678839083008
198829679027814401
198829679635988481
198829679602442240
198829680231583744
198829680420327426
198829680655204353
198829681372442625
198829681150132224
198829681607327744
198829681892540416
198829683150819328
198829682920140801
198829683318591488
198829683448627203
198829683444420610
198829683473776640
198829684186812418
198829684308443136
198829683687702529
198829682253242369
198829684375552000
198829684996321280
198829684505575424
198829685013086209
198829684618833922
198829684648189953
198829684656582658
198829685872934912
198829685390573569
198829686334296065
198829687026364416
198829686791483392
198829686997004288
198829687600988160
198829688041390080
198829688200773633
198829687525486592
198829688469204992
198829688557281280
198829688553091073
198829689094144000
198829688435642369
198829689278705665
198829689274511360
198829689815564290
198829689597476864
198829690042056705
198829690075619328
198829690692173824
198829690981588994
198829691556200448
198829691640102914
198829692944523264
198829693095510017
198829693535916032
198829693921800193
198829693275865089
198829693644980224
198829694261538818
198829693854679040
198829693934379009
198829695175888900
198829695310106624
198829695050059776
198829695159115777
198829695410769920
198829695511437312
198829694542553089
198829695318491140
198829695578550272
198829695679205377
198829695557570560
198829695452712960
198829696228671488
198829696610340864
198829697235304448
198829697465991168
198829695314296833
198829698552303617
198829698309042176
198829698669752320
198829698967547905
198829699093368832
198829698921402368
198829699030450176
198829698841710593
198829699537969152
198829699898671104
198829699676385280
198829699881893888
198829700024516609
198829701010178049
198829701328941056
198829701542846464
198829702113263616
198829702574641152
198829698594250753
198829699143704576
198829701916147712
198829702218121217
198829702826307584
198829702331375617
198829703375749120
198829703719686144
198829704009101313
198829704646623232
198829704533389313
198829704545976320
198829704927653888
198829705779089408
198829705338699777
198829705963642880
198829705644867585
198829705594544128
198829706139795457
198829706580201472
198829707481989121
198829707502952448
198829708308267008
198829708450865153
198829708555714560
198829708698333184
198829708840939523
198829708941594625
198829709272944640
198829709734326272
198829709725933568
198829709239386112
198829710040510464
198829710157938689
198829710204084224
198829709738520576
198829710342488065
198829710581563392
198829710321520640
198829711361720320
198829711978270721
198829712573870080
198829712871665664
198829712871653377
198829712255094785
198829713047822336
198829713060413440
198829713349808128
198829713811185664
198829713899274240
198829713433706497
198829714348052484
198829714268372993
198829714666827776
198829714931056640
198829715119816705
198829715157561344
198829714952028162
198829716701057025
198829716701069312
198829716248084480
198829717380530177
198829716839469057
198829717250506752
198829717741240321
198829718202617856
198829718286516227
198829717799960576
198829719171510272
198829718659809281
198829719255392257
198829719356063744
198829719267966976
198829719653847041
198829719788072960
198829720119410688
198829720425607170
198829720077467649
198829720320741378
198829721339965440
198829721449013250
198829721608400896
198829721608392704
198829719859380224
198829720517881858
198829722178813953
198829722346594305
198829722166239233
198829723172872192
198829723323858944
198829723349028864
198829723571335168
198829723537772544
198829723126743040
198829721973309442
198829723822997507
198829723172880384
198829724246614016
198829721025396736
198829724015935488
198829724200472576
198829725039333376
198829725441986560
198829725177749507
198829725521690625
198829725647503360
198829725752365056
198829722099126273
198829725517496320
198829726331183104
198829726717050880
198829727283298306
198829727455248386
198829727530749954
198829727488806912
198829726884823041
198829728021495809
198829727505588224
198829728398983168
198829728394772481
198829728357023745
198829729028116481
198829729254612994
198829729556598784
198829724728963072
198829730093465600
198829729846005760
198829730361913344
198829730995257344
198829731548889088
198829731276271617
198829732102545408
198829732807180288
198829732874297345
198829733075615744
198829733826396160
198829733952225280
198829733931266048
198829732870103041
198829733935460352
198829733893521409
198829734455554048
198829733578932224
198829734602346499
198829734753341440
198829734744948736
198829734686236672
198829735508324352
198829736057769984
198829736074543104
198829736338792451
198829736754020355
198829736913412097
198829736489779200
198829737232187392
198829736426881027
198829736884043776
198829737316069376
198829736640782336
198829737144094720
198829737680965632
198829737190236160
198829738901520385
198829738926673920
198829739048316929
198829739312549889
198829739778117632
198829739899756544
198829739513884672
198829739144785920
198829740361129984
198829740356943872
198829740667305986
198829740663128065
198829740361134081
198829741254516736
198829740717637632
198829741338394624
198829741489405952
198829741510361089
198829741556506624
198829742361821184
198829742194036736
198829742626058240
198829742969982977
198829742995152896
198829743334883328
198829743305527297
198829743439753217
198829742751891456
198829743955640320
198829743976615936
198829744551243779
198829744135999488
198829744349917185
198829744568008704
198829744664494080
198829744349904897
198829744874196993
198829744681267200
198829745155223552
198829745322991617
198829745620791296
198829745591431170
198829745763397633
198829746358984705
198829745788559360
198829746379964417
198829746778411008
198829746895855617
198829746614845441
198829747223015424
198829747415953408
198829747659214849
198829747638255617
198829748330299392
198829748040904704
198829748460339202
198829749185945603
198829749555048448
198829749215301632
198829749475352576
198829747176882177
198829750351958016
198829750708469762
198829749278220289
198829750649761792
198829751421517824
198829751652196352
198829751639613443
198829751719297024
198829752000315395
198829752025489408
198829751689945091
198829752805629953
198829752839188480
198829752402980866
198829753216671744
198829753204088832
198829753543831553
198829755049586689
198829755506769920
198829755863285761
198829756198825984
198829756362399744
198829755955548161
198829756379176961
198829756572119041
198829757016719360
198829757981409280
198829758518276096
198829758870597633
198829758669262848
198829759092883456
198829759713648642
198829759776559104
198829759797542914
198829759822708736
198829760309248001
198829760187596801
198829760556695554
198829760061771777
198829760858685442
198829760619610112
198829760363761665
198829760669941761
198829760959361026
198829761638834177
198829762070839297
198829762083422208
198829762221838336
198829762255392768
198829761882112001
198829762641272832
198829762406383617
198829763035537410
198829763115225088
198829762792259585
198829763475939328
198829763383672832
198829763450781696
198829764163813376
198829764243496960
198829764004417536
198829764801347584
198829764562255873
198829762230239233
198829764520329216
198829764142825472
198829763912151040
198829765409513478
198829766760075265
198829767028510720
198829766558756864
198829767972233218
198829768236470272
198829767997399040
198829768739790848
198829769025007616
198829769205366784
198829769217937409
198829769398292481
198829769922588672
198829769998090242
198829770052616192
198829770610450432
198829770400743424
198829770966970368
198829771747098625
198829771730325505
198829771357032448
198829771986182145
198829772007157760
198829772015538178
198829772380438528
198829771805835264
198829772984418304
198829773819097088
198829773760368640
198829773865230336
198829774435659778
198829774590853120
198829774582448129
198829773676490752
198829775656206336
198829775857516544
198829776356638720
198829776637657088
198829776717365248
198829775970766850
198829777556221952
198829777048711168
198829776922873858
198829776952242177
198829777963057152
198829777816272896
198829778025975808
198829777430384641
198829778210533376
198829778411851776
198829778739003392
198829778822889472
198829779250712576
198829779309428736
198829780211220480
198829779057770496
198829779665944576
198829779670155265
198829779800170497
198829780555137026
198829780047642624
198829781997985793
198829782614556672
198829782274801665
198829782773936128
198829783025582081
198829783113662464
198829783210143747
198829781842800640
198829781544996864
198829783688298496
198829784107716611
198829783377920000
198829784120295425
198829784321630210
198829784116117505
198829784782995456
198829784917213185
198829784883658752
198829785013690369
198829785303101443
198829785638641664
198829784564891648
198829785709953024
198829785902874624
198829786443948033
198829787383472128
198829788268462081
198829788620800000
198829788910190592
198829788381720576
198829788822122496
198829789304459266
198829789509984257
198829789203808257
198829789564506112
198829789849722881
198829789581287427
198829790046851072
198829789375770624
198829790990577666
198829790923456512
198829791049302017
198829792362102785
198829792487931904
198829792861229056
198829793481994240
198829793532317696
198829790847959042
198829793725267971
198829793591042049
198829794115321856
198829793129668609
198829794375385089
198829794392158208
198829794643820544
198829794740273152
198829794392158210
198829795080028160
198829794480238593
198829795658825729
198829795923066880
198829795918872577
198829795927261185
198829796237651968
198829796430577664
198829796443164672
198829796787101696
198829796690632704
198829796640301057
198829797177163776
198829797466570752
198829797726625792
198829797751791617
198829797948919808
198829798120894465
198829797625970688
198829797667913729
198829798703890434
198829799752474624
198829799106551808
198829799706345474
198829799362412545
198829799475654656
198829800239022080
198829800683601920
198829800662634496
198829800889139201
198829801400840192
198829801556017152
198829801761550338
198829802378104834
198829802424254465
198829802298408960
198829803275694081
198829803372150784
198829803678343170
198829803724472321
198829804299091968
198829804424929280
198829801920921601
198829805280563200
198829804961804288
198829805666451456
198829806119419904
198829805720977408
198829805796466688
198829806454976514
198829806333345793
198829807071535104
198829807260278784
198829807746826241
198829807851675649
198829807260286977
198829807704883201
198829808476618753
198829808728289281
198829808665374720
198829808921223168
198829809281933312
198829809533583360
198829809927860225
198829810133381120
198829810225651714
198829808992526337
198829810640879616
198829810657665025
198829811483951104
198829811752370176
198829811907575813
198829811551055872
198829813081976832
198829813325238274
198829814222831617
198829812457017344
198829814667415553
198829815200100352
198829815409803264
198829815674060800
198829815065874433
198829816148004865
198829816294817793
198829816882016258
198829817230143491
198829817066561536
198829817351770113
198829816798117888
198829818043834369
198829817649561600
198829817771212800
198829817741840384
198829818391965696
198829818157088770
198829818773643265
198829818987548673
198829818928836608
198829819469893632
198829819000139776
198829819520225280
198829819327299584
198829820325539841
198829820073873408
198829820610748418
198829820816269312
198829820593971200
198829820753362945
198829820271001601
198829821260865536
198829821105668096
198829822217175040
198829821671907328
198829822192001027
198829821751599104
198829822330413056
198829822577876992
198829821608996866
198829823093772288
198829823563538432
198829824352071680
198829824737951744
198829824515645441
198829824565977088
198829825245446144
198829825383858177
198829825446789120
198829825513893888
198829825484529664
198829824888934401
198829825081880576
198829825815883777
198829826407268353
198829827007062017
198829826424057856
198829827116105728
198829827514580994
198829827527151616
198829827946590210
198829828374401025
198829828303097856
198829829351673858
198829829733367808
198829830052118531
198829830442196992
198829830534471680
198829830685470720
198829830865821698
198829831188791296
198829831461421057
198829831767605249
198829832002482180
198829832052817922
198829832153473025
198829831704674305
198829831650156544
198829833013309440
198829833189462016
198829833894109184
198829833902493696
198829834116403201
198829833457905674
198829834313531392
198829834317733888
198829834170925056
198829834565197825
198829835517308928
198829835085287424
198829835894800385
198829836049989632
198829836662358018
198829835483758594
198829836599443458
198829836532330496
198829837283102720
198829837459271680
198829837895475200
198829837694156800
198829837643821057
198829837614460928
198829838285537281
198829838059048960
198829838444929025
198829838684004353
198829839204106240
198829838788861952
198829839493509121
198829839732580353
198829839900352513
198829839250239489
198829840319791106
198829840307200000
198829840118456320
198829840277831680
198829840688877568
198829841418694657
198829837572505600
198829841636790272
198829841443852288
198829842190450690
198829842328858624
198829842328862720
198829842249158656
198829842597298177
198829842567933953
198829842219806721
198829842622455809
198829840911183872
198829843356450817
198829843226435584
198829843524227074
198829842844758016
198829843264192514
198829843561979905
198829844019159040
198829843964628992
198829844186939393
198829844673470465
198829844686045184
198829844786724864
198829846409912320
198829846556704769
198829846850314240
198829846787403776
198829846959370240
198829847303290881
198829847353634817
198829846611234817
198829847336857600
198829848175722498
198829847403966465
198829848188305409
198829847911481344
198829848892944384
198829848335097857
198829849052319745
198829849668882432
198829847466885120
198829850839097344
198829850692292608
198829851451461632
198829851807973378
198829851711504384
198829851996729344
198829852265152513
198829852101574656
198829852407758849
198829853141766144
198829853229858817
198829853376647169
198829853049499648
198829852965605376
198829853351485440
198829853980639232
198829853989011457
198829854156795904
198829854068711424
198829853909331968
198829854282612737
198829854307790848
198829854521700352
198829854739791873
198829854840455169
198829855658348545
198829855201165312
198829855968731136
198829856157466625
198829856274907137
198829856430108674
198829856488833026
198829856664977408
198829857474494464
198829855603822593
198829857294127104
198829857604513792
198829857843593218
198829857994571776
198829857503854592
198829858590171136
198829858107830272
198829858829246464
198829859227701249
198829858929905664
198829859714248704
198829858292367360
198829860288868353
198829860565684224
198829860884459521
198829860343382016
198829861492625409
198829860611825664
198829861501009920
198829860670554112
198829861941428225
198829861945618434
198829861849145348
198829862096617472
198829861773647872
198829862096601089
198829861945618433
198829861815590912
198829862939660288
198829862880940034
198829863602360322
198829863489114112
198829864181182464
198829864277655554
198829863338127361
198829864952938496
198829863614943232
198829865569497088
198829863870803968
198829865775005696
198829863036129280
198829866521604096
198829866899083264
198829867364663296
198829867658260481
198829866928455680
198829867792470016
198829868182548480
198829868669091840
198829868790714368
198829868442599424
198829869851877377
198829869218533377
198829870388748288
198829870753644545
198829870158069760
198829871068225537
198829870267121664
198829870799790080
198829870342615040
198829871508631552
198829871571537921
198829872087445504
198829872360071168
198829872490090498
198829871374413824
198829872246816768
198829872704004098
198829872737562624
198829873190543360
198829873060524033
198829873131831296
198829872829825024
198829873870024705
198829873375096832
198829873521893376
198829875052806145
198829874729848832
198829875140886529
198829875560321024
198829875983953923
198829876256583680
198829875413528577
198829876537593857
198829877670060034
198829877288374273
198829877581971456
198829878072709120
198829878198546432
198829878466969602
198829878555054080
198829878861234176
198829878991261696
198829878513123329
198829878362124288
198829879372947456
198829879368749056
198829879402299392
198829878840274946
198829879691722753
198829878785748994
198829879494574080
198829879792377856
198829880308273152
198829880413134848
198829881663045632
198829881478479872
198829882044723200
198829881977610240
198829882405421056
198829882489323520
198829883013603328
198829874419466242
198829883223314432
198829883202347010
198829883399483392
198829882145374209
198829884431273984
198829884678737920
198829884850708480
198829884569698304
198829885521788928
198829885928652802
198829885685370881
198829886322913281
198829886511644673
198829884049600512
198829887258238976
198829888432635905
198829888659136513
198829888214544384
198829888805933057
198829888512331779
198829889409912832
198829889913225217
198829890085191680
198829890630455296
198829891364454400
198829891611934720
198829891746148352
198829892073304065
198829892475953154
198829892505313280
198829893994295296
198829894065602561
198829894187233283
198829894199816193
198829894313050112
198829894430507008
198829895013511168
198829893855887360
198829895122554881
198829895764295681
198829896062091267
198829896208887811
198829897018376193
198829897282633729
198829898578673664
198829898603827200
198829898981310464
198829898746429440
198829900914884608
198829900956835849
198829900893921280
198829900726145025
198829901690847232
198829902047350784
198829902307401728
198829903146270720
198829903351783424
198829903884460032
198829903574089728
198829904194846720
198829904563929088
198829904815603712
198829905067253760
198829905302134784
198829904895295490
198829905742540801
198829905981607936
198829905742540800
198829906816274432
198829906824675328
198829907005022209
198829907269267459
198829907780964352
198829909454499840
198829909798424578
198829909815214080
198829910230446080
198829910570172418
198829911094476800
198829909664202753
198829911325159426
198829911287410688
198829911560032256
198829912801558529
