198831927116038144
198831927258644480
198831926780493824
198831927418032129
198831927707443200
198831927678083073
198831927086690304
198831927606788096
198831927413846016
198831927724220416
198831928688918528
198831928743444480
198831929083179008
198831929058004993
198831929888481280
198831930278559744
198831930706374656
198831930517618691
198831930869952512
198831931083866112
198831930978996226
198831931276804096
198831927980081152
198831931658481664
198831931918516225
198831933046788096
198831932916760577
198831932488941569
198831931306160128
198831932648337408
198831931851423745
198831932635758593
198831934242164736
198831934464458756
198831934611263489
198831933604634624
198831934447685632
198831934955200513
198831934846152704
198831935890522112
198831936599367683
198831937136234496
198831937949933568
198831937903792128
198831938772021248
198831938763624449
198831938302246913
198831938260320258
198831939082391555
198831938902040576
198831939157884929
198831939334045698
198831938688139267
198831939594108928
198831939627651073
198831940089028608
198831940462317568
198831940739149824
198831940504272897
198831941578002432
198831941640925184
198831941682872320
198831941057921024
198831941729009664
198831941892579329
198831941313769472
198831942005825536
198831942190383104
198831942307819520
198831942928564224
198831943494807552
198831943217987585
198831943935209474
198831944568553472
198831945063477248
198831945231245312
198831945222856704
198831945180917761
198831945688420352
198831945793290241
198831945856192513
198831945470316544
198831946078494720
198831946258849792
198831946342735874
198831946166566912
198831946707640321
198831946741202944
198831946397270017
198831947382923264
198831946372100096
198831946967695360
198831946816696320
198831947684904960
198831947261296640
198831947160621056
198831947856879616
198831948146282497
198831948184035328
198831948163063808
198831948922236929
198831949148717057
198831949534601216
198831949689794561
198831949157113857
198831949161304066
198831949593317377
198831949979189248
198831951484952576
198831950331518978
198831951346536449
198831951782744066
198831951774351360
198831951757582337
198831951996649474
198831951635947520
198831952139268099
198831952214757376
198831951753396224
198831951837278208
198831952848101376
198831952755830784
198831952298643456
198831953066209280
198831951057133568
198831953640833026
198831954311905280
198831951757578241
198831954538414081
198831954601320450
198831954605522945
198831954681008129
198831954873942016
198831955276595201
198831955708624898
198831955666665472
198831955935100928
198831955960283136
198831956081917953
198831956144820224
198831955704430592
198831956312592384
198831956836880387
198831956098686976
198831957369556994
198831957117894660
198831957835120640
198831957889650689
198831957851901953
198831958254563330
198831958300692481
198831958325866496
198831958099361792
198831959080845312
198831959185698816
198831958665592832
198831959458332673
198831958103556096
198831959919689728
198831959303127041
198831959420571648
198831958632042497
198831960129404930
198831960322351105
198831960427208705
198831961282846720
198831961534509057
198831961496756224
198831962004262912
198831962075574272
198831962436280321
198831962205593600
198831962620829696
198831963346440192
198831962927017985
198831963740708864
198831964319526912
198831964499886080
198831964374052865
198831965003194368
198831965045141505
198831965246464000
198831965468758017
198831966433447940
198831966680924161
198831967133908992
198831966743826432
198831967347814400
198831967591071745
198831967280705538
198831968098590720
198831969046511616
198831969059086336
198831969637900290
198831969918910464
198831970439020545
198831970099265537
198831970376097793
198831970619371520
198831970850045953
198831970883608576
198831970518708225
198831970430615554
198831971655356416
198831972020264960
198831971722465281
198831972284514309
198831972242554880
198831972112543744
198831972498423809
198831973375025154
198831973387599872
198831972754259968
198831973400195072
198831973643464704
198831974310359042
198831974360690688
198831973748310016
198831974306168832
198831974574592001
198831974067093505
198831973450514432
198831975300210689
198831975388295168
198831974859804674
198831975363133444
198831975228915712
198831975686094850
198831975937753090
198831976009043969
198831976092942338
198831976181006336
198831976231346177
198831976269099009
198831971735056385
198831974918529025
198831976797577219
198831976814358528
198831976323624961
198831976852103169
198831976663351297
198831977003106304
198831976797577216
198831977477058561
198831976931794944
198831977837768704
198831978185891841
198831978332684288
198831978420772864
198831979007983616
198831979532271617
198831979645517824
198831979687452672
198831979762958336
198831979863605248
198831980312395777
198831979863617536
198831980417269761
198831980593418240
198831980907999232
198831981285478401
198831981256130560
198831981767835648
198831980689899521
198831981855916032
198831982392786944
198831982615080961
198831982598295552
198831983609118720
198831983793684481
198831983382634496
198831983852392448
198831981876887553
198831984875810816
198831985190375424
198831985597218816
198831985899208705
198831985861476356
198831985869856768
198831985970511872
198831985823719424
198831985542705152
198831985731448833
198831986641612801
198831986868105216
198831987027488769
198831987144916994
198831987258171393
198831987300110336
198831987094589440
198831988327723009
198831989229490176
198831989355319296
198831989455986689
198831989447602178
198831989825081344
198831989732802562
198831990269685760
198831990206767106
198831990357753858
198831990991093760
198831991167258625
198831991414722560
198831992194871297
198831992693993472
198831992954036224
198831993235062785
198831993478320129
198831993562202112
198831993956470785
198831994052939776
198831995495784448
198831995600650240
198831994879229952
198831995856502785
198831996254957570
198831996200431616
198831996368203776
198831996825387009
198831996896681985
198831996984770560
198831997509046272
198831997626490880
198831997848784896
198831997454532608
198831997790072833
198831998511489024
198831999539093505
198831999845277696
198832000105320448
198832000172441600
198832001095188480
198831998805094400
198832001497829378
198832001946619904
198832002324103170
198832003112640514
198832003313971200
198832001166479360
198832003418816513
198832003481739265
198832003406233600
198832003473354753
198832003909562368
198832004391899138
198832004882640896
198832005574701057
198832004953944064
198832005914431488
198832006073819136
198832006497447936
198832006434537472
198832006451310594
198832006560362499
198832007009148928
198832006606491649
198832007093035008
198832006514216961
198832007575388161
198832004056363008
198832006417760256
198832007738953728
198832007827030016
198832008523300864
198832008816898051
198832008821088260
198832008846258176
198832008921743361
198832008800124928
198832009244721152
198832009043390466
198832009420881921
198832009097908225
198832009404092418
198832009701883905
198832009789972481
198832009630597120
198832010150686720
198832010398150657
198832009433460737
198832010519777280
198832010712727553
198832010775625728
198832011337674753
198832011362828288
198832011157319681
198832012356882432
198832011916492801
198832012453347328
198832012545634304
198832013023772673
198832013069926400
198832013157994496
198832013359329281
198832010096156674
198832013971693568
198832013371899904
198832014286266369
198832014764421120
198832014865080321
198832015393558528
198832015615864832
198832015922049026
198832015385165825
198832016152731649
198832016135954432
198832016970625027
198832017360691200
198832017373278208
198832017390059522
198832017729785856
198832017436188673
198832018757394432
198832018585419779
198832019311046656
198832019185205248
198832018514132993
198832019336204289
198832019822739456
198832019814363136
198832020007297025
198832019776602112
198832020003094528
198832020518998016
198832020300898304
198832021290745856
198832021408202752
198832021416591361
198832021613719552
198832021928288258
198832022318350336
198832022360301570
198832022750367744
198832022314172416
198832022871998464
198832023278845952
198832023731847170
198832023052357632
198832024218370049
198832024193216513
198832024402931714
198832024805572608
198832025208242176
198832020690964480
198832025334071296
198832025606696960
198832025598300160
198832025527009281
198832022259630082
198832026256805889
198832026495885312
198832026852409344
198832026932097024
198832026802065409
198832027137609730
198832027829682176
198832028005838851
198832027187945472
198832028320407553
198832026944671748
198832028463005696
198832028773396481
198832028454633472
198832028739837952
198832028848889856
198832028500762625
198832028823732224
198832029280903170
198832029566111744
198832030270754816
198832030237200385
198832030589530113
198832029561929729
198832031248031744
198832031310946304
198832031575179265
198832031730384896
198832031772311552
198832031763931136
198832031315132416
198832032284016641
198832032716029952
198832032468570112
198832031269011457
198832033055768576
198832032472760320
198832033097723906
198832033047392259
198832033672339456
198832033814941696
198832032657321984
198832034007891968
198832034376990720
198832034561527808
198832034980958208
198832035157131264
198832035526221825
198832035488477185
198832035488468992
198832036146978816
198832036260229121
198832036599959552
198832035777888257
198832036503502848
198832036281196544
198832036860014593
198832036897767424
198832036587372544
198832036818063364
198832036922916865
198832037409456128
198832037518512128
198832037967298560
198832038097338368
198832037677895680
198832038294454272
198832038315425792
198832038416097280
198832038189604864
198832038298656768
198832038277693440
198832038265110528
198832039334645760
198832039649226753
198832039808606209
198832039833767936
198832040139948032
198832039691169792
198832039917649921
198832040261595138
198832040148336640
198832040559386624
198832039959597056
198832040714579968
198832040869756929
198832041469546496
198832041079472128
198832041599574017
198832041570222081
198832041083670528
198832041981259776
198832042039967744
198832042195173376
198832042253889537
198832042035781633
198832042455212033
198832042778173440
198832043621220352
198832044741111811
198832045546409986
198832045781286913
198832045860986880
198832045722574848
198832046540468224
198832046888587264
198832046716628992
198832047287050240
198832047618392064
198832047870054400
198832048071380992
198832047752613888
198832048373383168
198832048855728129
198832049518419968
198832047077335042
198832050474717185
198832050260807681
198832050680250368
198832051028377600
198832051280031746
198832051003199488
198832051942719489
198832052001447936
198832052408295424
198832048515989504
198832052051775488
198832053062598656
198832053347827713
198832053050015745
198832053918244864
198832054467698689
198832054815825923
198832055117811716
198832055184932864
198832055004577793
198832055352700929
198832055826644992
198832054455111680
198832055554019328
198832056057335812
198832056262856705
198832056405458944
198832057118494720
198832057093332994
198832058192244736
198832058288705537
198832058183856128
198832058502610944
198832059047870466
198832059098206208
198832058548764672
198832059215646721
198832059358261249
198832059547009025
198832059878350849
198832060234874881
198832060381663232
198832059257593859
198832060935319554
198832060968869888
198832062139088896
198832061866459136
198832061979693056
198832061824503808
198832062625628161
198832062667563008
198832063036665856
198832063443517440
198832063602892800
198832063800025088
198832063770664960
198832064076857344
198832063951028227
198832063569342464
198832064336904192
198832064273973248
198832064605327360
198832064680837120
198832064924102656
198832064898928640
198832064894730240
198832065293197313
198832065444196352
198832066228523009
198832066702487552
198832066073333760
198832066941550593
198832066727657472
198832067100934145
198832066987692033
198832067524571136
198832067751055360
198832067738484737
198832066866061314
198832067822362625
198832068371820544
198832068560560130
198832068967415808
198832068988370944
198832068963209216
198832069206487040
198832069445562368
198832068921278466
198832068984193024
198832070062120960
198832070108258304
198832070875807744
198832071211368448
198832070842261505
198832071349768192
198832071450439680
198832070666108929
198832071634980864
198832071878250496
198832072410923008
198832072486424576
198832072553533440
198832072431898624
198832072926834688
198832072595472384
198832072742277120
198832073744715776
198832074046701569
198832074428399616
198832074759737344
198832075619569664
198832076022226944
198832076307439616
198832076181602305
198832075950915584
198832076617826304
198832076982730752
198832077137903616
198832077477650432
198832077913858052
198832078215839744
198832078488477696
198832079436394496
198832079327338496
198832080753397762
198832080669519872
198832080875040769
198832081097334784
198832081273491459
198832081495793664
198832081961353216
198832081583882240
198832082481451009
198832082548572161
198832082112364545
198832081713901570
198832083207077889
198832083513249792
198832083001540609
198832083861389312
198832083307737088
198832083798470659
198832084301774848
198832084406648835
198832084578611201
198832084213710848
198832084746383360
198832085052555264
198832085320994817
198832084754759680
198832085622996992
198832085660737536
198832086457655296
198832086818369536
198832087132930049
198832086898053120
198832086608654336
198832087372005376
198832087078412290
198832087854362625
198832088185704449
198832088265408512
198832088298954753
198832088399618048
198832088928104449
198832087632052226
198832089217507329
198832089028755459
198832089938935809
198832088458342400
198832089863434241
198832089800511489
198832089729220608
198832090396106755
198832090442252288
198832089448189953
198832090152841216
198832090874249217
198832089741791232
198832091448885248
198832091465646080
198832091335639040
198832091880898560
198832092078014464
198832091851522049
198832092468084736
198832092153516033
198832092224831488
198832093218873344
198832092665225218
198832093424386048
198832093906739201
198832094112268288
198832094330368000
198832094653329408
198832094787547136
198832094745608192
198832095353774080
198832095836119042
198832096704335873
198832096570122243
198832095072751616
198832096838557697
198832097241214976
198832096561733632
198832097178304512
198832097056665600
198832097631277058
198832097803251713
198832097752920065
198832098000379905
198832098717609984
198832098516279297
198832099258671104
198832099241897984
198832099510325250
198832099581632513
198832099761995776
198832099833282564
198832100307247105
198832099543887872
198832100642795521
198832100999315456
198832100495990784
198832100093337600
198832101657812992
198832100873482242
198832101678792704
198832102391812096
198832102786088961
198832102953848832
198832102786088960
198832102974820352
198832103058702336
198832103020961793
198832104409284610
198832104723845120
198832104795160577
198832103364886529
198832104895811585
198832104690290689
198832105873088513
198832105864704000
198832105931812864
198832105864708096
198832106191847424
198832105311055872
198832106078601217
198832106548363266
198832106892312577
198832108108656640
198832108284817410
198832108142202880
198832108075106305
198832108087685120
198832108771352576
198832109161431040
198832109283065857
198832109350174721
198832109740228608
198832109836701697
198832109790560257
198832109304029184
198832109928972289
198832109983506432
198832110256136192
198832110436495361
198832110461648896
198832110780432384
198832110998523905
198832110738477057
198832111220834304
198832110977552385
198832110532960256
198832111321481217
198832111665422338
198832111522824192
198832112240050177
198832112764334080
198832112982425602
198832112814669824
198832110642003968
198832112562999297
198832113141821441
198832114005848064
198832114056179715
198832113930350594
198832114614026240
198832115339624448
198832114857279488
198832115201220609
198832115297689601
198832115385769984
198832115574513666
198832115998138368
198832116035891200
198832116765691907
198832116925083648
198832117130592258
198832117151567872
198832117449363458
198832118049144832
198832117340307456
198832118305001474
198832118959312898
198832118867034112
198832118514728960
198832118988677121
198832119655579648
198832119760420864
198832119294853120
198832119588470784
198832119970140161
198832120339238912
198832120259543040
198832120536367104
198832120129519616
198832120712527872
198832120645431297
198832120565727232
198832120750292992
198832120205029376
198832120859344896
198832120674791424
198832121287151617
198832121849196546
198832120238587906
198832121970827266
198832122092470273
198832122138603520
198832122016964608
198832122369286145
198832122759348224
198832122935521281
198832122436390914
198832123212341249
198832123006816257
198832123061350400
198832123757608961
198832123879231488
198832124084760576
198832124181225476
198832123984097280
198832124462252032
198832124906848257
198832124902645760
198832125309501440
198832124864888832
198832126043496448
198832126332907520
198832123703078912
198832126072848386
198832126710394881
198832127045926912
198832127343738882
198832127402459136
198832127679279104
198832127767351298
198832127746383873
198832127985463298
198832129008877568
198832128551682048
198832128673316864
198832128895623169
198832129881292801
198832129738674176
198832129721905153
198832130242002944
198832130602700803
198832130799841281
198832130887909376
198832130959212546
198832130980192256
198832130887909377
198832130372026368
198832131370258433
198832131408015360
198832131701616640
198832131374460930
198832131865186304
198832132469161985
198832132460777472
198832132372697089
198832132603392003
198832132557254656
198832132687273984
198832133446438913
198832133211566082
198832134121734144
198832134549549056
198832134662799360
198832134985756672
198832134994145282
198832135405191168
198832135166107649
198832136021741568
198832135367442432
198832135535214592
198832135400988672
198832136214679552
198832136172736514
198832136088850432
198832136801886209
198832136722198528
198832136982241281
198832136864796672
198832137527500802
198832138018238464
198832137712041985
198832137993076736
198832138106318848
198832138097917952
198832137930149888
198832138349592576
198832139171663872
198832139054235649
198832139695955970
198832139607879682
198832139972784128
198832139817586688
198832140224446464
198832140278956032
198832136814473218
198832139729510401
198832140614500352
198832140627091456
198832141310771200
198832141411434496
198832141340131329
198832137930145792
198832140849397760
198832140471894016
198832141688254465
198832141579194368
198832142074130432
198832142439030784
198832142451613696
198832142615187456
198832143395323904
198832143663771648
198832143735066626
198832143743451137
198832144095772672
198832144603295745
198832144624259073
198832144339046400
198832144552955906
198832145064669184
198832145245011968
198832145484087297
198832146134208512
198832146444599297
198832147174400000
198832147224727553
198832147686109184
198832147094712320
198832148197801984
198832148571107328
198832148583694337
198832148956971008
198832149162496001
198832149229613056
198832149183475712
198832149661622272
198832149787447298
198832149204443138
198832150152355840
198832150320132096
198832150424989696
198832150093627392
198832150815051778
198832150429171715
198832151368712193
198832151255449600
198832151444193280
198832151926546433
198832151515512833
198832151867830272
198832151247069184
198832151905583104
198832152165629952
198832152698306561
198832152106901507
198832153063211008
198832153289703426
198832153327448064
198832153939816448
198832154153730049
198832153428103168
198832154350854144
198832154984202240
198832154338267136
198832153314861056
198832155340709889
198832155286188034
198832155332325377
198832154954829826
198832155613331456
198832155839836162
198832155818856448
198832155776921600
198832156645138432
198832156829687808
198832157299453953
198832157458841600
198832157580476417
198832157223944194
198832157773398016
198832157609824256
198832157400113153
198832158046040066
198832157517561858
198832158104752130
198832158335447040
198832158666792962
198832158708736001
198832159950245888
198832160180932608
198832160168357889
198832160713613312
198832160344522752
198832160768135168
198832159270780930
198832160843632640
198832160453566465
198832161380507648
198832161451810816
198832161065938946
198832161858658305
198832161422450689
198832162445856769
198832161963524097
198832162835927041
198832163045654528
198832162840125440
198832163339247617
198832163490246656
198832163792224256
198832164081631232
198832163842560001
198832164660449280
198832165050519555
198832165054722051
198832165826465792
198832165864226817
198832166019399680
198832166313017345
198832166279454720
198832166610804736
198832166824706048
198832166803738624
198832166698889216
198832166896009217
198832167051214848
198832167130902528
198832167051202562
198832167181225984
198832166635962370
198832167487422467
198832167172837376
198832167885869056
198832167860707328
198832168124948480
198832168506638336
198832167902654464
198832168569536512
198832168401772544
198832169840418817
198832168804429824
198832170729611264
198832171014823936
198832171149049859
198832171270668289
198832171312611329
198832172159860737
198832172466044928
198832172575096832
198832172658999297
198832172277305345
198832173233618945
198832173569146881
198832174017945600
198832173711757312
198832174374457344
198832174567399427
198832174911328256
198832175741812736
198832176211570691
198832176299646976
198832176530325504
198832176668745728
198832176396124161
198832177348218880
198832176740048896
198832177448890368
198832177318862851
198832177927028737
198832177880903680
198832176144457729
