198809528983240705
198809528790294528
198809529578823682
198809529310396416
198809530103107584
198809530614816768
198809531038437376
198809531063603201
198809531235581953
198809531487232000
198809531353018371
198809531483041792
198809531717910528
198809532313505792
198809531667591169
198809532451913728
198809531973771264
198809531504013312
198809532066045953
198809532330295298
198809532972023808
198809533294968833
198809533555023873
198809533513089025
198809533198508034
198809533756350464
198809534087696384
198809534104485888
198809534289031168
198809533978652673
198809533823459329
198809534779768832
198809535891247104
198809535039799297
198809534599401474
198809535572488192
198809535601840129
198809536751087616
198809536147107842
198809536797212672
198809537740931072
198809532841996289
198809536977571841
198809538143592448
198809538261024770
198809538277814273
198809538923741184
198809538776924162
198809539380912129
198809539942944770
198809540085559297
198809540047802369
198809540463050752
198809540345597952
198809540169449472
198809539955539968
198809540760838147
198809540723089409
198809541884911617
198809541931057153
198809541905879041
198809542526648320
198809542648270851
198809541901697026
198809542304342016
198809543164170240
198809542774099968
198809543352922112
198809543432613889
198809543386480640
198809543558447104
198809543914958848
198809543990444033
198809543168372736
198809543986249728
198809543801708544
198809543801712641
198809544263077891
198809545143894016
198809544745435136
198809544443437056
198809545504600064
198809545613647872
198809545626222593
198809545726885889
198809546356039680
198809546846777344
198809546767081472
198809546645438465
198809547069071362
198809547169726465
198809547274596352
198809547417190400
198809547865997312
198809547639500800
198809548012797952
198809547941494784
198809547996012544
198809548889395202
198809548633538562
198809549178802176
198809549329797121
198809549057179648
198809549019422720
198809549510160384
198809549841506304
198809550541959171
198809550965571584
198809551158513664
198809551179497472
198809551053651969
198809552152576000
198809552521658370
198809552706207744
198809552815271937
198809553402470401
198809553490550784
198809553503133697
198809553721241600
198809553826091009
198809553922568193
198809554086133760
198809554056777728
198809554367152128
198809554300055558
198809555013091329
198809555080183809
198809555587694593
198809555201835010
198809556065861633
198809556111994881
198809556191674368
198809556141342721
198809555717718018
198809557449969664
198809557340917761
198809555419938821
198809557710016512
198809557542240256
198809558263668736
198809558355947520
198809559043805184
198809559563902976
198809559219970048
198809559597453313
198809560616669184
198809560708952064
198809560687976449
198809561015128065
198809561015136256
198809561187094530
198809561325502465
198809561698811905
198809561870761984
198809562361503745
198809563196166146
198809563133263872
198809563225534464
198809563011616769
198809562801905664
198809563523325952
198809563682717696
198809563867267072
198809563493974017
198809563917586433
198809564345409536
198809563921788928
198809564609650688
198809564785819649
198809564706111490
198809564836147200
198809565234593794
198809565301706752
198809565305896960
198809564508983296
198809564890660865
198809565796642816
198809565830189057
198809565939249153
198809565981179905
198809566635499521
198809566530641920
198809567314972674
198809567654707202
198809568065757184
198809568153841666
198809568954945537
198809569865109504
198809569999339520
198809570368430080
198809570259386368
198809570662035458
198809570733334528
198809570754310148
198809570137735169
198809570313904131
198809570334871553
198809571224064000
198809571261812738
198809571219865600
198809571471536128
198809571362471936
198809571517665280
198809572058730496
198809572239089666
198809572100673536
198809571802877953
198809572218122241
198809572360732673
198809572113260546
198809572650127361
198809573283479554
198809573140856832
198809573069570048
198809573728059392
198809574155894785
198809574613057536
198809574608871424
198809574759862274
198809573635796992
198809575070253056
198809574977961985
198809575191871488
198809575066058755
198809575170916352
198809575523233792
198809575904919552
198809575871365121
198809575942660096
198809575657451523
198809575254790144
198809573430276096
198809576303370241
198809577507143681
198809577620389889
198809577670721536
198809577721040896
198809577800744961
198809577242894336
198809578111107073
198809578413109248
198809577519714304
198809579205820416
198809579310682112
198809579738513409
198809579767865344
198809580086628353
198809579583324163
198809580178911232
198809579964997632
198809580313116673
198809580342476800
198809580690620418
198809580841607168
198809580044685314
198809580719968259
198809580703199232
198809580900331520
198809581550436352
198809582481571840
198809582582239232
198809583257534464
198809582242512896
198809583517564928
198809583341416448
198809583790206976
198809583844737024
198809584020897792
198809584192847872
198809584285126656
198809584327069696
198809581860827137
198809584968802306
198809585044299776
198809585832837120
198809586357112832
198809585878962176
198809586378092545
198809587149848576
198809585463726080
198809586780745728
198809587690901505
198809587049181184
198809587934179329
198809588089364481
198809588651409408
198809588739473408
198809588508790784
198809588382957571
198809590001975296
198809590161342464
198809590190718978
198809590278795264
198809590408806400
198809589792243712
198809591021174786
198809590845026305
198809591235096577
198809588445872128
198809591763578880
198809591629365249
198809591922966528
198809592271081473
198809592682119168
198809592740855808
198809592833118208
198809592858284032
198809593189646336
198809592724066304
198809592665346048
198809593168670720
198809593537765376
198809593881702401
198809593705533440
198809593520992259
198809592023621632
198809593000886274
198809594666041344
198809594510848000
198809593617461248
198809594716356608
198809594825408512
198809595160965121
198809595311951873
198809594787663872
198809595022557185
198809595081265154
198809596146630656
198809596180185088
198809595634913282
198809595991425025
198809596637347840
198809596930961408
198809596385693699
198809597526556672
198809597711106048
198809597744644097
198809599137161217
198809599082639360
198809599283965953
198809599372038144
198809599363661824
198809599531425793
198809598990364675
198809599204274176
198809599699206145
198809599422377985
198809599963439104
198809599971835904
198809600638713857
198809600596770816
198809600714227712
198809600852623360
198809600982663170
198809600923938818
198809601116876801
198809600600969217
198809600575799296
198809601158815745
198809599913103360
198809601318191104
198809601485963264
198809601762803712
198809602140278784
198809602157051904
198809602480021504
198809602022850561
198809603859939330
198809604484902912
198809604463927297
198809604715593731
198809604644274176
198809604887547904
198809605055324161
198809605298589696
198809604363264000
198809605642534912
198809605793517570
198809605873205248
198809605940330498
198809606422659073
198809607546736641
198809607517384704
198809607215382528
198809608209436673
198809609136381952
198809609740357632
198809610197536771
198809610126233600
198809610726014976
198809610793127938
198809611535532034
198809611682324480
198809611531337728
198809612181454849
198809611711688705
198809612831563776
198809612261138433
198809612768657409
198809612844150785
198809612936425473
198809612777033729
198809613401993216
198809613615902720
198809613448122368
198809614391840772
198809613716566016
198809613943054337
198809600441585665
198809614576386049
198809615318794240
198809615520104448
198809615801131009
198809614135984129
198809617277526016
198809617252356097
198809615822102528
198809617533386752
198809617462075392
198809618514841600
198809616950362115
198809618376437763
198809618389024769
198809618758107138
198809618829422593
198809615608193024
198809617965395969
198809619123015681
198809619232075776
198809618657443840
198809619613749248
198809619932528642
198809619903152128
198809620259680259
198809620335181824
198809620691685376
198809620985298944
198809620448419841
198809620955926529
198809621165637633
198809620628783104
198809621501194240
198809621480214530
198809618317717507
198809622268755968
198809621857701889
198809622679793665
198809622264549377
198809623023730689
198809623178919936
198809623044685825
198809623279570944
198809624265236481
198809624256847873
198809624399462400
198809624412028929
198809624135221248
198809624474951683
198809624198123520
198809624386875392
198809624902770688
198809624974082048
198809625196380160
198809625578049538
198809625976504321
198809625871663106
198809625976520704
198809626182025219
198809627448705024
198809627893305344
198809627855560705
198809627708755968
198809627960418305
198809627767488513
198809628652478466
198809628790890496
198809629252259840
198809629285818368
198809629835276289
198809629642342400
198809630271475712
198809629600391170
198809630057570304
198809630225346561
198809630904815616
198809631005474817
198809631382966272
198809631525568512
198809631391354882
198809631663980544
198809631907262464
198809631991140352
198809632389607424
198809631806595072
198809632578355200
198809632616099841
198809632817418243
198809632905510912
198809633039712257
198809632595120130
198809632838397953
198809633324941313
198809633517879297
198809633568206849
198809633413017600
198809633886978049
198809634444808193
198809634486755329
198809634889408512
198809633278803968
198809635015245828
198809634696478720
198809635124281344
198809635350786051
198809635497574401
198809636424515585
198809636013486083
198809636911058944
198809636453888000
198809637401804803
198809637313716225
198809637573754880
198809637632491520
198809638802694144
198809638517473280
198809638785912832
198809638001577985
198809639155023872
198809639104675840
198809638597177345
198809639398285313
198809639687696386
198809639641546752
198809640060981248
198809639595417601
198809640312647680
198809640400723968
198809640681746433
198809640425897985
198809640849522689
198809640337817604
198809641973596160
198809642187489282
198809641789034496
198809642510462976
198809642724368385
198809642153947136
198809642871164928
198809642757922816
198809643345117184
198809643336736769
198809643756163074
198809644125270016
198809644553084929
198809644456624128
198809644892823552
198809644959940609
198809644905414656
198809644775391232
198809644787961857
198809645161267202
198809645119324162
198809645706518529
198809645761052674
198809645966557185
198809645840732160
198809645530361856
198809646025277443
198809646360829952
198809646125940738
198809646172094465
198809646771875840
198809646868336640
198809646335660035
198809647157751808
198809647203880960
198809646566342656
198809647510065152
198809647572975616
198809647463940096
198809647795286016
198809647308742657
198809648286007297
198809648185356291
198809648353124352
198809648286007296
198809648357326848
198809648449589248
198809649846304768
198809649682722816
198809649867272192
198809649619812352
198809649997287426
198809649837907969
198809650097958912
198809650580299776
198809650357997570
198809650429313024
198809650806788096
198809651444334593
198809651708563456
198809650626437121
198809651708571649
198809652761346048
198809653151404032
198809653130444802
198809653654732800
198809653646340096
198809653746995200
198809653721841664
198809653461778433
198809653344354305
198809652526448640
198809654363557889
198809654195798016
198809654686515200
198809654422290432
198809654569074688
198809654787190784
198809654862680065
198809654371942400
198809655139500032
198809655437312000
198809655571525632
198809655714131968
198809655164669953
198809655512805377
198809655621857280
198809656049664000
198809656443936770
198809656079028224
198809657467342848
198809657408622593
198809658192957440
198809658704666625
198809658822115330
198809657815474176
198809658775969794
198809658603995136
198809659430273024
198809659212177409
198809659790991363
198809660072001536
198809660264943616
198809660222996480
198809660571136002
198809660642443265
198809660436910080
198809660902486016
198809661540024321
198809661888151552
198809661896527879
198809661502263297
198809662081081344
198809662802497536
198809663364538368
198809663507152897
198809663469395968
198809664115310593
198809664153071617
198809665109377024
198809664425705473
198809665138724864
198809665725939712
198809665927254018
198809665927249921
198809666589949955
198809666187313152
198809666040496129
198809666321526785
198809666854207489
198809666594160640
198809667445596160
198809667005202433
198809667579813889
198809667550445569
198809667923755008
198809668271869952
198809668229939201
198809668628381696
198809669215596544
198809669366583297
198809668745838594
198809669534363648
198809669962170370
198809670243201024
198809670108987392
198809669794414592
198809669840551937
198809670754906112
198809670842982400
198809670893318145
198809670343864321
198809671098839042
198809671216279552
198809671270793216
198809672453599233
198809673187594240
198809673095327744
198809673565081600
198809673707692032
198809673783189504
198809671304364032
198809675012112384
198809674940813312
198809674521378816
198809675964223488
198809676173934592
198809676421410816
198809676467552258
198809676329136128
198809676387852289
198809676811468800
198809677167984640
198809678032011265
198809678925414400
198809678820544512
198809678921216000
198809679403565056
198809679604887552
198809679923654656
198809679936241665
198809680334696448
198809680875765760
198809680410193920
198809681228079104
198809680942874624
198809682062753793
198809682037583872
198809682494754816
198809683606257666
198809683727888384
198809684004704256
198809683849519107
198809683316846592
198809684243783681
198809683811762177
198809684256362497
198809684394778625
198809684457693184
198809683920814081
198809684944232448
198809685107802112
198809685380431872
198809685581762562
198809685682434049
198809685665660928
198809686156386304
198809686563233793
198809686345134080
198809686768762880
198809686705840131
198809686869413889
198809686823288832
198809687196569601
198809688010276866
198809688652005376
198809688568115202
198809688534552576
198809688689745920
198809688693932032
198809689104986112
198809689235013632
198809689251782657
198809689457311747
198809689272750080
198809689717342208
198809689826402306
198809689700564993
198809690279378944
198809690317131776
198809690346504193
198809690380042240
198809690480717824
198809690715602945
198809691030175746
198809690753347585
198809691080491009
198809690552012803
198809690581368836
198809691676098560
198809691072102400
198809689423749120
198809691697057792
198809691353124864
198809692489793538
198809692309422080
198809693492219905
198809693014077440
198809693307666432
198809694536609792
198809694574358528
198809695715201024
198809695555813379
198809696495337472
198809692082937856
198809697090932737
198809695757156353
198809696562446338
198809697233551360
198809697824940033
198809697774604288
198809698282127361
198809698370191361
198809696147226624
198809698575724545
198809698667991040
198809698617663489
198809699188097024
198809699192274944
198809699808854017
198809700257640448
198809699955642368
198809700144398336
198809701037772800
198809701453012992
198809699431362561
198809701901799425
198809701654331392
198809702191214593
198809702543523845
198809701952143363
198809702832939009
198809702820364288
198809703076212737
198809703155896321
198809702656770048
198809701939552256
198809703067815937
198809703512416257
198809703147503616
198809703491444736
198809703835377664
198809703642443776
198809704258994177
198809703738912769
198809704481308672
198809704753934336
198809704753938432
198809704510668800
198809705093677056
198809705521487874
198809705341124608
198809705886388226
198809705253048321
198809706314203136
198809706595237888
198809706800758785
198809706863669248
198809703617282048
198809707069186048
198809707106926592
198809706486173696
198809707153080320
198809707589271552
198809708688183296
198809708671401984
198809708499443713
198809708893712386
198809709019541507
198809708994367490
198809708382011392
198809709715783680
198809709837422594
198809709455749121
198809709434765312
198809705689255936
198809710051336192
198809710110048256
198809709795475456
198809710495936513
198809711183802368
198809710386876416
198809711380926466
198809711787782144
198809711896834048
198809712253337601
198809711716478979
198809712505004033
198809712500805634
198809712702132224
198809712291094528
198809713008324612
198809713608105985
198809713922686976
198809713507442688
198809714014957569
198809713444519936
198809714572804098
198809714644094979
198809715076108290
198809715726225409
198809715558457346
198809715675893762
198809715763970048
198809715654934530
198809716267290624
198809716485398530
198809716997107712
198809717693366274
198809717244563457
198809717911461889
198809717932441600
198809717420720129
198809718066647041
198809717970186242
198809718314123264
198809718603530240
198809718788071424
198809718993588226
198809718876143616
198809719157161985
198809718792265728
198809719564025856
198809719454957568
198809719966666752
198809720872640513
198809720931364864
198809720847466496
198809721963159552
198809721690525696
198809723141754880
198809723104006144
198809723255009280
198809723410186240
198809723418578944
198809723779284992
198809723477295104
198809724194521088
198809724437794816
198809723636682752
198809724475555841
198809724890791937
198809724458770432
198809725356355584
198809725498957825
198809725041782784
198809726077767680
198809726077763584
198809727088607232
198809727235403776
198809727461883906
198809726899847169
198809727499636740
198809726891462659
198809728103624704
198809728254619649
198809728233639936
198809728556597248
198809728254619648
198809728627904512
198809728678244352
198809728103612418
198809728808255489
198809729001197570
198809729198325760
198809729521295361
198809729458384896
198809729118650368
198809730007830529
198809730691510272
198809730574061568
198809731068989442
198809731199016961
198809731048030208
198809731291299840
198809731660386304
198809728942477313
198809731891077121
198809732725747712
198809732163702785
198809732818018304
198809733094838274
198809733560418304
198809733401034752
198809733837238273
198809734000820224
198809733824659457
198809734336348160
198809734562848768
198809734835470338
198809735028424706
198809734877425664
198809735020036096
198809734961315840
198809735754027009
198809735833722882
198809736114737153
198809736177647619
198809735909212160
198809736064401410
198809736756473856
198809737037484033
198809737050079232
198809736559345664
198809737150730240
198809737511448577
198809737670832128
198809736907456512
198809737935069184
198809738094448641
198809738509692931
198809738270605313
198809738719412226
198809740099325953
198809740409712640
198809740640391168
198809740875272192
198809740900450304
198809740954976257
198809741449891841
198809741571526656
198809741609287680
198809741693165568
198809741680590849
198809741470875648
198809741529595905
198809741496041474
198809742091620353
198809742083244032
198809742339092481
198809742389428224
198809742456537088
198809742741741568
198809742519443457
198809743408631810
198809743211499522
198809743442182144
198809743169564672
198809742938882048
198809743769354240
198809744058757120
198809743945510913
198809744981504003
198809745010864129
198809744339767296
198809745174441984
198809745157656576
198809744868253696
198809745535148032
198809746051047424
198809746214617088
198809746512424962
198809746961203201
198809746919264259
198809746541776898
198809747024121859
198809745786798080
198809747804266496
198809748156592128
198809748240474113
198809744478187520
198809749108686848
198809749100310529
198809749058359296
198809749171613698
198809749607817217
198809750010478592
198809750492819457
198809749800755200
198809750488616960
198809750085976064
198809750534762498
198809750803197952
198809751260377088
198809750752866304
198809751293931521
198809750899666944
198809751449124864
198809750996123650
198809751281340416
198809752262811648
198809750878683136
198809752342503425
198809752833236992
198809752954863616
198809752690626561
198809753089093632
198809753890197504
198809754380943361
198809754359967744
198809754666143745
198809755240767489
198809755723120640
198809756167704577
198809756331290624
198809756301918209
198809756914298880
198809756507439105
198809757358895104
198809757061103617
198809757509881856
198809757295972352
198809757480529920
198809757233053696
198809757715410945
198809757547642881
198809757962862592
198809757551820800
198809758076116992
198809758789156865
198809758713651200
198809758185177088
198809758927568897
198809759099523074
198809758667509761
198809758529110017
198809759967752194
198809760026468354
198809760504627201
198809760701751296
198809760689176577
198809760806608896
198809760185847808
198809760689164288
198809761133760513
198809760483655681
198809761247014912
198809760907272192
198809761431568384
198809761460928512
198809761444143104
198809761578360832
198809762316554240
198809762337525760
198809762136203266
198809762857615361
198809763000225792
198809762979250176
198809762958290944
198809762874400770
198809763226714114
198809763235102720
198809763239301120
198809763272859650
198809762773737474
198809763767791617
198809760974376960
198809763918774273
198809763532906497
198809764258525185
198809764371759105
198809764518567936
198809765785243648
198809765978185728
198809766930284544
198809767165169666
198809766569590784
198809764174630914
198809767882399745
198809768293441539
198809767685259264
198809768591233024
198809768796762113
198809768830308352
198809769488826368
198809769694330880
198809770193461248
198809770214428674
198809770638061568
198809771049091072
198809770512232450
198809771292377088
198809771007148034
198809771804065792
198809771711799297
198809772450000897
198809772659703808
198809772810715138
198809772907167744
198809771837628416
198809772705841152
198809773565673472
198809772785537025
198809773653753857
198809773783785472
198809773636980737
198809774136111104
198809774236762113
198809774496813089
198809775323103232
198809771699208192
198809775092404224
198809775289548800
198809776103235584
198809775704784896
198809776791097345
198809777218924545
198809776090652674
198809777634148356
198809778007457792
198809777831280640
198809778124881921
198809778577883137
198809778955362304
198809778586263552
198809779085381633
198809778863091714
198809777764171776
198809779752280064
198809779274121216
198809779165077505
198809779563532288
198809779412541444
198809780079443969
198809780129763328
198809780154941441
198809778179424258
198809778342998016
