198793927824908288
198793927724253184
198793928005255171
198793929016094720
198793928969945088
198793929343250433
198793927220936705
198793929662021632
198793929968197632
198793932073730049
198793932111482882
198793934003126272
198793933696937985
198793932203769857
198793935399813121
198793935135584258
198793935437574145
198793935739551745
198793936523898883
198793936427421697
198793936964292609
198793937610219520
198793938084184066
198793938692358145
198793938855927808
198793939971616768
198793940495896576
198793940210692096
198793940579782660
198793941280231424
198793942249119744
198793942198779904
198793943255752705
198793943377395713
198793942911823873
198793944954437632
198793946065932290
198793946065936384
198793947680739328
198793948146307072
198793948322467842
198793948280520704
198793949039693824
198793948687376385
198793950239268864
198793950709022722
198793951162007553
198793951250087936
198793951237521408
198793952051208192
198793952093147136
198793952411910144
198793953586323459
198793953804435458
198793953804423169
198793955205316608
198793955993845760
198793955901579264
198793956505563137
198793956937576448
198793957088575488
198793956618809345
198793956908212224
198793957038243840
198793958111981568
198793959273803777
198793958661439489
198793959605145601
198793959676444674
198793959881981952
198793960913776641
198793961236742144
198793960414658560
198793962159472640
198793964210487298
198793964474744832
198793962889293824
198793966362177538
198793966995509248
198793966622220289
198793966819344386
198793969289797632
198793969428205568
198793969361104896
198793970170609664
198793970652946432
198793970439036928
198793971814772736
198793971961577474
198793970896211969
198793971969961986
198793972519403521
198793972401963008
198793972557156352
198793971806388224
198793970015416320
198793974285209600
198793974641729536
198793974507515905
198793975719673858
198793975329587200
198793975837110272
198793976650792960
198793976151683072
198793976608858113
198793977389002752
198793977279946752
198793977506443264
198793978458554369
198793979045748736
198793979117051905
198793979649724416
198793980249509889
198793982174703616
198793982619303937
198793981704929281
198793983181328384
198793983923732480
198793982514442240
198793984284434433
198793985240735745
198793985404305408
198793985169424384
198793986910068736
198793987501465600
198793988420014082
198793988717821952
198793989128863745
198793989523111937
198793989703483392
198793989267263488
198793990382956544
198793990810763265
198793990760448002
198793990487801856
198793992148754432
198793991796428802
198793992752738304
198793992165527553
198793993025368064
198793993436397568
198793993079889921
198793993075691520
198793993226698754
198793994023612416
198793993377681409
198793992685629441
198793995537747969
198793996099788801
198793996213043202
198793996267556864
198793997060284416
198793997211271168
198793997647478785
198793998746398721
198793999195193344
198793999480401923
198793999539113985
198794000210198528
198794000654807040
198794000386359296
198794001153929216
198794001174900736
198794002869403649
198794003259469825
198794003997659136
198794006048681986
198794006073851905
198794006136758272
198794006363258880
198794006338093058
198794007088873472
198794007193726977
198794008112267264
198794008816914432
198794008330383362
198794010540781569
198794010620461056
198794011878764545
198794012595978241
198794013413867521
198794013594230784
198794015288737794
198794015385190400
198794014969962496
198794015775272960
198794016534437889
198794016895152128
198794017679478784
198794017641730048
198794018736447489
198794018824523776
198794018686107648
198794019755667456
198794019675975682
198794020057657345
198794020737126400
198794020275748866
198794019214589952
198794021227872256
198794021592764416
198794022989467648
198794023505362949
198794021114609667
198794024138719232
198794023769620481
198794024470065153
198794025074040832
198794024927236097
198794023597645825
198794026160361473
198794027032788992
198794027015995392
198794026533650432
198794026860810241
198794027452207105
198794028194594817
198794028093939715
198794028484018177
198794028597248000
198794029096370177
198794029960413184
198794029775855616
198794030035898370
198794030312718337
198794029729726464
198794030270783489
198794031210303489
198794031520690178
198794030161723392
198794033009668096
198794033219383297
198794033529765889
198794035215867905
198794035777904640
198794036042145792
198794036843261952
198794037313011712
198794037560479744
198794038260928512
198794038827159552
198794038873292800
198794041205342209
198794040727191552
198794041666711554
198794042501365760
198794042744651777
198794044766302209
198794045034729474
198794044674031618
198794045496107008
198794045730992129
198794047333216259
198794047077367808
198794048348237824
198794048482455552
198794047849111558
198794049577172992
198794050244059136
198794050399244289
198794050634137600
198794050806087681
198794050403438592
198794051103887362
198794051691089920
198794051984687106
198794051632365568
198794052676759552
198794053385601024
198794053058437122
198794053213626368
198794053880512512
198794053524013056
198794054245421056
198794053880528896
198794053884719104
198794054853607425
198794054929092609
198794055004602368
198794056225132545
198794056602615808
198794057345011712
198794057206607872
198794057907056640
198794060071317505
198794061241516032
198794058389405696
198794061614817280
198794061849690116
198794062889877504
198794062738890754
198794063590334464
198794063904903168
198794064529858560
198794064567607297
198794065498750976
198794065947541505
198794065406464001
198794066287280128
198794065872039937
198794065649741826
198794066094329859
198794066484408321
198794067205832705
198794066819940353
198794067788824577
198794069785317377
198794071140089856
198794070959730688
198794070611595264
198794072067018752
198794072868134914
198794072729714689
198794076450062337
198794075959345153
198794076970156032
198794076928217088
198794074508107776
198794077892911104
198794078295568384
198794078350094336
198794079050534913
198794079482544128
198794079553855488
198794080535322625
198794082062057472
198794082653450240
198794083358097408
198794083475529730
198794082871549952
198794083819454464
198794084129832960
198794084452794368
198794084058537984
198794084607983616
198794084649926658
198794085358776320
198794085589454849
198794086352814081
198794086122143744
198794086495424512
198794087359455233
198794087472705537
198794088923922433
198794089267859459
198794088504508416
198794089620180992
198794089641156608
198794090287083520
198794091843166208
198794092182896641
198794094544306177
198794094733045760
198794095093755907
198794095337021440
198794095152476161
198794094045184002
198794096578531328
198794097014743040
198794098335952896
198794098654720000
198794097882959872
198794098054922240
198794099573264384
198794099711672320
198794099367751680
198794099917193216
198794100168863745
198794100881887233
198794101217431552
198794101234208768
198794101800452096
198794103708852224
198794104371544064
198794104602247169
198794105000701952
198794105734705153
198794106036690944
198794106284154881
198794106229628929
198794106162520069
198794107563425794
198794106988789762
198794108133838848
198794109232758784
198794108746211328
198794109958365185
198794110277128192
198794110205833216
198794112000987136
198794112680464387
198794113024401409
198794111854198784
198794113464811521
198794114366582784
198794114307862528
198794115096383488
198794114538553344
198794115939434497
198794115557765120
198794116895735809
198794117508116480
198794116929290242
198794117742989312
198794117797523456
198794117860429824
198794118254690305
198794118305038337
198794118317617152
198794118758023170
198794119735287810
198794119789805569
198794120242798592
198794119752056832
198794119525564417
198794120137932801
198794120481865729
198794121253617666
198794122214117379
198794122562256897
198794123145265152
198794124227383296
198794124508413953
198794125376634880
198794126207090688
198794127213727744
198794126693642242
198794127159214080
198794128144863234
198794129285722112
198794129495437313
198794131085078528
198794131378671616
198794132012007425
198794132716650498
198794133408718848
198794133773619201
198794133962375169
198794134461493249
198794132838297601
198794134549577729
198794135442948098
198794135916908544
198794136063709186
198794136265043970
198794136189542401
198794137179402240
198794136919359488
198794137389121536
198794138324434944
198794138395754496
198794139125551105
198794139385610242
198794139519827969
198794139461103617
198794139775680513
198794139813425155
198794134365016064
198794140975239168
198794141981868033
198794142472617984
198794142548103169
198794141860237314
198794144020312065
198794144880148480
198794144859164673
198794145005965314
198794145270202371
198794144905302017
198794145576402944
198794145861611520
198794146968911874
198794147077955584
198794148206227459
198794148998950914
198794150697639938
198794150894772224
198794150873800705
198794151226130434
198794151750418433
198794151670718465
198794152215969792
198794152467644416
198794153621073921
198794153960808448
198794153621078016
198794154002743298
198794154296352769
198794153881108480
198794156565467136
198794156481576960
198794156695490562
198794157379170306
198794157395947520
198794157270122496
198794157777616897
198794158167691265
198794158465482752
198794158746501120
198794159744749569
198794159962865666
198794163624488961
198794163637071872
198794165084098560
198794165440622592
198794165893611521
198794166623408129
198794166078160897
198794166132670464
198794166774398977
198794167453884416
198794168007540737
198794168435359744
198794168317906946
198794169169346560
198794166996697089
198794169471340545
198794171086159872
198794170788360192
198794169085468673
198794166283677697
198794171639799808
198794171564306432
198794172503818241
198794172910665729
198794173632094208
198794173581754368
198794175364349954
198794174861017089
198794174831665153
198794175494356993
198794175234310144
198794175481774080
198794176027045890
198794175590830080
198794176266121216
198794175985098752
198794176882688000
198794176559726593
