198836959450378240
198836959437799425
198836959462965248
198836959727202305
198836959718801408
198836962252169216
198836962193448960
198836962394767360
198836962445111298
198836962587709440
198836962478657536
198836961761427456
198836962646441985
198836962654818304
198836962575138818
198836962608693248
198836962549972994
198836962612875264
198836962654822401
198836962671603712
198836962675789824
198836961639792641
198836962789031937
198836962914877441
198836962893905920
198836962940030976
198836959722999809
198836963053281280
198836963132968960
198836963124576256
198836963355262979
198836963351080960
198836963325906946
198836962642247680
198836963120381952
198836963413983233
198836962763874306
198836962923253760
198836963665641472
198836963548209152
198836963787284481
198836963648872451
198836963762126849
198836963846000641
198836963674042370
198836963082633216
198836963992813568
198836963976019968
198836964030562305
198836963116191744
198836963984412673
198836963611131904
198836963598544896
198836963741138945
198836964227694595
198836966631018497
198836965880250368
198836965938962434
198836966442283008
198836965876051968
198836966115119104
198836966702333954
198836965859278851
198836966928822272
198836967012712448
198836966689751040
198836966853312512
198836966366785538
198836967205650432
198836965498556417
198836965976711168
198836966974955520
198836966605864960
198836966400335872
198836966509395968
198836967121760261
198836965418864641
198836966937202690
198836967218225152
198836967369216001
198836966131904512
198836966958182400
198836966702317569
198836966672973824
198836967553773568
198836967637663744
198836967922864129
198836967297925120
198836966991740928
198836967469883392
198836967973191680
198836967146926080
198836966970761216
198836967130152961
198836968254222336
198836967880929281
198836968396820480
198836968065474562
198836968346501120
198836967209844736
198836967843180544
198836967838982145
198836967532789761
198836968480714753
198836967562162176
198836970628190208
198836970565275648
198836970548494337
198836970498162689
198836970099712003
198836970066165761
198836970636587008
198836970770800640
198836969751576576
198836970712080384
198836970682720257
198836970296844289
198836970401693696
198836970871472130
198836970905022466
198836971093770240
198836970770808834
198836971240554497
198836971169267712
198836971131510786
198836971387367425
198836971454464000
198836970888232960
198836971425112067
198836970988896258
198836971597070336
198836971290886144
198836971215405057
198836971819376640
198836971756462081
198836972079427584
198836972037480448
198836969881608194
198836971995529217
198836972150722561
198836971467046914
198836972192665601
198836972226232320
198836971752271872
198836972423356416
198836972461101058
198836972066844672
198836972549189633
198836972532408320
198836971924226049
198836972591128576
198836972675018752
198836972821819392
198836972540805121
198836972712767491
198836974822498304
198836974302404608
198836974772166656
198836974147211264
198836972637257728
198836974897987584
198836974960906240
198836974872829955
198836974570835968
198836974788947968
198836975061581824
198836975111909376
198836975258710016
198836974931550209
198836974415650818
198836974956711936
198836975497781249
198836974990266368
198836975405510656
198836975304835072
198836975619424256
198836975606824960
198836975636201474
198836975690727424
198836975669751809
198836975762022401
198836975602642944
198836975887843328
198836976030453763
198836975871082497
198836975296458752
198836976013688836
198836975988518914
198836976009490432
198836976328245249
198836975611031552
198836976311472128
198836976353427456
198836976349220864
198836976122724353
198836975703298048
198836976403742720
198836976496029696
198836976307281921
198836976454074370
198836976475049984
198836976508616704
198836976600887297
198836976600887296
198836976466657283
198836979067138048
198836978974859265
198836978748375040
198836979205554177
198836978777731073
198836979079725056
198836979293630466
198836979121664000
198836979327172609
198836978484125696
198836978786123776
198836978807078915
198836979268460544
198836978890973184
198836978861608961
198836978928726016
198836979473989633
198836979557867520
198836979557875712
198836979650142208
198836979641757698
198836979788550144
198836979255885824
198836979918573568
198836979775967232
198836979423641601
198836979834687489
198836979981484032
198836979998265345
198836979591426049
198836979998277632
198836980094738434
198836980153466880
198836979893420032
198836979734028288
198836980098928642
198836980153450496
198836979675312128
198836980174426112
198836978660286464
198836980170231809
198836980199587841
198836978882584576
198836980132495361
198836979704668160
198836979671109632
198836978970656768
198836980006658050
198836979947937793
198836980602241028
198836983202725889
198836983102050304
198836983244664832
198836983332749313
198836983248863232
198836983412436993
198836982871371776
198836983529869313
198836982871359488
198836982967844864
198836983391465474
198836982867169280
198836983617957891
198836983240474624
198836982934290432
198836983538266112
198836983290802176
198836983001382912
198836984008024065
198836984008019968
198836983869607936
198836983966072833
198836983911555073
198836983659905024
198836983353720833
198836983886397441
198836983445991425
198836983487926273
198836984096108544
198836984385511424
198836984075128832
198836984402280449
198836984402280450
198836983857029120
198836984121270272
198836983785730048
198836984360337408
198836983949312002
198836983966085121
198836984620396545
198836984742035457
198836984767184896
198836984830103553
198836984926576640
198836984448425985
198836984947556352
198836985044021248
198836984830103554
198836984918179840
198836985228570625
198836987380248578
198836987434770433
198836987246030849
198836987501887488
198836987514470400
198836987501879297
198836987145371649
198836987766112258
198836987682226179
198836987640295424
198836987795472385
198836987866791936
198836987862593536
198836987468316673
198836987849998336
198836986545586176
198836987220852736
198836987883552769
198836987594153985
198836987568979968
198836987795488769
198836988105867264
198836987694825473
198836988152000512
198836988177170432
198836986847576066
198836988323958784
198836987665457153
198836988172972034
198836988009381888
198836988332343296
198836988470755328
198836987875172354
198836987703205888
198836988542062592
198836988571430913
198836988680478721
198836988688871425
198836988877611008
198836988294598657
198836988902780929
198836988726624256
198836988835672064
198836988835659777
198836988957302785
198836988898586624
198836989057970176
198836989162827776
198836989125066753
198836989368336385
198836991792660480
198836991150923777
198836991654240257
198836991897513984
198836991943643136
198836991679397891
198836991931072514
198836991901696002
198836992040108034
198836991482273793
198836991700369408
198836992165949440
198836991532605441
198836992400822272
198836992346300416
198836992275005441
198836992459538432
198836992061095937
198836992354680832
198836992455344128
198836992459550720
198836992539242496
198836992581185536
198836992644091904
198836992702820354
198836992308543490
198836992719593472
198836992912531459
198836992962863104
198836992967057408
198836992895762434
198836992593772545
198836992681848832
198836992493105153
198836992988028928
198836992971243520
198836992505679872
198836993101271040
198836993159987201
198836993260654592
198836992656670720
198836993143222273
198836993143218176
198836993302597632
198836992518262785
198836992849616896
198836993189351424
198836992748949504
198836993420050433
198836993235488768
198836995890495488
198836994007244800
198836995399749633
198836995064217601
198836995932438529
198836994003054592
198836996016308224
198836995991142400
198836995320053760
198836996049866753
198836996377018368
198836996439949313
198836996532207616
198836996431556609
198836996351856640
198836996662239232
198836996096004098
198836996041490432
198836996041482240
198836996716769281
198836996477698049
198836996930670593
198836996855173120
198836996720959489
198836997228470273
198836997278793729
198836997173944320
198836997064892416
198836997438181376
198836997001973764
198836997463351296
198836996964225024
198836997555630080
198836997371068416
198836997534646272
198836997626937345
198836997459148800
198836996507058176
198836996850982912
198836997501104129
198836996955832322
198836997970870274
198836997920526336
198836997580791808
198836997425598464
198836997689839616
198836998222516224
198836998193164288
198836997970866176
198836998222512128
198837000034459648
198836999279476736
198837000189652993
198837000206434304
198836999552110594
198837000156090368
198837000114159617
198836999761838080
198837000340643840
198836999891853312
198837000382590976
198836999921213442
198837000231596033
198837000441298944
198837000411955202
198837000558743552
198836999954767872
198837000483246080
198837000508416000
198837000567136256
198836996771282944
198837000072200192
198836999963148288
198837000827179008
198837000311275520
198837000692965376
198837000403562497
198837000739098625
198837000965586945
198837001112395777
198837001028517888
198837000533585920
198837000814600192
198837001154342913
198837001057878017
198837001217249281
198837001158533120
198837001343090688
198837001405992961
198837001380831234
198837001074642946
198837001439547392
198837001338880000
198837001640878080
198837001359851520
198837001405992962
198837001976430593
198837001972224000
198837002123227136
198837001716383744
198837004211990528
198837003872239616
198837004300075010
198837004249743362
198837003993878528
198837004480425984
198837004325224448
198837004463636481
198837003696078849
198837004140687361
198837004824346625
198837004820168705
198837004815974401
198837004857905154
198837004845318144
198837004547526657
198837004757254144
198837004987924480
198837005017288704
198837004874694657
198837004451061760
198837005029883905
198837005059244032
198837005210226688
198837005214420992
198837004933398528
198837004518166528
198837005369606144
198837004606246913
198837005218615296
198837005336064000
198837005298307072
198837005428330496
198837005499641857
198837005734514688
198837005197647872
198837005755486209
198837005675806723
198837005478674432
198837005612879872
198837005151502337
198837005583515648
198837005755490304
198837005856153600
198837005868736513
198837005877129216
198837005319278593
198837005336055809
198837005021478912
198837005080211456
198837008431456256
198837008402096129
198837008418865152
198837007751983104
198837008548900868
198837008532123648
198837008448225281
198837008523735043
198837007831670784
198837008301424641
198837008670535680
198837008708276225
198837007802310656
198837007919747073
198837008699891716
198837008771194880
198837008947359744
198837008934768643
198837008569860097
198837008829919233
198837006846013441
198837009014468608
198837005164089344
198837008318201857
198837009043816450
198837009085759489
198837009039622144
198837009178038273
198837009006084096
198837009022844930
198837009240948736
198837009308069889
198837009228369921
198837009178034176
198837009341628417
198837008838299648
198837009740087297
198837009068986369
198837009685553153
198837009303871488
198837008976715776
198837009450680320
198837009501011968
198837010037874688
198837009555533827
198837009534550016
198837010226614272
198837009526169600
198837010251788288
198837010306306048
198837012537688064
198837012483162112
198837012621574145
198837012638334976
198837012613177344
198837012600586241
198837011325526016
198837012151795715
198837012193742848
198837012843872256
198837012785139715
198837012491550720
198837012978085888
198837012927746048
198837012902592514
198837013003243521
198837012919369731
198837012978077696
198837012734820352
198837012646727681
198837012353122304
198837013087141888
198837012701265920
198837013229731840
198837012663508992
198837013208764417
198837012759982081
198837013309423618
198837013200379904
198837013317812225
198837013443653633
198837013431074816
198837013527531520
198837013410103299
198837013531721728
198837013384933377
198837012994863104
198837013846310912
198837013745643520
198837013158440962
198837013955346432
198837013871460354
198837011388436480
198837013946957824
198837014030848000
198837010910285825
198837013842112512
198837013942775808
198837013254897664
198837014018260994
198837016769732608
198837016731987968
198837016731983873
198837016258027520
198837015494664192
198837016316739584
198837016920731648
198837016803291137
198837016463540224
198837016916541441
198837017000411137
198837016388050944
198837016442576896
198837017172377601
198837016010571776
198837017235308544
198837017205944320
198837017319186434
198837017294020609
198837017331765250
198837017352740864
198837017029771267
198837017407258624
198837017386295297
198837016962666498
198837017365331968
198837017327583233
198837017365323776
198837017071722496
198837017294016512
198837017667313666
198837016148983808
198837017835077632
198837017851863041
198837017952518145
198837017885417472
198837015951851520
198837018199990274
198837017776369664
198837018288062464
198837018468433920
198837018409705473
198837018560708611
198837018313244675
198837018678149120
198837018866876418
198837016652288001
198837018074152963
198837018812362752
198837018179010560
198837020980817921
198837020355854336
198837020938874880
198837020708179969
198837021010178049
198837021136007171
198837021161177088
198837021085667328
198837020313919488
198837020259389440
198837020754317312
198837021014364160
198837020980813824
198837020699795457
198837021182144512
198837021190524928
198837021396049920
198837020993392641
198837021345718272
198837016572596224
198837021492514817
198837021492514818
198837021203116032
198837021618356224
198837021731594240
198837021769351168
198837021169553408
198837021140201472
198837021534466049
198837021068886016
198837021773537281
198837021853224962
198837021832253440
198837021899358208
198837021739978755
198837021857431552
198837022021009408
198837021513482240
198837021958090752
198837021677072384
198837021840637952
198837021932924928
198837021664493568
198837022222336001
198837022163603456
198837022469787648
198837022348156928
198837022369120256
198837022331387904
198837022650155009
198837025149956097
198837024541773825
198837024994754560
198837025233829889
198837024852164610
198837025279971329
198837025430970369
198837024529190912
198837025376448512
198837025510658050
198837025305149444
198837025493876736
198837025363857408
198837025489690626
198837025057673217
198837025464516608
198837025657466881
198837025749745664
198837024898285570
198837025594552322
198837025212870656
198837025665847296
198837025577766912
198837025842003970
198837025384828928
198837025854586880
198837025330307072
198837025984610305
198837025179303938
198837025959452673
198837025330315265
198837025988816896
198837026060120065
198837026089467905
198837026064318464
198837025523253248
198837026148192256
198837026294996992
198837026286616576
198837025913307137
198837026383081474
198837025783283712
198837026299183104
198837025137377281
198837026341130240
198837026487939073
198837026445983744
198837025997197313
198837026651504640
198837026710237184
198837029482668034
198837029499437057
198837029361041409
198837029386203137
198837029486858240
198837028803194882
198837029503635456
198837028937404416
198837029356838912
198837029776265217
198837029293928449
198837029499437056
198837029788860417
198837029814013952
198837029570740226
198837030015340544
198837029742718976
198837029772075009
198837029663019008
198837029558161409
198837030044700672
198837029579141121
198837030220861441
198837029591719937
198837030258618368
198837030057283584
198837030376054785
198837029172297729
198837030082453504
198837029591728128
198837030371852289
198837030417989633
198837029985976321
198837030669651968
198837030497689600
198837030099238914
198837030183108608
198837030669656065
198837029226819584
198837030883565569
198837030111821826
198837030967455744
198837031034552324
198837030468321281
198837030933893120
198837031131025408
198837030455750657
198837031038763008
198837030992613376
198837031055540224
198837033563721728
198837033203023872
198837033588895744
198837033261735937
198837033127522304
198837033806987264
198837033685360640
198837033773441024
198837033442099200
198837033572122625
198837033903456256
198837033924427777
198837033991540736
198837033446293505
198837033911861248
198837034352246784
198837031210713088
198837033278513153
198837034457112577
198837034142535680
198837034524217344
198837034436132864
198837034603905024
198837033505013760
198837034763288577
198837034838790144
198837034322890752
198837034335477762
198837034914287616
198837033513385984
198837033542754308
198837035065278467
198837035031724033
198837029742710785
198837035023335424
198837035027537920
198837034993979392
198837034796847105
198837035123998720
198837035216289792
198837034683596801
198837035258216448
198837034771693569
198837034444533760
198837034842996736
198837034780065792
198837035488903168
198837035451166720
198837031172964352
198837035388243969
198837037711892480
198837037678329856
198837037258903552
198837037867089920
198837037531533312
198837037862879234
198837037942583296
198837037913223168
198837037384740864
198837038043242498
198837038114545664
198837038139719680
198837038131318785
198837038164881408
198837037695115265
198837038424920064
198837038366195714
198837038357815298
198837036835291136
198837037913227265
198837037871271937
198837038336835584
198837038634631168
198837038177464324
198837039070851072
198837039066660864
198837039037296641
198837038903070721
198837038705950720
198837039100198913
198837038861135872
198837039263776768
198837039100198912
198837039154733056
198837039016312833
198837039326695425
198837038848544768
198837039012122624
198837039418982400
198837039582547969
198837039557386241
198837039733538817
198837039318319104
198837039834210304
198837039569969152
198837040001982464
198837039519633408
198837039922290688
198837040148783106
198837040064905219
198837041910390784
198837041058938883
198837041528709120
198837041956519936
198837041558065153
198837042040422400
198837041893605376
198837041620979712
198837041268666368
198837042120097793
198837042048798721
198837041994272769
198837041696485378
198837042149457921
198837041658728449
198837041394495489
198837042250133507
198837042241732608
198837042434670592
198837042430492673
198837042099130368
198837042258509824
198837042543726592
198837042610843649
198837042145275906
198837042459840513
198837042615025664
198837042174636032
198837042610847745
198837042128490497
198837041662930946
198837042141081600
198837042673750016
198837042778615808
198837041247694848
198837042933800960
198837042946387968
198837042749243392
198837043005112321
198837042854113280
198837042954780673
198837043063820289
198837042883461120
198837043005108224
198837043164487680
198837042573090816
198837043172876288
198837043005095936
198837043147718657
198837043265159168
198837046142447616
198837046020808704
198837046155030529
198837046306017280
198837046134054912
198837046314414081
198837046293434368
198837046238904321
198837046377316352
198837046398300160
198837045802708992
198837046196961280
198837043395174402
198837046410887169
198837046595428353
198837046381527040
198837046561865730
198837046691901441
198837046763196416
198837043755884544
198837046104690688
198837046926782464
198837046947758081
198837047023251456
198837046620594176
198837046461206529
198837046398287872
198837047295873024
198837046494765056
198837047174250496
198837045693657088
198837046926774272
198837047388160000
198837046947741696
198837047400730624
198837047379759104
198837046788362240
198837047144873985
198837046872248320
198837047392354304
198837047274909696
198837047094558720
198837046960324608
198837047216193537
198837047631413248
198837047891476481
198837047799189505
198837047790800897
198837047534944256
198837047979540483
198837050286415872
198837050240282624
198837050231885826
198837050387087361
198837049653080064
198837049741160448
198837050412240896
198837049837629440
198837050479357952
198837050571620353
198837050638745601
198837050580025345
198837050714226689
198837050739408896
198837050680680449
198837050726817792
198837050739396608
198837050798120964
198837050890395649
198837050420641793
198837050965889024
198837051037196288
198837051091726337
198837051049771008
198837051104296960
198837051095924737
198837051163033601
198837050580025348
198837051213361152
198837051230126082
198837050760372224
198837050693255168
198837051259498497
198837050567442432
198837051376926720
198837051485990912
198837051330801664
198837051230134272
198837051112685569
198837051469213696
198837051494371329
198837050886205441
198837051079147520
198837051561484288
198837051674726401
198837051540516865
198837051666337792
198837051779588097
198837051850891265
198837051284660224
198837054505877505
198837054543630337
198837054585569280
198837054598160384
198837054581387265
198837054774321152
198837054723985411
198837054044516352
198837053482483712
198837054392631296
198837054644305920
198837054937890816
198837054631706624
198837054958878720
198837054493306882
198837055214731265
198837055302811648
198837055164387329
198837055290228737
198837055315378176
198837055336366080
198837055453802496
198837055592210432
198837055550275584
198837055097286658
198837054870794240
198837055067930624
198837055260860416
198837055726424065
198837055701266435
198837055302811649
198837056007438337
198837055235690500
198837055999066113
198837056171024384
198837055588024320
198837056171020289
198837056338804737
198837055797739522
198837056338796545
198837056481411073
198837056447848449
198837056452042752
198837056502366208
198837056519159808
198837056271691776
198837056624013312
198837056477212672
198837056707899392
198837056691126272
198837058716971008
198837058767290368
198837058821816321
198837058926673920
198837058880548864
198837058947645440
198837058918297601
198837059014754305
198837058939256832
198837059023142913
198837058045886464
198837059119628288
198837058700197888
198837059195121664
198837058725347328
198837059274809350
198837058826027008
198837059224473603
198837059098640385
198837059471933442
198837059622936577
198837059077672960
198837059388055552
198837059698442240
198837059190927362
198837059782328322
198837058989600769
198837059161554945
198837059836841984
198837059773927425
198837059903963137
198837059190923264
198837059899768836
198837059539050497
198837060004614144
198837060159811585
198837060134633472
198837059887173632
198837060109467648
198837060054941696
198837059597766656
198837060268863488
198837060239495168
198837060193353730
198837060377903104
198837060428234756
198837060428247041
198837059887177728
198837060365336578
198837060465987584
198837062881906688
198837062256955392
198837058310127616
198837062923845632
198837062642835456
198837063175520258
198837063141953536
198837063079043072
198837062596694017
198837062772867073
198837062693158912
198837063280377858
198837063234236416
198837063339081728
198837063301345281
198837063162937345
198837063594946560
198837063154536449
198837063519436800
198837063653666816
198837063368450049
198837063817240576
198837063901134848
198837063871770624
198837063817244672
198837063909511169
198837063905312768
198837064136003585
198837063792078848
198837064085676033
198837063745933313
198837064177954817
198837064383471616
198837064328953856
198837064521887744
198837064073093120
198837064098267136
198837064576413698
198837064219885568
198837064651915269
198837064551251970
198837064517681152
198837063947272192
198837064471543808
198837064844845056
198837064924540930
198837064924540929
198837064752566272
198837065096495104
198837064945516544
198837067164299264
198837066719707136
198837067118166016
198837067151704064
198837067243982848
198837067323682818
198837066493198337
198837067344658433
198837067315294208
198837067315298308
198837067361427457
198837067302715392
198837067252383744
198837067378196480
198837067432726528
198837067063631872
198837066547732481
198837067621482497
198837067176869888
198837066811981825
198837066598072320
198837067780857856
198837067797626882
198837067973791744
198837067462098944
198837067910873090
198837068028329985
198837067617284097
198837067088805888
198837067269148672
198837067424350208
198837067768279040
198837068309344256
198837068158341120
198837066912636929
198837068292554752
198837068426776576
198837068011548672
198837068540035073
198837067818602497
198837068586156032
198837068091244545
198837068447752193
198837068300951554
198837068573585409
198837068200296450
198837068368052225
198837068602933249
198837068611330049
198837068561006593
198837071316664320
198837071211794433
198837070947561472
198837071287296001
198837071018860544
198837071308259328
198837071186640898
198837069911564288
198837071618654208
198837071362793473
198837070985306112
198837071752855553
198837071639613440
198837071341826048
198837071371182080
198837071719313409
198837071845146625
198837071924822017
198837071853535232
198837071375368192
198837071941603329
198837071476031488
198837072017096705
198837072092594177
198837071715115008
198837071941607426
198837071492820992
198837072142929920
198837071895478272
198837071824166912
198837071752863748
198837072423944194
198837072394592256
198837072432349184
198837072025493506
198837072025485313
198837072700780544
198837072121958401
198837072247799808
198837072373616641
198837072700772352
198837072432345088
198837072767893504
198837072579133441
198837073174728704
198837073170530305
198837072369426432
198837073359286273
198837072872742915
198837073308946434
198837075531931648
198837074919571456
198837075632594945
198837075527733248
198837075099914240
198837075062173696
198837075871662080
198837075389321217
198837075980722176
198837075473203201
198837075481608193
198837075305431041
198837075523534849
198837075527737344
198837076043628544
198837076161069057
198837076081393664
198837075682934784
198837076223991810
198837075678728192
198837076253347841
198837074886012928
198837076236582913
198837076379189250
198837076463075328
198837075817136130
198837075921993728
198837076370784256
198837075942973441
198837076509208576
198837075594850304
198837076102348800
198837076576313347
198837075959742465
198837075695509505
198837073367678977
198837076400148480
198837076802809856
198837076706328577
198837076874104832
198837076362399744
198837077037694976
198837077188681729
198837077255782400
198837077285142528
198837075657752577
198837076874108931
198837077377425408
198837077561982978
198837077473902592
198837079759785984
198837079466184704
198837079545876480
198837079797538819
198837080107917315
198837080216977409
198837079516524544
198837080099520513
198837079441018882
198837080284082176
198837079789150208
198837080221159424
198837079814307841
198837080544129024
198837080640589824
198837080309252097
198837080762236928
198837080628002816
198837075284471808
198837080724471808
198837080867086336
198837079894011905
198837080007245825
198837080384749569
198837080808374272
198837080695128065
198837080934199297
198837081085181952
198837080468627457
198837081018077184
198837080892248064
198837080326012928
198837081009684481
198837081173278721
198837081202622465
198837081286508544
198837081374593025
198837081500434433
198837081106161665
198837081513005056
198837080468627456
198837081634648064
198837081282322434
198837080850305024
198837081349427200
198837081827590144
198837081462681603
198837081462673408
198837081026473988
198837082020524032
198837083861823489
198837083870216192
198837083413028868
198837084050571264
198837083144589314
198837084109279233
198837084314808320
198837084264464384
198837084008611840
198837084436447232
198837084344164352
198837083958292482
198837083584995328
198837084469993473
198837084532912128
198837084608401412
198837084222537730
198837084742623234
198837084855877633
198837084860055552
198837084847480833
198837084952330240
198837085002661889
198837085111730176
198837084751020033
198837084763586561
198837084872646657
198837085359185921
198837085111726080
198837085279485953
198837085409525760
198837085438877697
198837085048799232
198837085581479936
198837085292068864
198837085682155522
198837085560520704
198837085623435264
198837085703127040
198837085703122944
198837085745061888
198837085602459648
198837085690544130
198837085807976448
198837085485023232
198837085245935616
198837086089003009
198837085648601090
198837086047059968
198837085958971392
198837088190332929
198837088324567041
198837088186138627
198837088211312640
198837088291012608
198837088349728768
198837088433614849
198837088462962689
198837088454590466
198837088278429698
198837088538460160
198837088265838593
198837088584609794
198837088211316737
198837088274231296
198837087993212929
198837088236486656
198837087984828418
198837088903372800
198837088655912960
198837088907575297
198837088257458177
198837088941125632
198837089079525377
198837089045975042
198837089129857027
198837088366497792
198837089150832640
198837089129861121
198837089230524418
198837088794320896
198837089188589568
198837088760758272
198837089264091136
198837089536712705
198837089670934528
198837089188577280
198837089675120641
198837089301839875
198837089595424771
198837089113092096
198837089830309889
198837089591230465
198837089360560128
198837089457025024
198837089473794048
198837089834500096
198837089972928512
198837089507348480
198837090174251011
198837092397223936
198837092011356160
198837091751313408
198837091579334656
198837092414013441
198837092346892288
198837092464340992
198837092476928004
198837092598550528
198837092107821057
198837092606935040
198837090912440321
198837092585979904
198837092846018560
198837093080903681
198837092070080514
198837092221063168
198837092774719490
198837091990388739
198837092653088768
198837093085097984
198837093210923010
198837093189943296
198837093194149888
198837093466783744
198837093391273984
198837093605195776
198837093491949568
198837093043154944
198837093500338176
198837093596798976
198837093743591424
198837093613572096
198837093626159104
198837092648878080
198837093751984129
198837093865230336
198837093957500929
198837094238531585
198837094158835712
198837093907181568
198837093689077761
198837094335000577
198837094334988290
198837094364360704
198837094385336320
198837094133669891
198837094523748352
198837094578274305
198837093819088896
198837096495071232
198837096440541185
198837096675409920
198837096084017154
198837096427954176
198837096096604160
198837096889327616
198837096797061120
198837096629272576
198837096641855488
198837096948056064
198837096998387712
198837096620883971
198837096885125120
198837096960622592
198837097438777344
198837097333923841
198837097380065280
198837097447170048
198837097422004224
198837097216487424
198837096834793473
198837096771883008
198837096998379520
198837097786912768
198837097816264706
198837097816264704
198837097359085569
198837097812070400
198837097921130496
198837097635909633
198837097744965634
198837097929510912
198837097300373504
198837098013392898
198837098193756163
198837098160197633
198837098307006464
198837098239889408
198837098080509952
198837098516721664
198837098495754241
198837098508324867
198837098357329922
198837098558664704
198837098348949504
198837098575433728
198837098688688128
198837098705469440
198837098508320770
198837100706140162
198837100664209410
198837100718727169
198837100752281600
198837100748091392
198837101079441409
198837101041680386
198837100290908160
198837101121384448
198837101121380353
198837101205274624
198837100597096450
198837101305925632
198837100735496193
198837100899082240
198837101410787329
198837101469499392
198837101427556353
198837101666635777
198837101515653122
198837101775699968
198837101381423105
198837101821833216
198837101263990785
198837101154938881
198837098504138753
198837102023151616
198837101951848448
198837101184286720
198837101394014208
198837101222039552
198837102329331712
198837101758906368
198837101922488320
198837102547443712
198837102518087680
198837102417412096
198837102102847488
198837100999749632
198837102643908612
198837102849437698
198837102786514944
198837102509690880
198837102975266816
198837102979457025
198837103088508928
198837103038181377
198837103059152896
198837103151419392
198837103252094977
198837104871084032
198837104892055552
198837105269538816
198837105298915330
198837104866902016
198837105546379264
198837105085005826
198837105483460609
198837105512816640
198837105718333442
198837105730920448
198837105051443202
198837105693175808
198837105835782146
198837105349238784
198837105311498240
198837105856745472
198837105894490113
198837105986781185
198837105995161601
198837106016129025
198837106100027392
198837104938192896
198837106133573632
198837106125180928
198837105969991681
198837106217451521
198837105865129985
198837106435571713
198837105886109696
198837106544611329
198837106091630592
198837106565595136
198837106536226816
198837106028711936
198837106683031553
198837105605083136
198837106515251201
198837106620116992
198837106745933824
198837106741747712
198837106632704000
198837106771099650
198837106708193280
198837106553008128
198837106955649024
198837106922094592
198837107043745792
198837107089870850
198837107085688832
198837109077983232
198837109119909888
198837108981497856
198837108562083843
198837109333835776
198837108444631041
198837109308653571
198837109413519361
198837109501599744
198837108876640256
198837109413523456
198837109048610816
198837109002481665
198837108943757312
198837107853246465
198837108918595584
198837108109086720
198837109853917184
198837109686153216
198837109975560192
198837109224783872
198837109560328195
198837110084616193
198837110021685250
198837110176890880
198837109681958914
198837109602254848
198837110214635520
198837110109773825
198837110302715904
198837109753249793
198837110361436162
198837110411771905
198837110474682369
198837109765849088
198837110378201090
198837110478864384
198837110457896960
198837109895864320
198837110059442176
198837110457896961
198837110575333376
198837110374014976
198837110252384256
198837110793449472
198837110462087168
198837110864744449
198837110973808641
198837110944436224
198837111015739392
198837113268084739
198837113263898624
198837113255505920
198837113305825282
198837113393905668
198837113049980929
198837113427460096
198837112848662528
198837113448435712
198837113070944256
198837112815099904
198837113049972737
198837113079349249
198837113343582208
198837113674936320
198837113289048065
198837113574260737
198837113121275904
198837112940924929
198837114039844864
198837113440043008
198837113939165184
198837114073382912
198837114077581313
198837114027253760
198837113553289216
198837113641385984
198837114304069632
198837114178240512
198837114249555971
198837114329251841
198837114396348416
198837114517983232
198837114358599680
198837114362793984
198837114639613952
198837114484441088
198837114253754369
198837114568310784
198837114660601856
198837114811584513
198837114799001602
198837114819981312
198837114874507265
198837114778042369
198837114782224386
198837114429902848
198837115004530690
198837115088416768
198837115189080065
198837117521117184
198837116652888065
198837117529489408
198837117143625730
198837117676302336
198837117177176065
198837117667917824
198837117093289984
198837117609197568
198837117730824193
198837117806317569
198837117919571968
198837118070558720
198837118125084672
198837118108303360
198837118120894464
198837117902786560
198837117688885248
198837118116691968
198837117978292224
198837118427082753
198837118552911873
198837118464835585
198837118531940352
198837118078955521
198837114224381952
198837118745845760
198837118213169152
198837118791983104
198837118980718592
198837119077199872
198837118741651456
198837119211421700
198837118951362562
198837118842306560
198837119337238528
198837119324651522
198837119366610944
198837118867480577
198837118947180545
198837118263504898
198837119551160321
198837118863278081
198837119312072705
198837118905233408
198837119614070784
198837119282708480
198837119681171456
198837119530172416
198837119152697344
198837121589579776
198837121702825986
198837121837039616
198837121715404801
198837121790918657
198837121799307264
198837121887387648
198837121316954113
198837121832845313
198837121807683584
198837121912553472
198837121837043712
198837121769930752
198837121707028480
198837121434386432
198837121954496514
198837122025783296
198837121614757888
198837121421815810
198837121728004096
198837121677664256
198837122252275714
198837122269061121
198837122407473153
198837122415853569
198837122151616512
198837122231308288
198837120905916416
198837122424254464
198837122554265601
198837122151620608
198837122541699072
198837122285838339
198837122340360192
198837123003072512
198837122600411136
198837122516525057
198837123065978880
198837122994675712
198837122982092800
198837123170832385
198837123271499777
198837123258916865
198837122982096897
198837123141472258
198837123456049154
198837122982096900
198837122969518080
198837123674152960
198837123841933313
198837125838413825
198837125821628416
198837125708390400
198837125884542977
198837125666455552
198837125309923328
198837126102654977
198837125637087232
198837126094258176
198837126085885952
198837126182342657
198837126262030339
198837126383673344
198837126031351809
198837126408830980
198837123011444736
198837122663317504
198837126492729345
198837124705955842
198837126475939840
198837126454984704
198837126320754688
198837122839486465
198837126337540097
198837126392066048
198837123560910848
198837125423173632
198837126320762880
198837126694047744
198837123472826369
198837126194937861
198837126488526848
198837126127812609
198837126996037632
198837126798917632
198837126920552449
198837127029600256
198837126576619521
198837127339966465
198837127407079425
198837126769553408
198837127004434433
198837127528710145
198837127600025601
198837127688101890
198837127767801856
198837127855882240
198837127742627840
198837127339966464
198837124307488768
198837129856557057
198837129357443072
198837130020126721
198837129902686210
198837129764278273
198837129961422848
198837130078855168
198837128866693120
198837130083049472
198837129932050432
198837129592320000
198837130217271296
198837130217275392
198837130259210240
198837129965600768
198837130313744384
198837130351480834
198837130473127936
198837129546174464
198837130519257088
198837130674454528
198837130582167552
198837129906880513
198837130154356738
198837130506670080
198837130481500160
198837130439573505
198837130716397568
198837130783490048
198837130015944704
198837130703798272
198837130888359936
198837130338902016
198837131135827968
198837130255015936
198837131295195136
198837131282624513
198837130892554240
198837130930294786
198837131349721088
198837131408457728
198837131475550208
198837131001593856
198837131018379264
198837131643322368
198837131249061888
198837131764969474
198837131899191298
198837131920162816
198837131882397696
198837134352850946
198837134344462336
198837134348664833
198837133790822401
198837133828567040
198837134210252801
198837134440927232
198837134155718656
198837134470287360
198837134176681984
198837134692581376
198837134189277185
198837133463666688
198837134185074688
198837133916635136
198837134239608832
198837134134747136
198837134025687040
198837134860357632
198837134944243712
198837134860353536
198837134143135745
198837135107821568
198837134491254784
198837134331871232
198837135166541826
198837134713556992
198837135187513345
198837135384657922
198837135367876609
198837135472734209
198837135455948802
198837135497891843
198837135120404480
198837135682453506
198837135460151298
198837135686647809
198837134604509186
198837136030568448
198837135728590848
198837135745363968
198837136156401664
198837135955075072
198837135875391488
198837136127041537
198837136177369088
198837136106061824
198837136311599104
198837136252862464
198837136164790272
198837138358403072
198837138547154944
198837137980915712
198837138056417282
198837138693955586
198837138236780544
198837138819780608
198837138136117248
198837138828169216
198837138773651456
198837138907860992
198837138773647360
198837138895290368
198837138995941379
198837138970787840
198837138995941376
198837138245169152
198837138534580228
198837138308071426
198837139188875266
198837138538762240
198837139075645441
198837139121774592
198837139125964802
198837139243413506
198837138853347328
198837138698141697
198837139377631233
198837139398598658
198837139402788864
198837138110955520
198837139050475521
198837139629289474
198837139675414528
198837135690829824
198837139801255938
198837139084034048
198837139453124608
198837139885142017
198837140090662912
198837140296179712
198837137234329600
198837139327299584
198837140417814528
198837139247611904
198837136278044672
198837139641872385
198837140140986368
198837140434599936
198837142569500672
198837142695329792
198837142661767169
198837142661775360
198837142590459905
198837142795993088
198837142888259584
198837142879879170
198837142473019392
198837142347190272
198837142984736768
198837141910982656
198837142791782401
198837143194443776
198837142661771264
198837143056027649
198837142724677633
198837143035052032
198837142741467136
198837143228002305
198837143479648256
198837143538384896
198837139981611008
198837143202828288
198837143223812096
198837142770814979
198837143634837505
198837142951182337
198837143743901696
198837143706148864
198837143559352320
198837143228006400
198837143743893505
198837143815192576
198837143358029825
198837143370608640
198837143420928000
198837143861346304
198837143827779584
198837143274135555
198837143429328897
198837140757549058
198837144033300480
198837143630647298
198837143311880192
198837144104607745
198837140073889794
198837144104599552
198837143337050113
198837144301748225
198837146767986690
198837146159816706
198837146839293953
198837147007066113
198837147158056960
198837147141279744
198837147271315457
198837146692497408
198837147422306304
198837147363573760
198837147489402880
198837146822516738
198837147560710144
198837147711705090
198837147636203521
198837147917234177
198837145929129984
198837147799781377
198837147812372480
198837147388747776
198837147980140544
198837147904643072
198837147732684801
198837148118556672
198837148089196544
198837146365329411
198837147803987969
198837147845935105
198837148319891456
198837147652980737
198837148554768386
198837148521209856
198837146642157568
198837148445708288
198837148663812097
198837148563156994
198837148701564928
198837148458299392
198837148823207937
198837148697378817
198837148823195648
198837148802232322
198837140963069953
198837141533499392
198837148923858944
198837148298903552
198837148248571904
198837148575744001
198837150941331457
198837150857433088
198837150924546048
198837150828068866
198837150924541953
198837151008428032
198837151008423939
198837150962286592
198837150677090306
198837149175521280
198837150647713794
198837151134253056
198837150605787136
198837151432056832
198837151134261248
198837150765162496
198837150798716928
198837150777753601
198837151486586883
198837151209754625
198837151637581824
198837151578865664
198837151645966337
198837151117479936
198837151054577664
198837151213944832
198837151679524864
198837151608213505
198837151788564480
198837151935373312
198837151172005888
198837151339786240
198837151981502464
198837151910203393
198837152128303106
198837151671128064
198837151759216640
198837152161861632
198837152057008128
198837152325439489
198837151805349888
198837152346419202
198837152396750848
198837151775981568
198837152266731520
198837152027648001
198837151968935936
198837152145080320
198837152648400896
198837152354799616
198837155202732034
198837155341156352
198837155014000640
198837155047542784
198837155387285504
198837155315982336
198837154728783874
198837154959474688
198837154653282304
198837155265654785
198837153248182273
198837155517317120
198837155525705728
198837155789946882
198837155701858305
198837155609587712
198837155571830790
198837155588608002
198837156100325377
198837156175818754
198837156293263360
198837156146458624
198837156318416899
198837155487948800
198837155760578560
198837156490383360
198837156247117824
198837156410699777
198837156586848256
198837156582662145
198837156381327360
198837156574277632
198837156834328577
198837156683325441
198837156804956160
198837156779790338
198837156700094464
198837156809146369
198837156888842240
198837156704305154
198837157010485249
198837156947562496
198837157081788417
198837156985319424
198837157174050816
198837157262131200
198837157341827072
198837156398104576
198837156788183040
198837156880457729
198837159434788864
198837159308967936
198837158696591363
198837159531261952
198837159040524288
198837159602565120
198837159782916096
198837159912947712
198837159778725888
198837159992639488
198837159699025921
198837160013594625
198837159178932226
198837160059744257
198837159820664832
198837160177176577
198837160261074946
198837160273649665
198837157404741632
198837160021991425
198837160386895873
198837160420454400
198837160433041410
198837160214933505
198837159866806272
198837160412069888
198837159984242688
198837160500150272
198837160781164544
198837160701476866
198837160852455424
198837160839876608
198837160982491137
198837161003462658
198837160911192064
198837160688885760
198837161120890881
198837161037004801
198837161154461696
198837160890216448
198837161364160512
198837161150259201
198837161418702848
198837160739217408
198837161557110784
198837161771024386
198837161607442434
198837161229950977
198837161880064002
198837161976528896
198837163679420416
198837163557797888
198837162660212737
198837163692003330
198837163306135552
198837163918491649
198837164014977024
198837164153384960
198837164119818242
198837163763310593
198837163738148864
198837164082073600
198837163805249537
198837163905921024
198837164463767554
198837164539248640
198837164472143873
198837161250922496
198837164677664769
198837161318031360
198837163989807104
198837163184488449
198837164929318913
198837164845436928
198837164740575232
198837165042573312
198837164094656512
198837165168398339
198837164967071745
198837164862218240
198837164421816320
198837165147422721
198837165206147075
198837165348757506
198837165294227456
198837161846505473
198837165336182784
198837164753158145
198837165407477761
198837165420052480
198837165000626176
198837165340372992
198837165562675200
198837165575245826
198837165562662913
198837165713657857
198837162291101696
198837165478789120
198837165281656834
198837165554282496
198837167827599360
198837165810130944
198837167886307329
198837168167337984
198837168217669632
198837167529791488
198837168200888321
198837168276381696
198837168347684866
198837167852765185
198837168272179201
198837168297345024
198837167815012353
198837168511266816
198837167949234176
198837168565788673
198837168641294336
198837168611917825
198837168645484544
198837168469311490
198837168297357312
198837168796475393
198837169115238401
198837169194942464
198837168733552640
198837168981024768
198837169211715584
198837168653873152
198837169324953601
198837169404641281
198837169303982080
198837168809066497
198837169379483648
198837169564041216
198837168700006403
198837169459183618
198837169593389056
198837169165565952
198837168884547584
198837169383669760
198837169668890625
198837169383686144
198837169358516224
198837169484337156
198837169488539648
198837169840848896
198837169547264001
198837170037981184
198837170134450179
198837172344860672
198837172273561600
198837172063838208
198837171912843264
198837172500045824
198837172558766080
198837172516814848
198837172546174976
198837172625883138
198837171514388480
198837172667817984
198837172713959426
198837172562960384
198837172810424320
198837172730724352
198837171900260352
198837172374224897
198837173003370496
198837172852359168
198837172349059073
198837173078851584
198837172562960385
198837173171130368
198837173330518016
198837173267595264
198837173292761088
198837173145964545
198837173305352193
198837173364076545
198837173313732608
198837173259206658
198837173418590208
198837172810432513
198837173477322753
198837172701376512
198837173422788608
198837173045309440
198837172911091712
198837173221466113
198837173645082624
198837173720592384
198837173255012352
198837173435383810
198837173645099008
198837173678653440
198837173779312642
198837173838028801
198837173825441792
198837173271801856
198837173422792704
198837176128110592
198837174634942466
198837176337829889
198837176279109632
198837176237162496
198837176367202305
198837174672687106
198837176413331458
198837175868063744
198837176136507392
198837175914209280
198837176413327360
198837176207818754
198837176505610240
198837176383975424
198837176757264384
198837176350412802
198837177008926720
198837176883085312
198837176925036544
198837176996331520
198837177080225792
198837176660795392
198837177084428289
198837176950202371
198837177113788417
198837177302515712
198837176266526721
198837176962793473
198837176782438401
198837177092808704
198837177445126144
198837177579356160
198837177675808769
198837177755516930
198837176945999872
198837177260589056
198837177583546368
198837177730338816
198837177831002112
198837178074284032
198837177491271681
198837178023944194
198837178116222976
198837177671630849
198837178229473281
198837177600327681
198837178166558720
198837178112024577
198837178443370496
198837180431466496
198837180028825600
198837180490194944
198837179726827520
198837180888657920
198837180867682305
198837180918018049
198837180754427904
198837180330803200
198837181203234816
198837181136109569
198837181207425024
198837181110951937
198837181383573504
198837181475860482
198837181509419008
198837181278728192
198837181605879808
198837181639434240
198837181794623488
198837181660405760
198837181773647872
198837181874311168
198837181228388352
198837181853339650
198837181698154496
198837181983363074
198837181408755714
198837181731713025
198837181530378240
198837182163726336
198837182046277633
198837182344081408
198837181798825984
198837182457331713
198837182067253248
198837182067261441
198837182625091584
198837182658650115
198837182654451713
198837182239219712
198837182658646016
198837182776086529
198837182750916608
198837182641876992
198837182520233984
198837182084034561
198837182977425408
198837182595735552
198837183082270721
198837184701280256
198837184642560001
198837184487362561
198837184776773632
198837184084721664
198837184172797952
198837184810332161
198837184789352448
198837185007464449
198837185074573313
198837184764194816
198837185284276224
198837184600604672
198837185414303747
198837184713859076
198837185531756544
198837185380745216
198837185686945792
198837185724686336
198837185649180672
198837185124892673
198837185640808449
198837185695334400
198837185804378115
198837185812762627
198837185363980291
198837185389150209
198837185846312960
198837185905049600
198837185334616065
198837185967955968
198837186026672128
198837185510785025
198837186005700608
198837186286723072
198837185343004673
198837186232205312
198837185758232576
198837186232188928
198837186311888897
198837186244788224
198837186404163584
198837185716297728
198837185150074882
198837186622275585
198837186630660096
198837186613870593
198837186601299969
198837186735505408
198837186630651904
198837188820074496
198837187901530113
198837188698443777
198837188572610560
198837188811685888
198837188333535233
198837188996235264
198837189117878273
198837189155618817
198837188882993152
198837189348560896
198837188790730752
198837189373739009
198837189075943424
198837189394706432
198837189373726720
198837189424062464
198837189004623873
198837189432451073
198837189650563072
198837189688303617
198837189541511168
198837189805744129
198837189218549761
198837189436649473
198837189528911873
198837189801558016
198837189944160257
198837189503750146
198837190158061569
198837189809930240
198837189658943489
198837190216785921
198837190170652672
198837190317445120
198837190401331200
198837186085400576
198837190527172608
198837190074187776
198837190543945728
198837190669774848
198837190220984321
198837190162259968
198837190682361857
198837189952544769
198837190283902977
198837190334222336
198837190883688448
198837190950780928
198837190812385281
198837193010196480
198837193094082560
198837193081499649
198837192972451842
198837193274441728
198837192594952192
198837192817258496
198837192649474048
198837193287020544
198837192729182209
198837193274437632
198837193152790528
198837193568034817
198837192502685696
198837193488351233
198837193593196546
198837193102467072
198837193396064257
198837193739997184
198837193425420290
198837193425428480
198837193458978818
198837193744187393
198837194167820292
198837193219911681
198837193484140545
198837193492529152
198837194167820288
198837194297835520
198837194394308608
198837194184605696
198837194645966848
198837194016817153
198837194604023808
198837194713075712
198837194692112385
198837194645979137
198837194381737984
198837194272681984
198837194411081728
198837194922786816
198837194901831680
198837195107336192
198837194486595585
198837194956349440
198837194348175362
198837194696298497
198837195023454208
198837195203813376
198837195115741185
198837197313556480
198837197238059008
198837197120618496
198837197175144448
198837197619740672
198837197397438464
198837197581987841
198837196738932737
198837197426786304
198837197070278656
198837197972062208
198837198102077442
198837197821063168
198837197519073281
198837197976256513
198837197993017344
198837197435187200
198837197837828097
198837197401636864
198837197389041664
198837197749760000
198837198290829313
198837197674254338
198837198244675584
198837197703610368
198837197833650176
198837198362132482
198837198466977792
198837197221265409
198837198727028736
198837198190161921
198837198664114178
198837198987083777
198837198550867968
198837198991278080
198837198680887296
198837198932545536
198837198181761024
198837199016443905
198837199020625920
198837199142256641
198837199242932224
198837198504722433
198837199351975938
198837198555054080
198837199221952513
198837199402307585
198837199297445891
198837198588620800
198837199351980032
198837201310728192
198837200295694339
198837201289748480
198837201365241857
198837201050664960
198837201277169664
198837200526389249
198837201725956096
198837201172316161
198837201507852289
198837201541410817
198837201738539008
198837201725964288
198837201327489024
198837201918894080
198837201465917440
198837201931476992
198837201990197248
198837202053103616
198837201835003904
198837202057310209
198837201633689600
198837202430590976
198837202036338689
198837201688207361
198837201923088384
198837202493509632
198837202308968448
198837202497712128
198837202724196352
198837201725956097
198837202388664320
198837202833256448
198837202929713155
198837203005227008
198837202099253249
198837202984251392
198837202841645057
198837202480934912
198837202745171969
198837202837446657
198837203214942209
198837203034587138
198837203433037825
198837203089108994
198837203349159936
198837202438995968
198837203596611585
198837203600801792
198837203290423298
198837205475655680
198837204712304641
198837204880068609
198837205496631297
198837205555347458
198837205505015808
198837205521805312
198837205471473664
198837205618262016
198837204972343297
198837205639241728
198837205270134787
198837205840568320
198837205668601856
198837205999960064
198837206125772801
198837206117400576
198837206117384192
198837206243225601
198837206394220544
198837206532636672
198837204947185664
198837206541025281
198837206759120896
198837206301933569
198837206339682304
198837206926897152
198837206549401602
198837206499065856
198837206834618368
198837207056920576
198837207165964289
198837207056908288
198837207132418049
198837207203708928
198837207287603200
198837204049592320
198837207367290881
198837207459573760
198837207283417088
198837207514095616
198837207006576642
198837206872358912
198837207346331648
198837207606362114
198837207597989888
198837207786725377
198837207765745664
198837207384064000
198837207778340864
198837209711919104
198837209707716608
198837209682554882
198837209439285250
198837205576318976
198837210047447041
198837209292480513
198837209997123586
198837210093596672
198837208529108993
198837209586081793
198837210072612865
198837210345254913
198837210047447040
198837210441723904
198837210504634368
198837208613007364
198837210127147008
198837210466889728
198837210559160320
198837210705965057
198837210244583425
198837210907287552
198837210462691328
198837210781454337
198837210265550848
198837210911473664
198837210382999555
198837211033124864
198837210752090112
198837210466881536
198837211041509376
198837210668208129
198837210915676160
