198809277140439041
198809278272909313
198809277811523584
198809278637801472
198809278893662210
198809278981742592
198809279094996992
198809279086608386
198809279313092608
198809279464095746
198809279472476161
198809279719936000
198809279598301185
198809279900295169
198809280206483456
198809279757697026
198809280311341056
198809280571383808
198809280659460097
198809280370065408
198809281125031937
198809281779343360
198809281963896832
198809280957263872
198809281439596544
198809281687060480
198809282140045314
198809282752421889
198809282882449408
198809283020857344
198809282995691520
198809284203651073
198809283213787138
198809284283338752
198809283033432065
198809284430147584
198809284899897344
198809284195270656
198809282911813633
198809285470339074
198809285776510976
198809284161699841
198809285076074496
198809284950241280
198809285688434688
198809285931696128
198809285742952448
198809286581821442
198809286619566080
198809286586015744
198809287043186688
198809286602797056
198809286393085953
198809287181615105
198809287567482880
198809287542317056
198809287609425920
198809288028848129
198809288284717057
198809288389574656
198809288410542080
198809288314060800
198809288486035458
198809288519598081
198809288590897152
198809288301477888
198809289190670337
198809289387802625
198809289790464002
198809289949839360
198809290079870978
198809290176344064
198809290545438722
198809290243448833
198809290704818176
198809290922934272
198809290587377665
198809290826452994
198809291208134656
198809291258478592
198809291300417536
198809292051197952
198809291300409344
198809292021841920
198809292084744193
198809292659363840
198809292604837888
198809291875037184
198809292877471746
198809292877467649
198809293204631552
198809293993152514
198809294148345859
198809293716328448
198809294500663296
198809294072844288
198809295003992067
198809294509064193
198809294987210753
198809295054319616
198809294592946178
198809295104643072
198809295708618753
198809296035786752
198809295415029760
198809296144842752
198809296388112385
198809293439516672
198809296195174400
198809296874643457
198809295142391810
198809297109520385
198809297751248896
198809298103566336
198809296098693120
198809298116161537
198809298363625473
198809297851912192
198809299403808769
198809299684818944
198809299827425280
198809300112650241
198809299785482240
198809300179755008
198809300766949376
198809300792127490
198809301366734850
198809301370941440
198809301891022848
198809301337374720
198809301433847808
198809302289485824
198809302297882626
198809302457257984
198809302713110529
198809302960578561
198809302683754496
198809303300308993
198809304067870720
198809303757496320
198809303694577665
198809304466325504
198809304432771075
198809304730578944
198809304801882114
198809304558616577
198809304806064129
198809305129025536
198809305158402050
198809305229688832
198809304755736577
198809305355522048
198809305158402048
198809305493934082
198809305783353345
198809303665221634
198809306534129664
198809306039189506
198809306383138816
198809306278264832
198809307096158209
198809306525736960
198809306936774656
198809307414937600
198809307482038274
198809307477835777
198809307410735104
198809307259740160
198809307813388288
198809308249604096
198809308165709824
198809308593528832
198809307461066752
198809308316700673
198809308912295937
198809309239447552
198809309688250369
198809309734375426
198809309616943104
198809309524660224
198809309293969408
198809309814079489
198809310183178240
198809310535499777
198809310317383681
198809310510321664
198809310699077632
198809309948297216
198809310585815040
198809310824898560
198809310946537473
198809310778753024
198809310707453953
198809310862643201
198809310921359361
198809311135268864
198809311512772611
198809311332413440
198809310812307458
198809311244333059
198809310963314689
198809311353384963
198809311869284352
198809311105912833
198809311554703361
198809312305479681
198809312162889728
198809312150306817
198809312603283458
198809312246775808
198809312322260992
198809310619369472
198809313077231618
198809313047875584
198809313496666112
198809313744130048
198809314046128130
198809314713014273
198809313278570499
198809314834657280
198809315853869056
198809315862257664
198809315866447872
198809315920973825
198809315740631041
198809314616541185
198809316772429824
198809316403322881
198809316818554880
198809316579479553
198809317430927360
198809317204439040
198809317690970112
198809317862948864
198809318223642624
198809318332710913
198809318596939776
198809318726963201
198809318148157441
198809319075090432
198809319268024321
198809318903136257
198809319737802752
198809319813287937
198809319771353088
198809319385477120
198809319834263552
198809320304033793
198809320354357249
198809320702488577
198809320836702209
198809320958341120
198809320668938240
198809322074030083
198809322325676033
198809322766082051
198809322313101313
198809322975801345
198809323063885825
198809322782855170
198809322506031104
198809323281985537
198809323546222592
198809323546226690
198809324166983680
198809323244240897
198809324146012160
198809325106511872
198809325072957440
198809325643378688
198809325865680896
198809325953757185
198809326587084800
198809327132352512
198809326272524288
198809327287549952
198809327509848065
198809327249801216
198809328034127872
198809328176726016
198809327379824640
198809328277405696
198809328050909184
198809328491302913
198809328986238976
198809329040752641
198809329107869696
198809329984475136
198809330106105856
198809330039013378
198809330814943233
198809330802364416
198809331087577089
198809331658014720
198809331762872320
198809331448283138
198809332102594560
198809332241006593
198809332438147074
198809332371042304
198809332312317954
198809332060655616
198809333226680321
198809333377667072
198809333415424001
198809333713223681
198809333511897090
198809334174588928
198809333411221507
198809334887616514
198809335848124416
198809335286087681
198809336619859970
198809336066211840
198809336410144768
198809336963809281
198809337400008704
198809337731358720
198809337676836865
198809337932685313
198809337475506176
198809338154987521
198809338188537856
198809336967991297
198809338540859392
198809338624741377
198809338620559362
198809338721218563
198809339144847362
198809339174195201
198809339358740482
198809339572666370
198809339618787329
198809339807531009
198809340180836352
198809340617039872
198809339920785408
198809340679962624
198809339274866688
198809341468491777
198809341086806016
198809340432494593
198809341745303553
198809340281495553
198809342257020928
198809342357676033
198809342408003584
198809342714195971
198809342160551939
198809343590805505
198809343662096384
198809343389474816
198809343888588801
198809343586598913
198809343917965315
198809344140251137
198809344433848320
198809344605831169
198809344924581888
198809344370950145
198809344937172993
198809344605827072
198809345255936001
198809345629237249
198809344358367234
198809346140946433
198809345834754048
198809345922826241
198809346283536385
198809344215760896
198809346526806016
198809346237399040
198809346249994241
198809347059499008
198809347625713664
198809346908487680
198809347692822528
198809347822858240
198809347839623168
198809347978047488
198809348154195968
198809348712042496
198809348842061825
198809349072748544
198809349014028288
198809349076959233
198809348682686465
198809348993069057
198809349563498496
198809349240537088
198809349177610240
198809349878059008
198809349924196352
198809349727068162
198809350339444737
198809350091972608
198809350578511873
198809351002136576
198809350976974848
198809351073447940
198809351232823296
198809351178301442
198809350494629888
198809351283154945
198809351211859968
198809351501266946
198809350989561857
198809351190876160
198809352130408449
198809351807447040
198809352293990403
198809352675655680
198809351765495809
198809352587591681
198809353313198080
198809345948004352
198809353619386369
198809353996861440
198809353321586688
198809352193318912
198809354332405764
198809354584068096
198809354831544321
198809354848321537
198809355326472193
198809355330666496
198809355745902592
198809355200630786
198809355888496640
198809356245012480
198809356127567872
198809355813007362
198809357109051392
198809357356498944
198809357616553984
198809357859831808
198809357813686272
198809357662695427
198809358136643584
198809356609929217
198809358589624320
198809357733994496
198809359499800576
198809359944400897
198809360514818048
198809360770678785
198809360904880128
198809361290772481
198809362037354497
198809361936691200
198809361345286144
198809362326757376
198809361714393089
198809362536476674
198809362595192832
198809363442446336
198809363593428994
198809363689914368
198809362305789952
198809363719262209
198809362754584576
198809364432297984
198809363857678338
198809365069828097
198809365036277761
198809365896101888
198809365841592321
198809366374256640
198809366567190528
198809366185508864
198809366357475328
198809366592372736
198809367133425664
198809366617526272
198809367460585473
198809366734970880
198809368047796225
198809368261697536
198809367959699456
198809368211361793
198809368555302913
198809368442060800
198809368576270336
198809368601444352
198809369410940929
198809369352220673
198809370497257472
198809369889083393
198809370446921728
198809369675182080
198809369025052673
198809371050913793
198809371046711296
198809370828619776
198809371482918915
198809371654889473
198809372380508160
198809373043208192
198809373139668993
198809373995311104
198809373546520577
198809373764620288
198809374368612352
198809374603489281
198809374880305152
198809375228436483
198809375069052928
198809375056478208
198809375354269696
198809374909673473
198809375425572864
198809374653816832
198809374829973504
198809375635275777
198809375853383681
198809376046333954
198809376084078593
198809376272822272
198809376729989120
198809376729989121
198809376948105216
198809377510141952
198809377149435906
198809377350758400
198809376503500801
198809378235752448
198809378407710720
198809378655182848
198809378453860352
198809378160246784
198809378940399616
198809378818752513
198809379217215488
198809378839732226
198809379343052800
198809379368218624
198809379418537984
198809379309498370
198809379695370242
198809379686989826
198809380458733568
198809380349677568
198809380009934850
198809380559405057
198809380483895296
198809380647477248
198809380991414273
198809376318963712
198809374855139329
198809381612175363
198809381645729793
198809381008183296
198809381939314688
198809382170013696
198809381918359552
198809382216151041
198809382409093123
198809382736232448
198809382811742209
198809383218589696
198809384137134080
198809384221016064
198809385059876865
198809385143775232
198809385160540160
198809384908886017
198809385500291072
198809385856802816
198809386544672769
198809386544668672
198809387450646531
198809387215757312
198809387819732994
198809387714883584
198809387639382017
198809388050419713
198809388616650753
198809388390158336
198809389325500417
198809389556174850
198809389178687489
198809389380014080
198809390004973568
198809389988184065
198809391246479360
198809391644934146
198809392169234432
198809392039206913
198809392144060417
198809392739647488
198809392144056320
198809392689315842
198809392781606915
198809393385582592
198809392915824640
198809393825988608
198809393888890880
198809394069258241
198809391795929088
198809394291544065
198809394799067137
198809394698387456
198809394769694720
198809394765500416
198809394094407681
198809394958438401
198809394719358977
198809395197521920
198809395533066243
198809395319156736
198809395340128256
198809395054919680
198809396099289089
198809396418068481
198809396107673601
198809396980105216
198809397005266944
198809397298864128
198809397521154049
198809397282091008
198809396954931200
198809397814767616
198809397978333185
198809398183862272
198809397697323008
198809398431330304
198809398158688256
198809398922063872
198809398964011009
198809391401668608
198809399249223680
198809399454732288
198809399261790208
198809399098224641
198809399408590849
198809399026921473
198809399425380353
198809399567986689
198809399328899072
198809399903522817
198809399899340801
198809399970631680
198809399828033538
198809399060471809
198809399165321216
198809400771756034
198809400629141505
198809401786761217
198809401891631104
198809401304428544
198809401098903552
198809402373967874
198809402185232385
198809402705321984
198809402906640385
198809403091197953
198809403154120705
198809403405766657
198809403573538816
198809403690975232
198809403951026177
198809404181725184
198809403992973312
198809404349497345
198809402042617856
198809405158981632
198809405985263617
198809406765400067
198809406807355393
198809407147081729
198809407063195649
198809407000281088
198809408090816512
198809408459915265
198809407910457345
198809408355045377
198809409021947905
198809409290387456
198809409311346688
198809409319743488
198809409219076097
198809409894359044
198809410162794496
198809408875147264
198809410599010304
198809410435420162
198809410699661314
198809407067402240
198809410687090689
198809411202973699
198809410905194496
198809410674495489
198809411534340098
198809411265896448
198809411274276864
198809411345592320
198809411668541440
198809412440301568
198809411978919937
198809412012482560
198809412079599616
198809412255752192
198809413065252865
198809412922654720
198809413681807360
198809414055108608
198809414164160513
198809414214500352
198809414319341568
198809414210289664
198809414201901056
198809414721994752
198809414461947906
198809415430844416
198809415854456832
198809415938342912
198809415808331776
198809416601051137
198809416861106176
198809416726888449
198809416953364480
198809417297297408
198809417372811265
198809417565736960
198809418282975232
198809418261995521
198809418090029056
198809418513657857
198809418723360768
198809418593337345
198809418643673088
198809419289600003
198809418463313920
198809418698194946
198809419247652865
198809419482537987
198809419209912320
198809419289591809
198809420115886080
198809420426248192
198809419730010112
198809419922935809
198809420648546305
198809420346556417
198809420761796608
198809421193822209
198809421151866880
198809421349007360
198809420661133312
198809421726490625
198809421827145730
198809422129147904
198809422175289345
198809422351450113
198809421713907712
198809422083002369
198809422733123584
198809422712152064
198809422359838720
198809422917681152
198809424008192001
198809424146595840
198809424134012928
198809424259854337
198809424322772992
198809424087883777
198809424662503426
198809424654106624
198809424691863553
198809424863830019
198809424700256256
198809425115496448
198809425115484160
198809425564274689
198809425744637955
198809425698504706
198809425262292992
198809426461855747
198809426176651264
198809426789015552
198809427237797889
198809427623686144
198809427686592513
198809427917287425
198809428445769730
198809428760338432
198809429179772929
198809429112659968
198809429309788161
198809429209124864
198809429603385344
198809426629636096
198809430333210624
198809430194794497
198809430727458817
198809431058808832
198809428231860225
198809431335636993
198809431566331905
198809431671177216
198809431478239232
198809432262586368
198809431612465153
198809432065441793
198809433109827584
198809433340510208
198809433655091201
198809433743171586
198809434330374144
198809433940312064
198809434330370049
198809434636558336
198809434598805505
198809434988883969
198809434821103617
198809435051802624
198809434842087424
198809435731263490
198809436150697984
198809436339437569
198809437031501824
198809437132169216
198809437836804097
198809437463511040
198809438243655680
198809438306566149
198809437350277120
198809438545649665
198809438335930369
198809438726000641
198809438335942656
198809438826668034
198809438939914240
198809439577440256
198809439862665216
198809440131092481
198809440311455744
198809441058041858
198809441368412160
198809441456504832
198809441699770369
198809441762684929
198809442190495744
198809442286960641
198809442031120384
198809442442149889
198809442064666626
198809441611685888
198809442484105216
198809443041939457
198809442286977025
198809443293593600
198809444094717952
198809440009465856
198809444094713857
198809444711268354
198809445059411968
198809445126516736
198809445105541120
198809445432688640
198809444853886979
198809445831147520
198809445688553472
198809446007320577
198809446120554496
198809445915033600
198809446258966528
198809446200254464
198809446883917824
198809447177519105
198809447450157056
198809448117047297
198809448347734018
198809448574226433
198809448624558081
198809449320820736
198809450205814784
198809450482638848
198809449803157504
198809450608476160
198809450692345857
198809451019517952
198809450923044865
198809451082420225
198809451262779394
198809451627675648
198809451606716419
198809451770298368
198809451950649345
198809452156174336
198809452625932288
198809453338963968
198809453527703552
198809452445581313
198809453817106432
198809453846462464
198809454374948866
198809451254382592
198809454169423873
198809454416900096
198809455117340672
198809455155097601
198809454362378240
198809455742287872
198809455910064129
198809455910068224
198809456027512833
198809456140754946
198809455952019457
198809456576954369
198809457176748032
198809456623099904
198809456925085696
198809456342077440
198809457503907842
198809457709420544
198809458527305730
198809458174988288
198809459148079104
198809458707677184
198809459374559232
198809459710103552
198809458284044288
198809460565753857
198809460980973568
198809460976787456
198809461098418176
198809461228453888
198809460712550400
198809460267941891
198809461492695040
198809461647872001
198809462151192577
198809462679683073
198809462730014721
198809462688063489
198809462880993280
198809462499323905
198809463631777794
198809463824711681
198809463946358784
198809464239955969
198809463354953732
198809464479031296
198809464135098368
198809464273510401
198809464932016128
198809465263366148
198809463967334403
198809465762488321
198809465468882944
198809465884123139
198809466156744704
198809466177732609
198809467347943425
198809467612168193
198809467603783680
198809467368914946
198809467024969729
198809467696058368
198809467599585282
198809467486351360
198809468056772608
198809468279066624
198809468920803330
198809469122129920
198809469885497344
198809469352812544
198809470351048704
198809470338473984
198809470753714176
198809471236059137
198809471378657280
198809470502043649
198809471538036736
198809471940706307
198809472150417408
198809472175583233
198809471030542337
198809472653729794
198809473228345345
198809473622622208
198809473454837761
198809473823940609
198809473937182721
198809474163679232
198809474260148224
198809474331459585
198809474704740352
198809472477569026
198809475006730242
198809475073839104
198809475057070080
198809474612465666
198809475275161601
198809475749122049
198809475602333696
198809475845591040
198809475690405888
198809473605844994
198809476017557504
198809476554436608
198809476906754049
198809476944510977
198809477028392961
198809473849114624
198809478009851904
198809478198591488
198809478169239552
198809478206984195
198809478991331328
198809478865502208
198809479280730112
198809478538342401
198809479347847169
198809479310086147
198809479381393408
198809479846952961
198809480048295938
198809479624663041
198809480312520704
198809480446754817
198809479960207360
198809480220258307
198809480509665281
198809478848720896
198809481839255552
198809482258690048
198809482443231233
198809482124468225
198809482791358464
198809482292244480
198809483558924290
198809482984300546
198809481600172033
198809483537956866
198809484225818624
198809484917874688
198809484720750594
198809484829790209
198809484720750592
198809485328924673
198809484745908227
198809485530251265
198809485517664256
198809485983232001
198809486788538370
198809486230700032
198809487052775424
198809487103111169
198809486935339008
198809486985658370
198809487442849793
198809488042635264
198809488046833665
198809485119201282
198809487795171330
198809488281702401
198809489468686336
198809489330274305
198809486360707073
198809489812635648
198809487774199808
198809489770684418
198809489225416704
198809489447731202
198809489602912256
198809490877976576
198809491242885120
198809491255476224
198809491041558528
198809491872038912
198809491175772161
198809492102709248
198809491628752897
198809492291452929
198809492421492736
198809491582627840
198809492933185537
198809493172260866
198809493491023874
198809493075791872
198809494006927361
198809493168070657
198809493692358656
198809494707376131
198809494854189056
198809495055515648
198809495361691649
198809495944704000
198809496041164801
198809495885983744
198809496720637953
198809495932121088
198809496846479362
198809496875843585
198809497022627840
198809497022631937
198809497735667712
198809498054434816
198809498020880384
198809498809409538
198809498910076928
198809498977173505
198809498549362688
198809498473873409
198809498851344386
198809499400798209
198809499048476673
198809499958648832
198809500365488129
198809500591988736
198809500923330561
198809501107892224
198809502034829312
198809501032382464
198809501535703040
198809501703479296
198809502596857858
198809501816725504
198809502949187584
198809503733526528
198809503037272064
198809504102612992
198809503305707520
198809504320716802
198809504119402496
198809504727576577
198809504652070912
198809504710791169
198809505264451584
198809505595797504
198809505402863616
198809505428029441
198809505562247169
198809505692270592
198809505604186114
198809506753413120
198809507604873216
198809507663581187
198809508103995393
198809507680370688
198809508464705537
198809508707962880
198809508670218240
198809508858961921
198809508934467584
198809508376608769
198809509060292609
198809508393398272
198809508712157184
198809509681045504
198809508481470464
198809509668454401
198809509702025216
198809509542637568
198809509211275264
198809510037557248
198809509949480961
198809510729617408
198809509416812544
198809511744634880
198809511824326656
198809511774011392
198809511258099712
198809511249711104
198809512512196608
198809510184366080
198809510188552193
198809512990351362
198809513149730817
198809513548189697
198809513523019777
198809514085068802
198809514059890689
198809514361896961
198809514768736259
198809514793910272
198809514424795136
198809514508693505
198809514957475841
198809515523715072
198809515574042625
198809514680664064
198809515662118912
198809515683090432
198809515192365057
198809515557269505
198809516446453761
198809516668751872
198809517218217984
198809518027710464
198809520028401664
198809520191967233
198809520179384320
198809517125943296
198809520636563456
198809520548491264
198809520363941888
198809521202790400
198809520804335618
198809521290887169
198809521009852416
198809521320247296
198809521659981824
198809521211183105
198809521664176128
198809521890660352
198809522083602436
198809522230403072
198809522066829312
198809521861304320
198809521873891329
198809521110532096
198809522972803072
198809522976997377
198809522683387904
198809523350290432
198809518833008640
198809523534823425
198809523694215169
198809523987808258
198809524314972160
198809524696653825
198809524465971202
198809524818284544
198809524373696512
198809525569073152
198809525665538049
198809525611016192
198809526651191296
198809527255183361
198809527343251456
198809527498448898
198809527632662528
198809528345702403
